,amp_mean,average rdsym,oscillating_amp,oscillating_amp_time,period,ptsym_time,rdsym_time,sample,sample_lastE,sample_nextE,sample_zeroxD,sample_zeroxR,subject,trough_sharp,trough_time,trough_volt,whole_decay_time,whole_rise_time,whole_rise_volt
0,521.0301230718821,0.5384615384615384,True,False,50,-23,32,10374,10333,10383,10344,10376,bp,185.75,32,1028.0,41,9,1348.0
1,231.28686553286798,0.5384615384615384,True,False,33,-3,-15,10392,10383,10416,10385,10412,bp,45.839285714285715,27,1639.0,9,24,1472.0
2,694.6921966180532,0.5384615384615384,False,False,67,-9,-15,10442,10416,10483,10436,10470,bp,126.32142857142857,34,703.0,26,41,2528.0
3,434.01994517221056,0.5384615384615384,False,False,50,-15,0,10508,10483,10533,10495,10527,bp,37.844129554655865,32,2442.0,25,25,2343.0
4,413.54855670042997,0.5384615384615384,False,False,33,8,17,10558,10533,10566,10544,10560,bp,169.0,16,1946.0,25,8,990.0
5,404.7582829033868,0.5384615384615384,False,False,66,-7,18,10608,10566,10632,10584,10620,bp,56.58333333333333,36,206.0,42,24,1792.0
6,149.43811103831794,0.5384615384615384,True,False,38,5,6,10654,10632,10670,10649,10661,bp,129.11428571428573,12,629.0,22,16,1464.0
7,818.324504411481,0.5384615384615384,False,False,46,-11,-2,10692,10670,10716,10678,10708,bp,55.375,30,153.0,22,24,2322.0
8,335.01346770450834,0.5384615384615384,False,False,49,-8,3,10742,10716,10765,10727,10752,bp,51.05,25,1508.0,26,23,1430.0
9,379.09895640524365,0.5384615384615384,True,True,50,6,-32,10774,10765,10815,10769,10792,bp,135.46111111111108,23,1027.0,9,41,1146.0
10,533.0499605490875,0.5384615384615384,True,True,52,0,-32,10825,10815,10867,10821,10854,bp,175.57327586206898,33,112.0,10,42,2341.0
11,753.4678315560277,0.5384615384615384,True,False,48,-10,20,10901,10867,10915,10887,10908,bp,111.75,21,-927.0,34,14,1910.0
12,275.42152927770337,0.5384615384615384,True,False,50,12,-18,10931,10915,10965,10919,10938,bp,104.09523809523809,19,-640.0,16,34,2093.0
13,602.4713090782724,0.5384615384615384,True,True,34,-4,12,10988,10965,10999,10969,10993,bp,103.34210526315788,24,-53.0,23,11,1761.0
14,1048.5759799721409,0.5384615384615384,True,True,51,-15,13,11031,10999,11050,11013,11043,bp,94.38888888888887,30,-108.0,32,19,2796.0
15,657.3237801040615,0.5384615384615384,False,False,32,16,8,11070,11050,11082,11058,11077,bp,87.94047619047619,19,304.0,20,12,1202.0
16,506.9265600265407,0.5384615384615384,False,False,101,-5,17,11141,11082,11183,11112,11153,bp,78.9942528735632,41,-1497.0,59,42,2602.0
17,121.36729874076572,0.5384615384615384,True,False,32,3,-14,11192,11183,11215,11189,11203,bp,195.25757575757572,14,-334.0,9,23,1535.0
18,869.4986645441937,0.5384615384615384,True,True,51,-1,3,11242,11215,11266,11220,11249,bp,117.77272727272728,29,-915.0,27,24,2726.0
19,886.6250627038776,0.5384615384615384,True,True,48,8,2,11291,11266,11314,11277,11294,bp,170.26190476190476,17,-1101.0,25,23,1776.0
20,230.78560797855098,0.5384615384615384,False,False,35,21,-15,11324,11314,11349,11319,11329,bp,165.2,10,-363.0,10,25,2250.0
21,470.66464178902726,0.5384615384615384,True,False,84,-31,-12,10369,10333,10417,10343,10401,bp,29.36298076923077,58,2302.0,36,48,2155.0
22,550.0069441989157,0.5384615384615384,True,False,48,-20,-2,10440,10417,10465,10428,10459,bp,73.40570175438597,31,2349.0,23,25,2192.0
23,861.9727250247606,0.5384615384615384,True,True,34,-1,-12,10476,10465,10499,10470,10488,bp,205.20833333333331,18,2200.0,11,23,4617.0
24,1309.6812344515795,0.5384615384615384,True,True,50,-16,0,10524,10499,10549,10505,10536,bp,121.4144736842105,31,3234.0,25,25,2377.0
25,337.01202633234664,0.5384615384615384,True,True,35,-14,-19,10557,10549,10584,10551,10577,bp,89.71666666666668,26,4247.0,8,27,1203.0
26,510.11478955127717,0.5384615384615384,True,False,32,0,-6,10597,10584,10616,10589,10612,bp,116.84583333333332,23,3095.0,13,19,1834.0
27,748.9621189501038,0.5384615384615384,True,False,87,-24,19,10669,10616,10703,10635,10687,bp,62.23366013071897,52,2559.0,53,34,4258.0
28,811.0573576821864,0.5384615384615384,False,False,63,16,-19,10725,10703,10766,10715,10746,bp,127.08571428571429,31,3570.0,22,41,1897.0
29,565.0412232433148,0.5384615384615384,False,False,99,-39,19,10825,10766,10865,10793,10850,bp,66.371875,57,1307.0,59,40,3298.0
30,289.08925595234496,0.5384615384615384,True,False,34,7,-14,10875,10865,10899,10868,10887,bp,160.53571428571428,19,2432.0,10,24,1733.0
31,1089.4383404295963,0.5384615384615384,True,True,51,6,1,10925,10899,10950,10913,10934,bp,121.04166666666666,21,1719.0,26,25,3351.0
32,726.7516222373724,0.5384615384615384,True,True,49,-6,25,10987,10950,10999,10961,10994,bp,86.5989010989011,33,2406.0,37,12,1705.0
33,711.0109187918747,0.5384615384615384,True,True,67,-11,17,11041,10999,11066,11021,11052,bp,99.57954545454544,31,1377.0,42,25,2501.0
34,719.4506853848949,0.5384615384615384,True,True,50,-5,0,11091,11066,11116,11072,11103,bp,66.1469298245614,31,2087.0,25,25,2381.0
35,969.0381274795061,0.5384615384615384,True,False,51,-13,31,11157,11116,11167,11129,11162,bp,142.41785714285714,33,1661.0,41,10,2550.0
36,904.0634424061801,0.5384615384615384,True,True,49,2,-1,11191,11167,11216,11182,11202,bp,154.96464646464648,20,885.0,24,25,2611.0
37,1379.4577458204974,0.5384615384615384,False,False,66,21,-16,11241,11216,11282,11224,11248,bp,176.52521008403357,24,-711.0,25,41,3337.0
38,656.6132460546427,0.5384615384615384,False,False,50,7,2,11308,11282,11332,11293,11327,bp,23.485964912280703,34,1145.0,26,24,1834.0
39,1315.3584909841784,-2.72972972972973,False,False,55,8,-7,14290,14266,14321,14278,14301,bp,125.96969696969695,23,-961.0,24,31,2158.0
40,464.29395438129797,-2.72972972972973,False,False,41,26,-3,14340,14321,14362,14332,14346,bp,96.70833333333334,14,261.0,19,22,1653.0
41,384.9092446103588,-2.72972972972973,True,False,103,-24,7,14417,14362,14465,14386,14447,bp,35.825806451612905,61,-477.0,55,48,1970.0
42,524.7260899756881,-2.72972972972973,True,False,50,-5,12,14496,14465,14515,14484,14508,bp,76.58333333333334,24,-998.0,31,19,1261.0
43,287.0700624756622,-2.72972972972973,True,True,67,13,-17,14540,14515,14582,14527,14557,bp,46.74660633484163,30,-926.0,25,42,1984.0
44,266.452921810584,-2.72972972972973,False,False,36,5,16,14608,14582,14618,14600,14612,bp,159.8125,12,-1657.0,26,10,1274.0
45,1160.5676932042295,-2.72972972972973,False,False,47,18,-9,14637,14618,14665,14629,14646,bp,199.52777777777774,17,-2951.0,19,28,4744.0
46,1848.2304462117895,-2.72972972972973,True,True,50,17,0,14690,14665,14715,14681,14696,bp,264.52777777777777,15,-2047.0,25,25,4358.0
47,1684.6201649944546,-2.72972972972973,True,True,50,14,-6,14737,14715,14765,14728,14744,bp,229.2936507936508,16,-2300.0,22,28,2871.0
48,1791.1317463343198,-2.72972972972973,True,True,50,7,-10,14785,14765,14815,14774,14793,bp,209.3636363636364,19,-3679.0,20,30,4134.0
49,1194.77208671854,-2.72972972972973,True,False,50,7,-32,14824,14815,14865,14819,14846,bp,144.22727272727272,27,-1754.0,9,41,2962.0
50,1316.547774146399,-2.72972972972973,True,False,66,7,-14,14891,14865,14931,14880,14904,bp,158.70979020979019,24,-2452.0,26,40,3919.0
51,2026.9408398506039,-2.72972972972973,True,False,35,7,-5,14946,14931,14966,14935,14958,bp,195.70454545454544,23,-2224.0,15,20,4955.0
52,1268.3819877559442,-2.72972972972973,False,False,66,21,16,15007,14966,15032,14988,15013,bp,144.13157894736844,25,-2018.0,41,25,1917.0
53,713.7166815775612,-2.72972972972973,True,False,66,-8,16,15073,15032,15098,15059,15085,bp,117.89285714285714,26,-2591.0,41,25,2472.0
54,329.49515137590095,-2.72972972972973,True,False,34,39,-14,15108,15098,15132,15103,15113,bp,173.39999999999995,10,-1762.0,10,24,2384.0
55,466.2015904643551,-2.72972972972973,True,False,50,3,32,15173,15132,15182,15162,15177,bp,150.0340909090909,15,-1724.0,41,9,1993.0
56,603.4657946985998,-2.72972972972973,True,True,54,-1,0,15209,15182,15236,15195,15224,bp,66.53333333333333,29,-1416.0,27,27,1648.0
57,668.8465207630377,-2.72972972972973,True,True,46,-2,-2,15258,15236,15282,15252,15270,bp,110.625,18,-2033.0,22,24,1496.0
58,222.89315667541413,-2.72972972972973,False,False,31,0,1,14294,14278,14309,14289,14304,bp,92.35,15,1245.0,16,15,1696.0
59,483.223728756591,-2.72972972972973,True,False,45,28,-15,14324,14309,14354,14319,14329,bp,282.1,10,881.0,15,30,3552.0
60,891.1178392035819,-2.72972972972973,True,True,62,-26,14,14392,14354,14416,14367,14411,bp,56.26631578947368,44,2380.0,38,24,3118.0
61,1869.6810534808767,-2.72972972972973,True,True,50,-5,-2,14440,14416,14466,14429,14459,bp,162.83971291866033,30,260.0,24,26,3188.0
62,770.2436790834416,-2.72972972972973,True,True,61,3,-11,14491,14466,14527,14484,14507,bp,196.86160714285717,23,-235.0,25,36,2579.0
63,1159.9724743117845,-2.72972972972973,True,True,44,13,-18,14540,14527,14571,14533,14554,bp,184.35714285714286,21,-767.0,13,31,3248.0
64,983.9161151655467,-2.72972972972973,True,True,64,9,-2,14602,14571,14635,14588,14609,bp,146.89285714285714,21,-808.0,31,33,2318.0
65,597.6590509004917,-2.72972972972973,False,False,43,-4,-21,14646,14635,14678,14639,14663,bp,78.40336134453781,24,338.0,11,32,2642.0
66,956.1106824225667,-2.72972972972973,True,True,38,-3,-12,14691,14678,14716,14683,14709,bp,100.03472222222223,26,887.0,13,25,2347.0
67,190.76529701706212,-2.72972972972973,False,False,63,-22,21,14758,14716,14779,14732,14769,bp,38.346153846153854,37,651.0,42,21,1052.0
68,613.6174986202436,-2.72972972972973,False,False,36,11,18,14806,14779,14815,14784,14810,bp,126.23863636363636,26,-770.0,27,9,1923.0
69,582.459985544083,-2.72972972972973,True,False,116,-3,4,14875,14815,14931,14847,14894,bp,70.03853383458647,47,-1282.0,60,56,3815.0
70,1324.1316545151258,-2.72972972972973,True,False,51,21,-11,14951,14931,14982,14938,14958,bp,142.6868131868132,20,-150.0,20,31,2447.0
71,1023.4387599414923,-2.72972972972973,True,False,67,-10,-15,15008,14982,15049,14999,15034,bp,142.14529914529916,35,-1626.0,26,41,2489.0
72,960.0091037109115,-2.72972972972973,True,False,39,2,5,15071,15049,15088,15059,15078,bp,147.05952380952382,19,-2069.0,22,17,2361.0
73,976.6671352133001,-2.72972972972973,True,False,59,4,-19,15108,15088,15147,15099,15126,bp,95.47222222222223,27,-1544.0,20,39,2381.0
74,688.3545510684042,-2.72972972972973,True,False,69,-5,-13,15175,15147,15216,15157,15192,bp,72.58333333333334,35,-2077.0,28,41,2701.0
75,602.6210644307934,-2.72972972972973,True,False,33,22,-5,15230,15216,15249,15222,15234,bp,186.9375,12,-1486.0,14,19,1964.0
76,1927.9896300147198,1.1714285714285715,True,True,63,21,27,18226,18181,18244,18202,18231,bp,223.20416666666665,29,596.0,45,18,3394.0
77,2055.455835409296,1.1714285714285715,True,True,85,-6,13,18293,18244,18329,18281,18318,bp,140.04333333333332,37,664.0,49,36,5576.0
78,1090.619644526054,1.1714285714285715,False,False,102,-6,10,18385,18329,18431,18349,18401,bp,122.23263888888887,52,-822.0,56,46,2947.0
79,428.00000741805087,1.1714285714285715,False,False,34,13,16,18456,18431,18465,18447,18459,bp,152.77777777777774,12,-305.0,25,9,1261.0
80,996.358180512296,1.1714285714285715,False,False,45,21,7,18491,18465,18510,18484,18495,bp,340.2857142857143,11,-3049.0,26,19,2904.0
81,616.3928907698019,1.1714285714285715,True,True,38,0,20,18539,18510,18548,18527,18544,bp,75.68333333333331,17,-1782.0,29,9,1822.0
82,334.981645365294,1.1714285714285715,False,False,33,-1,23,18576,18548,18581,18561,18578,bp,109.53333333333332,17,-1758.0,28,5,661.0
83,445.0653685007026,1.1714285714285715,False,False,68,21,-16,18607,18581,18649,18594,18628,bp,117.90476190476191,34,-3328.0,26,42,4023.0
84,677.1946853087761,1.1714285714285715,True,True,82,-11,34,18707,18649,18731,18683,18723,bp,49.65625,40,-2150.0,58,24,3083.0
85,1806.2684008875635,1.1714285714285715,False,False,83,-3,-7,18769,18731,18814,18752,18786,bp,143.67647058823533,34,-4466.0,38,45,4021.0
86,450.07606028120034,1.1714285714285715,False,False,51,16,-31,18824,18814,18865,18817,18842,bp,77.10714285714286,25,-1868.0,10,41,1277.0
87,223.31438396658098,1.1714285714285715,True,False,33,7,17,18890,18865,18898,18883,18894,bp,158.71428571428572,11,-2385.0,25,8,1774.0
88,552.9823342374416,1.1714285714285715,True,True,51,5,-1,18923,18898,18949,18912,18929,bp,122.55303030303033,17,-2985.0,25,26,2033.0
89,134.41970580004568,1.1714285714285715,True,True,33,-2,-19,18956,18949,18982,18951,18970,bp,112.95714285714287,19,-2227.0,7,26,1267.0
90,353.20382982485944,1.1714285714285715,False,False,54,-14,-4,19007,18982,19036,18987,19019,bp,66.55833333333334,32,-2005.0,25,29,1830.0
91,94.26127023343635,1.1714285714285715,False,False,45,29,-33,19042,19036,19081,19037,19058,bp,38.65625,21,-486.0,6,39,859.0
92,658.2107341010319,1.1714285714285715,False,False,84,-5,34,19140,19081,19165,19108,19150,bp,79.54375,42,-2948.0,59,25,2339.0
93,1085.526252227708,1.1714285714285715,True,True,71,-5,-9,18211,18180,18251,18190,18230,bp,92.90852130325813,40,1725.0,31,40,2543.0
94,910.3441527922224,1.1714285714285715,True,False,107,13,-57,18276,18251,18358,18265,18309,bp,122.24242424242424,44,907.0,25,82,5076.0
95,2107.249600744652,1.1714285714285715,True,False,52,9,-8,18380,18358,18410,18366,18390,bp,173.32142857142856,24,851.0,22,30,3406.0
96,2265.779466977441,1.1714285714285715,True,True,50,9,-2,18434,18410,18460,18423,18448,bp,199.49350649350646,25,-669.0,24,26,5032.0
97,1923.0545738805747,1.1714285714285715,True,True,56,-13,6,18491,18460,18516,18482,18508,bp,239.10130718954247,26,-1819.0,31,25,4603.0
98,728.3039933418958,1.1714285714285715,False,False,52,-2,0,18542,18516,18568,18521,18550,bp,67.44047619047619,29,332.0,26,26,1315.0
99,385.702452626634,1.1714285714285715,False,False,30,11,12,18589,18568,18598,18577,18592,bp,138.16666666666666,15,-1031.0,21,9,1273.0
100,722.2765750168743,1.1714285714285715,True,False,83,30,-33,18623,18598,18681,18618,18642,bp,165.59473684210525,24,-2061.0,25,58,3605.0
101,1417.1343628159975,1.1714285714285715,True,True,66,3,-14,18707,18681,18747,18696,18727,bp,144.6409090909091,31,-2153.0,26,40,5021.0
102,1635.463457034467,1.1714285714285715,False,False,47,5,5,18773,18747,18794,18761,18778,bp,160.4,17,-1970.0,26,21,1142.0
103,705.3816827445979,1.1714285714285715,False,False,38,-12,-10,18808,18794,18832,18800,18825,bp,61.25,25,-1166.0,14,24,3215.0
104,974.179538301712,1.1714285714285715,True,False,50,21,-2,18856,18832,18882,18838,18867,bp,83.14141414141416,29,30.0,24,26,2260.0
105,546.531246912921,1.1714285714285715,True,False,100,-17,48,18956,18882,18982,18917,18960,bp,164.30448717948718,43,-1387.0,74,26,2771.0
106,687.8954684771422,1.1714285714285715,True,False,46,-9,4,19007,18982,19028,18986,19014,bp,85.52380952380952,28,-629.0,25,21,1598.0
107,783.0916136103324,1.1714285714285715,True,True,37,-9,-13,19040,19028,19065,19033,19058,bp,121.69444444444444,25,-1078.0,12,25,2209.0
108,784.2452058345317,1.1714285714285715,True,True,35,-7,15,19090,19065,19100,19074,19095,bp,121.23125,21,-1682.0,25,10,2046.0
109,504.8505574828982,1.1714285714285715,False,False,38,-6,8,19123,19100,19138,19109,19132,bp,84.1388888888889,23,-784.0,23,15,2169.0
110,363.74349734280503,1.1714285714285715,False,False,33,8,1,19155,19138,19171,19149,19162,bp,131.64285714285714,13,521.0,17,16,2483.0
111,525.5639208845333,2.8529411764705883,False,False,98,-26,10,22369,22315,22413,22332,22390,bp,63.97619047619048,58,742.0,54,44,3754.0
112,651.3267687202223,2.8529411764705883,False,False,34,16,10,22435,22413,22447,22422,22442,bp,58.34065934065934,20,2894.0,22,12,1785.0
113,1203.3101739031952,2.8529411764705883,False,False,98,3,20,22506,22447,22545,22478,22512,bp,134.57142857142856,34,-362.0,59,39,2772.0
114,1132.6484068299926,2.8529411764705883,True,False,47,31,-25,22556,22545,22592,22549,22575,bp,131.1390977443609,26,324.0,11,36,3170.0
115,696.0664769203149,2.8529411764705883,False,False,73,-5,55,22656,22592,22665,22632,22660,bp,109.52083333333334,28,142.0,64,9,1500.0
116,841.9906666395874,2.8529411764705883,False,False,83,18,-25,22694,22665,22748,22683,22718,bp,76.89015151515152,35,-144.0,29,54,3931.0
117,1231.082449398264,2.8529411764705883,True,True,66,22,16,22789,22748,22814,22771,22800,bp,143.16161616161617,29,-25.0,41,25,3041.0
118,912.0433849471933,2.8529411764705883,True,True,96,-5,20,22872,22814,22910,22851,22891,bp,64.67543859649122,40,200.0,58,38,2299.0
119,1012.0051198182016,2.8529411764705883,True,True,71,-3,13,22952,22910,22981,22926,22961,bp,113.72008547008545,35,-829.0,42,29,2800.0
120,310.662177689335,2.8529411764705883,True,True,50,-25,-2,23005,22981,23031,22993,23027,bp,49.72727272727273,34,409.0,24,26,1821.0
121,930.6696915811168,2.8529411764705883,True,True,66,8,-18,23055,23031,23097,23036,23072,bp,82.0,36,-193.0,24,42,3466.0
122,1866.1489492642067,2.8529411764705883,True,True,53,7,5,23126,23097,23150,23116,23138,bp,163.20833333333331,22,-329.0,29,24,3604.0
123,1773.0847000772271,2.8529411764705883,True,True,81,-13,-1,23190,23150,23231,23167,23209,bp,154.22196796338673,42,-2767.0,40,41,6898.0
124,1534.964662851115,2.8529411764705883,False,False,49,5,3,23257,23231,23280,23238,23261,bp,147.4013157894737,23,441.0,26,23,1702.0
125,245.94876909453203,2.8529411764705883,True,False,34,-12,18,23306,23280,23314,23289,23309,bp,120.81372549019608,20,577.0,26,8,1572.0
126,812.9328663156081,2.8529411764705883,False,False,84,6,36,22357,22297,22381,22342,22367,bp,94.1,25,-1845.0,60,24,1622.0
127,447.8610675338344,2.8529411764705883,False,False,66,-10,18,22423,22381,22447,22398,22430,bp,138.43142857142857,32,-1610.0,42,24,3666.0
128,1360.0902952976962,2.8529411764705883,False,False,50,26,-26,22459,22447,22497,22452,22475,bp,154.09375,23,-1262.0,12,38,2030.0
129,1103.5058367747079,2.8529411764705883,False,False,81,6,3,22539,22497,22578,22524,22556,bp,123.00784313725491,32,-3393.0,42,39,3752.0
130,661.8255522228874,2.8529411764705883,False,False,40,-5,14,22605,22578,22618,22594,22610,bp,185.5181818181818,16,-1192.0,27,13,3259.0
131,257.2161856899049,2.8529411764705883,False,False,29,10,-11,22627,22618,22647,22621,22639,bp,116.25,18,365.0,9,20,1498.0
132,771.2437768317183,2.8529411764705883,False,False,49,-7,35,22689,22647,22696,22667,22691,bp,116.36363636363636,24,-1226.0,42,7,984.0
133,427.3649316384437,2.8529411764705883,True,True,34,-6,8,22717,22696,22730,22708,22725,bp,128.22916666666666,17,-1835.0,21,13,2693.0
134,277.03322134473564,2.8529411764705883,True,False,35,15,-13,22741,22730,22765,22736,22750,bp,173.88888888888889,14,-1490.0,11,24,2157.0
135,901.6671579380162,2.8529411764705883,True,False,82,24,-46,22783,22765,22847,22779,22810,bp,164.53703703703704,31,-1348.0,18,64,3234.0
136,2211.2031301788224,2.8529411764705883,True,True,50,21,2,22873,22847,22897,22865,22879,bp,332.39583333333337,14,-3040.0,26,24,5046.0
137,1608.05373302444,2.8529411764705883,True,False,66,-17,18,22939,22897,22963,22914,22951,bp,139.19666666666666,37,-2969.0,42,24,4070.0
138,568.7857052673396,2.8529411764705883,True,False,35,9,-5,22978,22963,22998,22971,22986,bp,112.94642857142857,15,-1068.0,15,20,1435.0
139,824.9752227686688,2.8529411764705883,True,False,66,-5,-18,23022,22998,23064,23010,23043,bp,82.85714285714286,33,-1652.0,24,42,3325.0
140,1592.078662886333,2.8529411764705883,True,True,49,8,1,23089,23064,23113,23071,23094,bp,230.15,23,-2554.0,25,24,3610.0
141,694.5208923086419,2.8529411764705883,True,True,51,-4,-1,23138,23113,23164,23125,23150,bp,112.48397435897436,25,-970.0,25,26,2356.0
142,1093.3296877852276,2.8529411764705883,True,True,67,-22,-17,23189,23164,23231,23171,23215,bp,98.74572649572652,44,-1490.0,25,42,4653.0
143,1729.6432018279274,2.8529411764705883,False,False,50,-1,-10,23251,23231,23281,23237,23266,bp,198.15714285714282,29,-1379.0,20,30,4114.0
144,113.17312554127554,2.8529411764705883,False,False,32,7,10,23302,23281,23313,23294,23307,bp,108.2,13,875.0,21,11,1307.0
145,733.2669949863202,2.41025641025641,True,True,36,20,-8,26472,26458,26494,26466,26477,bp,227.23333333333332,11,7.0,14,22,2375.0
146,640.4659228830267,2.41025641025641,False,False,72,-4,-6,26527,26494,26566,26508,26541,bp,57.05639097744361,33,-2043.0,33,39,1291.0
147,621.9134304859258,2.41025641025641,True,False,31,-10,7,26585,26566,26597,26570,26591,bp,125.38333333333333,21,-2909.0,19,12,2522.0
148,737.9729878743823,2.41025641025641,False,False,71,-1,-21,26622,26597,26668,26602,26639,bp,86.33970588235294,37,-2796.0,25,46,3956.0
149,847.9500441101458,2.41025641025641,False,False,35,5,-1,26685,26668,26703,26675,26694,bp,91.23888888888888,19,-726.0,17,18,1453.0
150,1421.2314732411592,2.41025641025641,False,False,44,-12,18,26734,26703,26747,26718,26742,bp,133.375,24,-3254.0,31,13,2465.0
151,335.87338169088963,2.41025641025641,True,False,33,4,15,26771,26747,26780,26754,26774,bp,123.29411764705885,20,-2531.0,24,9,1486.0
152,252.404223212322,2.41025641025641,True,False,66,-6,20,26823,26780,26846,26798,26831,bp,92.4075,33,-2859.0,43,23,2168.0
153,1315.0691020891409,2.41025641025641,True,True,47,3,3,26871,26846,26893,26858,26877,bp,176.6089743589744,19,-3541.0,25,22,3596.0
154,629.0264391470265,2.41025641025641,True,False,37,-18,-13,26905,26893,26930,26899,26926,bp,132.58333333333334,27,-2518.0,12,25,2377.0
155,379.71965584698165,2.41025641025641,True,False,67,-26,-25,26951,26930,26997,26935,26985,bp,51.501838235294116,50,-2313.0,21,46,2223.0
156,608.9591027431113,2.41025641025641,True,True,49,-15,5,27024,26997,27046,27009,27040,bp,55.00625,31,-1605.0,27,22,2403.0
157,288.4301985222925,2.41025641025641,True,True,51,-6,3,27073,27046,27097,27056,27085,bp,-1.2892156862745097,29,-606.0,27,24,1614.0
158,623.843516420319,2.41025641025641,True,True,49,4,-5,27119,27097,27146,27108,27131,bp,83.78787878787878,23,-1237.0,22,27,1938.0
159,829.9246695525552,2.41025641025641,True,True,51,-2,-1,27171,27146,27197,27158,27184,bp,110.03846153846152,26,-2501.0,25,26,2254.0
160,263.30450115770543,2.41025641025641,True,True,49,13,-1,27221,27197,27246,27208,27228,bp,63.324175824175825,20,-1763.0,24,25,1494.0
161,263.1854599312249,2.41025641025641,True,False,34,8,18,27272,27246,27280,27261,27274,bp,225.5,13,-1832.0,26,8,1663.0
162,625.0032012137666,2.41025641025641,True,False,66,-8,-4,27311,27280,27346,27295,27328,bp,63.73897058823529,33,-1682.0,31,35,1941.0
163,340.03617470828664,2.41025641025641,True,True,51,-24,9,27376,27346,27397,27353,27393,bp,45.39002557544757,40,-1758.0,30,21,1703.0
164,274.8653341978012,2.41025641025641,True,True,50,10,4,27424,27397,27447,27409,27429,bp,124.46666666666668,20,-1360.0,27,23,2397.0
165,1195.6186809128958,2.41025641025641,True,False,67,-6,21,26457,26413,26480,26441,26469,bp,125.16666666666669,28,1315.0,44,23,3406.0
166,524.2804852118273,2.41025641025641,False,False,48,-13,12,26510,26480,26528,26491,26518,bp,27.677631578947373,27,1863.0,30,18,854.0
167,926.7275224349174,2.41025641025641,False,False,68,13,-46,26539,26528,26596,26532,26567,bp,173.375,35,-34.0,11,57,3299.0
168,426.8773236926062,2.41025641025641,False,False,67,-2,17,26638,26596,26663,26615,26641,bp,192.5289855072464,26,494.0,42,25,2482.0
169,279.19682084511777,2.41025641025641,False,False,34,-11,12,26686,26663,26697,26665,26695,bp,29.67460317460317,30,1945.0,23,11,514.0
170,1160.0129233597545,2.41025641025641,False,False,66,13,10,26735,26697,26763,26714,26743,bp,126.93154761904762,29,-233.0,38,28,3343.0
171,876.5164341667595,2.41025641025641,True,True,81,-21,5,26806,26763,26844,26785,26828,bp,60.01839826839827,43,-480.0,43,38,3220.0
172,728.4086420945413,2.41025641025641,True,False,69,-25,21,26889,26844,26913,26850,26895,bp,101.54487179487178,45,-1138.0,45,24,2013.0
173,417.6058401496154,2.41025641025641,True,False,35,-2,-15,26923,26913,26948,26915,26935,bp,60.16666666666667,20,-157.0,10,25,1849.0
174,631.8403008200041,2.41025641025641,False,False,49,1,-33,26956,26948,26997,26953,26979,bp,155.20289855072463,26,391.0,8,41,3060.0
175,914.0442928526696,2.41025641025641,False,False,40,4,12,27023,26997,27037,27006,27025,bp,75.42647058823529,19,241.0,26,14,413.0
176,267.3824709972871,2.41025641025641,True,False,27,9,9,27055,27037,27064,27048,27060,bp,100.81428571428572,12,-128.0,18,9,1389.0
177,217.94897409605738,2.41025641025641,True,False,50,-22,22,27100,27064,27114,27081,27111,bp,41.51913875598086,30,26.0,36,14,1324.0
178,1074.6263169170709,2.41025641025641,True,False,34,3,8,27135,27114,27148,27119,27142,bp,142.51339285714286,23,-516.0,21,13,3142.0
179,582.0425569358081,2.41025641025641,True,False,101,-32,15,27206,27148,27249,27168,27232,bp,67.18218623481782,64,-850.0,58,43,3129.0
180,930.8483132976904,2.41025641025641,True,False,47,6,-1,27272,27249,27296,27264,27282,bp,173.1125,18,-1080.0,23,24,2023.0
181,867.1671370626707,2.41025641025641,True,True,49,-2,3,27322,27296,27345,27306,27332,bp,95.4375,26,-868.0,26,23,3128.0
182,741.4198254744426,2.41025641025641,True,False,36,5,20,27373,27345,27381,27356,27376,bp,170.50980392156862,20,-735.0,28,8,2300.0
183,317.22950928973273,2.41025641025641,True,False,65,18,-15,27406,27381,27446,27401,27418,bp,150.61666666666667,17,-102.0,25,40,3159.0
184,4251.380246441407,-3.4285714285714284,True,True,71,25,-13,30440,30411,30482,30428,30451,bp,369.49242424242425,23,-4192.0,29,42,7652.0
185,1420.041628280344,-3.4285714285714284,True,True,80,7,-24,30510,30482,30562,30499,30544,bp,135.09893048128342,45,-785.0,28,52,4495.0
186,2198.62279640687,-3.4285714285714284,True,False,85,1,25,30617,30562,30647,30596,30626,bp,207.88888888888889,30,-1791.0,55,30,5229.0
187,1639.7705176203028,-3.4285714285714284,False,False,49,-7,-1,30671,30647,30696,30657,30683,bp,120.91071428571428,26,-270.0,24,25,2667.0
188,567.263558511624,-3.4285714285714284,False,False,46,-3,-28,30705,30696,30742,30702,30728,bp,112.56521739130434,26,1284.0,9,37,2139.0
189,1905.768338217604,-3.4285714285714284,False,False,72,8,-22,30767,30742,30814,30751,30789,bp,130.14204545454544,38,-1673.0,25,47,4445.0
190,792.1683448795973,-3.4285714285714284,False,False,63,-24,19,30855,30814,30877,30835,30872,bp,44.68823529411765,37,795.0,41,22,1447.0
191,246.9406361994174,-3.4285714285714284,False,False,35,-9,7,30898,30877,30912,30885,30907,bp,60.286324786324776,22,785.0,21,14,1073.0
192,1228.8216688798652,-3.4285714285714284,False,False,50,9,0,30937,30912,30962,30920,30946,bp,131.6830065359477,26,-679.0,25,25,3414.0
193,488.2579060881675,-3.4285714285714284,False,False,64,-19,16,31002,30962,31026,30981,31016,bp,33.83333333333333,35,1371.0,40,24,1008.0
194,2859.602663853788,-3.4285714285714284,False,False,55,20,-23,31042,31026,31081,31032,31056,bp,301.3714285714286,24,-3093.0,16,39,7558.0
195,3271.9483061896985,-3.4285714285714284,True,True,65,10,5,31116,31081,31146,31100,31128,bp,236.8958333333333,28,-2721.0,35,30,5617.0
196,1694.3457038712686,-3.4285714285714284,True,False,101,33,-17,31188,31146,31247,31166,31195,bp,198.0422077922078,29,-1994.0,42,59,4455.0
197,1256.5206896602265,-3.4285714285714284,False,False,49,3,-9,31267,31247,31296,31257,31276,bp,132.45555555555558,19,-382.0,20,29,2317.0
198,773.0759134455722,-3.4285714285714284,False,False,17,15,-9,31300,31296,31313,31298,31309,bp,91.25,11,1673.0,4,13,1923.0
199,2726.1317956886687,-3.4285714285714284,False,False,66,26,-8,31342,31313,31379,31335,31356,bp,268.1071428571429,21,-1654.0,29,37,4439.0
200,3651.857754239923,-3.4285714285714284,True,True,82,21,-12,31414,31379,31461,31403,31425,bp,337.77272727272725,22,-4505.0,35,47,7927.0
201,1760.025284031733,-3.4285714285714284,True,True,65,5,-11,30437,30410,30475,30425,30453,bp,144.82291666666669,28,-1723.0,27,38,3169.0
202,1045.5725531166877,-3.4285714285714284,True,False,54,-2,4,30504,30475,30529,30486,30510,bp,138.72222222222223,24,-1454.0,29,25,2405.0
203,714.8395852656461,-3.4285714285714284,True,True,33,4,-15,30538,30529,30562,30532,30549,bp,150.91666666666669,17,-990.0,9,24,2907.0
204,723.0676180013568,-3.4285714285714284,True,False,35,0,15,30587,30562,30597,30570,30593,bp,90.16666666666666,23,-512.0,25,10,1427.0
205,939.5997459052036,-3.4285714285714284,True,False,65,0,17,30638,30597,30662,30616,30641,bp,177.92424242424244,25,-1427.0,41,24,2422.0
206,803.2928053748434,-3.4285714285714284,True,False,33,5,-13,30672,30662,30695,30666,30680,bp,179.02083333333331,14,-1521.0,10,23,1758.0
207,657.4067740520247,-3.4285714285714284,True,False,34,10,-14,30705,30695,30729,30699,30721,bp,101.84375,22,-1237.0,10,24,2291.0
208,1042.0629987328819,-3.4285714285714284,True,False,83,-14,1,30771,30729,30812,30753,30793,bp,101.38131313131314,40,-2223.0,42,41,4858.0
209,1168.485757379334,-3.4285714285714284,False,False,47,-17,5,30838,30812,30859,30819,30851,bp,82.66396761133603,32,-1075.0,26,21,1422.0
210,391.7618779709896,-3.4285714285714284,True,False,36,24,-12,30871,30859,30895,30866,30883,bp,125.28333333333332,17,-1021.0,12,24,1945.0
211,585.0411917339961,-3.4285714285714284,True,False,82,8,4,30938,30895,30977,30924,30955,bp,94.89915966386556,31,-2053.0,43,39,2934.0
212,636.5391614004833,-3.4285714285714284,True,False,103,2,17,31037,30977,31080,30994,31044,bp,133.85714285714286,50,-1740.0,60,43,3702.0
213,1588.9603506233468,-3.4285714285714284,True,False,50,11,4,31107,31080,31130,31096,31123,bp,128.24147727272725,27,-1778.0,27,23,3100.0
214,608.7156526438407,-3.4285714285714284,True,True,70,7,14,31172,31130,31200,31161,31184,bp,88.11363636363637,23,-1416.0,42,28,1628.0
215,1039.7881834052791,-3.4285714285714284,False,False,61,-6,-17,31222,31200,31261,31214,31244,bp,123.88636363636364,30,-1639.0,22,39,4272.0
216,1658.6057601933312,-3.4285714285714284,True,False,67,25,-37,31276,31261,31328,31268,31289,bp,168.22115384615384,21,-1117.0,15,52,2663.0
217,643.5092761168115,-3.4285714285714284,True,False,34,-6,10,31350,31328,31362,31335,31357,bp,92.91428571428571,22,-578.0,22,12,1672.0
218,200.26046521172142,-3.4285714285714284,True,True,50,4,2,31388,31362,31412,31373,31400,bp,53.05,27,-191.0,26,24,1646.0
219,843.9981921642734,-3.2941176470588234,False,False,100,-23,50,34320,34245,34345,34277,34326,bp,146.42441860465115,49,-344.0,75,25,3374.0
220,1038.923246810993,-3.2941176470588234,True,False,51,-10,7,34374,34345,34396,34352,34388,bp,71.3051948051948,36,867.0,29,22,3120.0
221,1868.4770816829473,-3.2941176470588234,True,True,49,27,-1,34420,34396,34445,34414,34429,bp,326.52777777777777,15,-67.0,24,25,5277.0
222,223.1993452042619,-3.2941176470588234,False,False,84,-3,-2,34486,34445,34529,34471,34508,bp,60.35151515151514,37,2021.0,41,43,1587.0
223,275.93212171550994,-3.2941176470588234,True,False,61,-10,21,34570,34529,34590,34542,34575,bp,111.53571428571428,33,1107.0,41,20,1904.0
224,409.269801218876,-3.2941176470588234,True,True,38,14,-12,34603,34590,34628,34598,34608,bp,216.6,10,1246.0,13,25,2442.0
225,681.1776200321258,-3.2941176470588234,True,False,34,-4,14,34652,34628,34662,34632,34657,bp,102.85,25,1289.0,24,10,1591.0
226,1468.396610182836,-3.2941176470588234,True,False,65,10,-15,34687,34662,34727,34678,34701,bp,182.7936507936508,23,51.0,25,40,5592.0
227,1651.5879353041082,-3.2941176470588234,False,False,49,6,3,34753,34727,34776,34734,34760,bp,145.8721804511278,26,2696.0,26,23,3100.0
228,2031.7426082216305,-3.2941176470588234,False,False,55,-3,-1,34803,34776,34831,34792,34820,bp,196.63368983957216,28,-462.0,27,28,3973.0
229,2041.3491345097361,-3.2941176470588234,True,True,64,1,-18,34854,34831,34895,34845,34874,bp,171.85277777777776,29,203.0,23,41,6094.0
230,1906.9037004032157,-3.2941176470588234,False,False,66,12,-16,34920,34895,34961,34904,34928,bp,166.53125,24,766.0,25,41,2593.0
231,497.6646764467976,-3.2941176470588234,True,True,50,16,-30,34971,34961,35011,34964,34982,bp,124.22727272727272,18,1209.0,10,40,1894.0
232,1459.447421092362,-3.2941176470588234,True,True,50,9,-12,35030,35011,35061,35016,35036,bp,145.70238095238096,20,-72.0,19,31,2533.0
233,1326.8887778909072,-3.2941176470588234,False,False,50,0,-6,35083,35061,35111,35065,35096,bp,125.16452991452992,31,-1233.0,22,28,2876.0
234,464.2861815247789,-3.2941176470588234,False,False,70,-19,-28,35132,35111,35181,35127,35172,bp,66.5125,45,583.0,21,49,2290.0
235,959.1446147314067,-3.2941176470588234,True,True,48,9,-2,35204,35181,35229,35198,35218,bp,139.88095238095238,20,641.0,23,25,2312.0
236,1347.5387661389184,-3.2941176470588234,True,True,66,-5,6,35265,35229,35295,35247,35276,bp,103.65404040404042,29,-581.0,36,30,2537.0
237,903.2975365462544,-3.2941176470588234,True,True,49,9,-9,34349,34329,34378,34341,34358,bp,143.80555555555554,17,902.0,20,29,2155.0
238,1524.5917430419424,-3.2941176470588234,True,False,39,13,-11,34392,34378,34417,34384,34408,bp,119.34375,24,952.0,14,25,3313.0
239,458.707557292569,-3.2941176470588234,True,False,94,-9,12,34470,34417,34511,34445,34488,bp,59.74888888888889,43,734.0,53,41,2742.0
240,813.3580727095482,-3.2941176470588234,True,False,67,6,-15,34537,34511,34578,34522,34551,bp,113.95238095238096,29,97.0,26,41,3338.0
241,1108.4942579885244,-3.2941176470588234,True,False,33,11,-3,34593,34578,34611,34586,34604,bp,140.25974025974023,18,1249.0,15,18,3255.0
242,1597.9608161222345,-3.2941176470588234,True,False,71,15,13,34653,34611,34682,34633,34662,bp,168.09444444444443,29,264.0,42,29,4000.0
243,965.377397923629,-3.2941176470588234,False,False,80,3,-4,34720,34682,34762,34706,34743,bp,57.253105590062106,37,2113.0,38,42,3074.0
244,2373.354134490461,-3.2941176470588234,False,False,77,-14,9,34805,34762,34839,34783,34823,bp,184.3510101010101,40,-1358.0,43,34,7507.0
245,4323.836173952366,-3.2941176470588234,True,True,57,3,-9,34863,34839,34896,34849,34877,bp,330.5357142857143,28,-2248.0,24,33,8948.0
246,1977.0885355266853,-3.2941176470588234,False,False,54,-11,-6,34920,34896,34950,34908,34939,bp,161.9232456140351,31,652.0,24,30,2704.0
247,971.5133709644498,-3.2941176470588234,True,True,46,-10,-6,34970,34950,34996,34959,34990,bp,129.8840909090909,31,-412.0,20,26,3003.0
248,1650.8659574316073,-3.2941176470588234,True,True,55,0,-7,35020,34996,35051,35011,35037,bp,156.08496732026146,26,-549.0,24,31,4817.0
249,2136.292158309068,-3.2941176470588234,True,True,61,16,-23,35070,35051,35112,35063,35085,bp,288.54761904761904,22,-835.0,19,42,4765.0
250,1817.2816201602975,-3.2941176470588234,True,True,65,0,-15,35137,35112,35177,35123,35153,bp,172.00892857142856,30,-1663.0,25,40,4590.0
251,2208.1340513565865,-3.2941176470588234,True,True,52,14,-10,35198,35177,35229,35183,35209,bp,211.36666666666667,26,-1162.0,21,31,5784.0
252,2035.05596036154,-3.2941176470588234,True,True,50,10,14,35261,35229,35279,35249,35272,bp,176.25757575757575,23,-451.0,32,18,3693.0
253,1200.3933846301425,-1.125,True,False,84,-13,12,38142,38094,38178,38131,38171,bp,101.23510971786834,40,-1100.0,48,36,3044.0
254,1491.2446961176404,-1.125,True,False,67,-23,-17,38203,38178,38245,38198,38236,bp,213.15454545454543,38,-1679.0,25,42,3770.0
255,946.9096184258992,-1.125,True,False,39,1,9,38269,38245,38284,38251,38272,bp,185.41666666666669,21,-1113.0,24,15,1849.0
256,1724.0165330292373,-1.125,True,False,43,0,-7,38302,38284,38327,38294,38316,bp,174.76785714285714,22,-1854.0,18,25,4501.0
257,838.5721351253412,-1.125,True,False,68,-24,18,38370,38327,38395,38338,38381,bp,62.95028409090909,43,-527.0,43,25,1727.0
258,149.38218568548018,-1.125,True,False,32,20,-16,38403,38395,38427,38400,38410,bp,206.40476190476195,10,-46.0,8,24,2017.0
259,912.4110940115497,-1.125,True,False,35,23,15,38452,38427,38462,38440,38456,bp,134.70833333333334,16,444.0,25,10,2149.0
260,1023.3123634243424,-1.125,True,False,81,-4,33,38519,38462,38543,38495,38533,bp,98.6845238095238,38,-1698.0,57,24,2923.0
261,1632.0807444705713,-1.125,True,False,84,17,-6,38582,38543,38627,38567,38598,bp,133.48333333333335,31,-2374.0,39,45,4775.0
262,1780.5377338993897,-1.125,True,False,50,13,12,38658,38627,38677,38646,38670,bp,137.83333333333334,24,-1248.0,31,19,3311.0
263,733.8157129743852,-1.125,True,False,101,-28,-17,38719,38677,38778,38707,38760,bp,104.52134146341464,53,-1585.0,42,59,5848.0
264,1564.6854866568158,-1.125,True,True,65,0,-17,38802,38778,38843,38785,38824,bp,96.88770053475938,39,776.0,24,41,3113.0
265,2117.5485800495253,-1.125,True,True,68,27,10,38882,38843,38911,38863,38892,bp,215.54736842105262,29,-2094.0,39,29,5667.0
266,2165.55279449638,-1.125,True,True,83,33,21,38963,38911,38994,38948,38975,bp,176.6,27,-1688.0,52,31,4720.0
267,1387.734067994524,-1.125,True,True,117,9,1,39053,38994,39111,39035,39082,bp,163.09674329501914,47,-3729.0,59,58,8080.0
268,401.2999455670635,-1.125,True,False,83,-14,45,38159,38095,38178,38137,38173,bp,28.42857142857143,36,517.0,64,19,1510.0
269,664.0069842247992,-1.125,True,False,100,12,-6,38225,38178,38278,38195,38239,bp,61.37380952380952,44,568.0,47,53,2600.0
270,1672.933867732506,-1.125,True,False,50,4,0,38303,38278,38328,38295,38318,bp,151.30833333333334,23,332.0,25,25,3656.0
271,1243.5045061481599,-1.125,True,True,50,-5,0,38353,38328,38378,38345,38370,bp,161.84191176470586,25,250.0,25,25,2622.0
272,634.1615193453611,-1.125,True,True,53,14,-5,38402,38378,38431,38390,38413,bp,115.51515151515152,23,458.0,24,29,2810.0
273,2005.319865504185,-1.125,True,True,50,3,16,38464,38431,38481,38450,38472,bp,210.66071428571428,22,-1118.0,33,17,4216.0
274,1519.9023848633694,-1.125,True,True,63,14,5,38515,38481,38544,38497,38525,bp,128.54444444444442,28,-672.0,34,29,3477.0
275,1900.172877742797,-1.125,True,False,95,29,-13,38585,38544,38639,38567,38592,bp,186.62698412698413,25,-1309.0,41,54,3896.0
276,1484.7014631589582,-1.125,True,False,38,14,-12,38652,38639,38677,38646,38664,bp,197.875,18,-486.0,13,25,3146.0
277,773.7937232969482,-1.125,False,False,50,2,2,38703,38677,38727,38696,38714,bp,161.55194805194805,18,-381.0,26,24,1854.0
278,612.794785277742,-1.125,False,False,64,-5,-44,38737,38727,38791,38734,38770,bp,117.0,36,609.0,10,54,3434.0
279,2524.403271382099,-1.125,True,True,54,-7,-8,38814,38791,38845,38801,38834,bp,167.87884615384615,33,-685.0,23,31,5804.0
280,891.9003489912958,-1.125,False,False,45,-8,3,38869,38845,38890,38860,38882,bp,138.16666666666669,22,1016.0,24,21,816.0
281,1301.605248207242,-1.125,False,False,54,-10,-30,38902,38890,38944,38896,38935,bp,164.4469696969697,39,-1068.0,12,42,5419.0
282,1963.4469172345675,-1.125,True,True,57,3,-5,38970,38944,39001,38964,38987,bp,237.49019607843132,23,-178.0,26,31,3447.0
283,896.8463709172518,-1.125,False,False,60,-11,-22,39020,39001,39061,39013,39045,bp,195.59714285714287,32,-1153.0,19,41,1797.0
284,1487.661403932807,-1.125,False,False,61,1,-13,39085,39061,39122,39066,39098,bp,154.79554655870447,32,-1602.0,24,37,6699.0
285,452.01685435069277,1.394736842105263,True,False,84,-12,-26,42539,42510,42594,42523,42573,bp,68.15441176470588,50,488.0,29,55,3579.0
286,1124.03245165179,1.394736842105263,True,False,50,14,0,42619,42594,42644,42611,42629,bp,161.0125,18,986.0,25,25,2108.0
287,1167.12948630746,1.394736842105263,True,True,49,6,5,42671,42644,42693,42661,42680,bp,167.25555555555556,19,-227.0,27,22,3079.0
288,1098.1687805191175,1.394736842105263,True,False,67,10,-15,42719,42693,42760,42705,42736,bp,106.0672268907563,31,-788.0,26,41,2502.0
289,479.3794450207023,1.394736842105263,True,False,34,8,10,42782,42760,42794,42777,42787,bp,213.5,10,-184.0,22,12,2152.0
290,184.94995718217967,1.394736842105263,True,True,33,0,17,42819,42794,42827,42805,42822,bp,101.85714285714286,17,484.0,25,8,1101.0
291,131.01081809918787,1.394736842105263,False,False,39,-4,23,42858,42827,42866,42839,42859,bp,51.10526315789475,20,532.0,31,8,395.0
292,187.89452149109178,1.394736842105263,True,True,28,5,12,42886,42866,42894,42875,42890,bp,101.04545454545456,15,216.0,20,8,1155.0
293,632.3409895960233,1.394736842105263,False,False,39,4,1,42914,42894,42933,42910,42925,bp,146.60227272727272,15,330.0,20,19,2362.0
294,1362.449994278823,1.394736842105263,True,True,45,-6,-9,42951,42933,42978,42944,42971,bp,181.39285714285717,27,-920.0,18,27,2881.0
295,675.225734512545,1.394736842105263,True,True,49,23,-1,43002,42978,43027,42992,43006,bp,191.0,14,-345.0,24,25,2263.0
296,1154.6565245971628,1.394736842105263,True,True,66,9,8,43064,43027,43093,43043,43075,bp,129.7532467532467,32,-187.0,37,29,3960.0
297,2422.985071698671,1.394736842105263,False,False,67,-2,7,43130,43093,43160,43116,43145,bp,219.10714285714286,29,-3326.0,37,30,5428.0
298,734.462314514535,1.394736842105263,False,False,51,3,1,43186,43160,43211,43172,43197,bp,97.4155844155844,25,501.0,26,25,3014.0
299,1242.144835418091,1.394736842105263,False,False,49,-13,31,43251,43211,43260,43225,43255,bp,127.46153846153842,30,-1232.0,40,9,1559.0
300,333.16353224104125,1.394736842105263,False,False,56,-16,28,43302,43260,43316,43272,43308,bp,100.3,36,-2834.0,42,14,2031.0
301,1133.8927435192825,1.394736842105263,False,False,57,-6,-19,43335,43316,43373,43328,43357,bp,109.80194805194805,29,-2461.0,19,38,3843.0
302,947.4317149066153,1.394736842105263,True,False,37,-2,-9,43387,43373,43410,43380,43405,bp,126.5238095238095,25,-925.0,14,23,2446.0
303,1501.6540480905333,1.394736842105263,True,False,83,27,-1,43451,43410,43493,43428,43455,bp,249.67391304347825,27,-2320.0,41,42,3321.0
304,273.45342573780493,1.394736842105263,True,False,34,-4,14,42501,42477,42511,42487,42504,bp,211.7142857142857,17,-1363.0,24,10,2136.0
305,893.3569915298151,1.394736842105263,True,True,49,-23,-11,42530,42511,42560,42517,42552,bp,88.92132867132868,35,-2024.0,19,30,2659.0
306,450.57020594150595,1.394736842105263,True,True,51,-30,-25,42573,42560,42611,42564,42605,bp,68.09375,41,-1288.0,13,38,1909.0
307,1137.8102697142951,1.394736842105263,True,True,32,8,-8,42623,42611,42643,42616,42635,bp,207.9940476190476,19,-2623.0,12,20,3906.0
308,1173.5370195651476,1.394736842105263,True,True,50,12,4,42670,42643,42693,42662,42681,bp,189.5340909090909,19,-2316.0,27,23,3266.0
309,693.6932290165391,1.394736842105263,True,True,67,-7,9,42731,42693,42760,42712,42745,bp,102.00375939849623,33,-2476.0,38,29,1882.0
310,731.8654940520822,1.394736842105263,True,True,50,0,-6,42782,42760,42810,42771,42796,bp,109.07142857142857,25,-2259.0,22,28,3160.0
311,533.1972643737458,1.394736842105263,True,True,67,-38,7,42847,42810,42877,42821,42871,bp,39.0849358974359,50,-1239.0,37,30,2022.0
312,500.70602025853134,1.394736842105263,True,True,49,-4,-9,42897,42877,42926,42883,42912,bp,77.72142857142856,29,-1252.0,20,29,1744.0
313,607.058582403169,1.394736842105263,True,True,58,-12,-4,42953,42926,42984,42937,42973,bp,39.99375,36,-1184.0,27,31,2428.0
314,1097.87217668173,1.394736842105263,True,True,65,7,5,43019,42984,43049,42997,43025,bp,100.38636363636364,28,-1247.0,35,30,1910.0
315,692.0844428221933,1.394736842105263,True,True,47,-13,25,43085,43049,43096,43060,43089,bp,148.27,29,-2350.0,36,11,2184.0
316,509.36045884095716,1.394736842105263,False,False,69,-33,41,43151,43096,43165,43105,43156,bp,81.32173913043478,51,-2028.0,55,14,1996.0
317,458.59445720874015,1.394736842105263,False,False,40,9,2,43186,43165,43205,43174,43191,bp,139.83333333333334,17,-165.0,21,19,2715.0
318,1172.0249362294933,1.394736842105263,False,False,51,-1,19,43240,43205,43256,43217,43247,bp,80.16770186335404,30,-1939.0,35,16,691.0
319,893.9929887335878,1.394736842105263,False,False,69,4,-7,43287,43256,43325,43276,43300,bp,132.65384615384616,24,-4266.0,31,38,2985.0
320,226.56434950040094,1.394736842105263,False,False,34,-3,-24,43330,43325,43359,43328,43347,bp,77.05882352941177,19,-1500.0,5,29,2136.0
321,864.4576268385506,1.394736842105263,False,False,51,15,-33,43368,43359,43410,43363,43386,bp,130.10555555555555,23,-972.0,9,42,3425.0
322,1478.6350149656616,1.394736842105263,True,True,67,0,-9,43439,43410,43477,43424,43454,bp,108.96666666666668,30,-1282.0,29,38,2915.0
323,1041.0363518170163,1.1111111111111112,True,False,67,22,-7,46539,46509,46576,46518,46562,bp,85.69668737060043,44,741.0,30,37,3185.0
324,1064.8951071456527,1.1111111111111112,True,True,73,25,43,46634,46576,46649,46628,46638,bp,306.66666666666663,10,251.0,58,15,2913.0
325,1807.659805513986,1.1111111111111112,True,True,89,19,3,46695,46649,46738,46673,46707,bp,200.59469696969697,34,-871.0,46,43,7179.0
326,2898.395945493607,1.1111111111111112,True,False,70,15,-8,46769,46738,46808,46760,46779,bp,377.61111111111114,19,-2228.0,31,39,4795.0
327,931.9872478984053,1.1111111111111112,True,False,35,3,-15,46818,46808,46843,46813,46836,bp,191.91111111111115,23,12.0,10,25,3580.0
328,401.1099700784462,1.1111111111111112,False,False,39,9,17,46871,46843,46882,46862,46874,bp,169.61111111111111,12,1175.0,28,11,1208.0
329,758.611184198109,1.1111111111111112,False,False,43,15,-5,46901,46882,46925,46895,46913,bp,161.79166666666669,18,-97.0,19,24,1430.0
330,782.1693238007907,1.1111111111111112,False,False,68,-29,18,46968,46925,46993,46946,46987,bp,73.66746411483254,41,-2140.0,43,25,2476.0
331,799.6209483850515,1.1111111111111112,False,False,44,-5,4,47017,46993,47037,46999,47027,bp,84.3611111111111,28,-1451.0,24,20,1655.0
332,443.9476864914015,1.1111111111111112,False,False,35,18,-5,47052,47037,47072,47050,47058,bp,166.41666666666669,8,-154.0,15,20,1786.0
333,481.8775750027504,1.1111111111111112,False,False,104,-32,-46,47101,47072,47176,47084,47149,bp,73.01654411764707,65,-1936.0,29,75,3720.0
334,812.9764033711713,1.1111111111111112,False,False,66,30,-16,47201,47176,47242,47182,47207,bp,116.2061403508772,25,354.0,25,41,2216.0
335,725.88677009155,1.1111111111111112,False,False,64,-3,-10,47269,47242,47306,47262,47288,bp,159.44736842105263,26,-862.0,27,37,883.0
336,315.52655164058154,1.1111111111111112,False,False,36,-10,-16,47316,47306,47342,47311,47334,bp,57.25555555555556,23,186.0,10,26,2250.0
337,663.4348126098113,1.1111111111111112,True,True,36,22,-14,47353,47342,47378,47347,47359,bp,172.83333333333331,12,842.0,11,25,2821.0
338,318.5388525597225,1.1111111111111112,False,False,32,9,14,47401,47378,47410,47393,47406,bp,133.3125,13,1488.0,23,9,1234.0
339,806.0960758166483,1.1111111111111112,False,False,50,-17,32,47451,47410,47460,47428,47455,bp,173.6195652173913,27,-962.0,41,9,2350.0
340,382.6851914343624,1.1111111111111112,False,False,50,-7,4,47487,47460,47510,47465,47499,bp,15.727272727272727,34,75.0,27,23,1508.0
341,1554.9249712321412,1.1111111111111112,True,True,63,12,-11,46551,46525,46588,46530,46570,bp,125.41729323308272,40,-1931.0,26,37,5957.0
342,1923.5012500016453,1.1111111111111112,True,True,72,1,24,46636,46588,46660,46622,46651,bp,146.24761904761903,29,160.0,48,24,4662.0
343,2536.598812790128,1.1111111111111112,True,True,72,13,-2,46695,46660,46732,46681,46706,bp,202.4805194805195,25,-1542.0,35,37,4108.0
344,1003.8291429176829,1.1111111111111112,True,True,44,10,-6,46751,46732,46776,46744,46757,bp,231.76190476190484,13,-471.0,19,25,2450.0
345,810.2733632068762,1.1111111111111112,True,True,33,-7,17,46801,46776,46809,46780,46805,bp,160.61904761904762,25,-139.0,25,8,2255.0
346,710.7629935849437,1.1111111111111112,True,False,35,25,15,46834,46809,46844,46823,46837,bp,218.10606060606065,14,-284.0,25,10,2148.0
347,720.2597501107094,1.1111111111111112,True,False,82,-7,40,46905,46844,46926,46876,46910,bp,137.99655172413793,34,-2125.0,61,21,2109.0
348,916.9719735111232,1.1111111111111112,True,False,48,-12,4,46952,46926,46974,46937,46965,bp,81.47179487179487,28,-1710.0,26,22,3187.0
349,1245.2846042699534,1.1111111111111112,True,True,52,1,-20,46990,46974,47026,46981,47013,bp,131.44685990338164,32,-1775.0,16,36,3830.0
350,523.6214942484669,1.1111111111111112,True,True,49,3,3,47052,47026,47075,47046,47063,bp,136.87878787878788,17,4.0,26,23,1809.0
351,646.5842071670273,1.1111111111111112,True,True,51,-9,13,47107,47075,47126,47083,47112,bp,92.59166666666668,29,-719.0,32,19,1630.0
352,803.0757332163904,1.1111111111111112,False,False,50,-12,0,47151,47126,47176,47132,47161,bp,102.1421052631579,29,-2156.0,25,25,2096.0
353,167.26573765058038,1.1111111111111112,False,False,47,17,-31,47184,47176,47223,47178,47199,bp,93.06666666666666,21,-1053.0,8,39,3074.0
354,816.2730874325857,1.1111111111111112,True,True,50,9,-2,47247,47223,47273,47237,47254,bp,119.3642857142857,17,310.0,24,26,2122.0
355,711.170643223526,1.1111111111111112,True,False,53,4,-25,47287,47273,47326,47280,47311,bp,113.75892857142857,31,449.0,14,39,2223.0
356,1099.9724316883428,1.1111111111111112,True,True,66,4,16,47367,47326,47392,47346,47374,bp,132.92857142857142,28,-17.0,41,25,2861.0
357,547.5932778179631,1.1111111111111112,True,False,84,-36,24,47446,47392,47476,47406,47462,bp,65.75625,56,-845.0,54,30,2159.0
358,1022.7160508437544,1.1111111111111112,False,False,50,-11,-12,47495,47476,47526,47482,47511,bp,130.71153846153842,29,-1679.0,19,31,3247.0
359,465.59870588666274,-1.7666666666666666,True,False,51,-15,-31,50585,50575,50626,50579,50620,bp,90.66904761904762,41,877.0,10,41,1839.0
360,1482.2755631124235,-1.7666666666666666,True,True,65,15,-11,50653,50626,50691,50646,50673,bp,147.40714285714284,27,179.0,27,38,3857.0
361,1612.8348246223434,-1.7666666666666666,True,True,68,0,18,50734,50691,50759,50715,50740,bp,230.35087719298244,25,-687.0,43,25,4087.0
362,833.2212052679068,-1.7666666666666666,True,False,82,-15,-32,50784,50759,50841,50765,50813,bp,73.05172413793103,48,-335.0,25,57,2232.0
363,1550.3651292018408,-1.7666666666666666,True,False,35,19,-13,50852,50841,50876,50846,50867,bp,191.2,21,-1078.0,11,24,4379.0
364,1386.023166231276,-1.7666666666666666,True,False,96,13,12,50930,50876,50972,50907,50940,bp,126.5413043478261,33,4.0,54,42,4119.0
365,2070.6985412852464,-1.7666666666666666,True,False,53,11,7,51002,50972,51025,50986,51011,bp,199.45486111111111,25,-281.0,30,23,4510.0
366,1159.5684015594964,-1.7666666666666666,True,False,100,-8,-14,51068,51025,51125,51047,51094,bp,113.75641025641023,47,-919.0,43,57,4316.0
367,1826.6112984123495,-1.7666666666666666,True,True,68,5,-16,51151,51125,51193,51133,51170,bp,131.8640350877193,37,-547.0,26,42,5943.0
368,2129.9345372653547,-1.7666666666666666,True,True,83,-3,1,51235,51193,51276,51212,51256,bp,163.59834368530022,44,-2352.0,42,41,6578.0
369,1872.9946063881753,-1.7666666666666666,True,True,66,12,16,51317,51276,51342,51297,51334,bp,104.75147058823528,37,313.0,41,25,3662.0
370,855.9900704918823,-1.7666666666666666,False,False,100,-11,50,51417,51342,51442,51383,51420,bp,210.2352941176471,37,-1955.0,75,25,2081.0
371,1935.8646201886856,-1.7666666666666666,False,False,50,-5,-2,51466,51442,51492,51446,51473,bp,212.34285714285718,27,-2737.0,24,26,5381.0
372,696.7476859727442,-1.7666666666666666,False,False,31,4,-11,51502,51492,51523,51495,51512,bp,110.04285714285713,17,787.0,10,21,1177.0
373,1388.2012541558804,-1.7666666666666666,False,False,52,4,-4,51547,51523,51575,51533,51555,bp,150.71428571428572,22,-656.0,24,28,3384.0
374,1555.2070610172598,-1.7666666666666666,True,True,70,14,18,50617,50573,50643,50597,50623,bp,193.4333333333333,26,-2482.0,44,26,3685.0
375,1794.8493985533637,-1.7666666666666666,True,True,64,-2,-14,50668,50643,50707,50663,50690,bp,195.9,27,-1610.0,25,39,5233.0
376,2243.706560979733,-1.7666666666666666,True,True,52,-1,2,50734,50707,50759,50715,50749,bp,166.2263157894737,34,-2377.0,27,25,5051.0
377,1529.128479727759,-1.7666666666666666,True,True,66,16,16,50800,50759,50825,50782,50805,bp,195.1,23,-580.0,41,25,3261.0
378,1907.660339169512,-1.7666666666666666,True,True,56,1,0,50853,50825,50881,50844,50872,bp,167.546783625731,28,-1158.0,28,28,3859.0
379,1679.5685102722912,-1.7666666666666666,True,True,81,11,-9,50917,50881,50962,50901,50939,bp,125.01420454545456,38,-1364.0,36,45,5445.0
380,2027.538629796068,-1.7666666666666666,True,True,70,5,8,51001,50962,51032,50988,51018,bp,157.45022624434392,30,-1136.0,39,31,3930.0
381,2317.128525190885,-1.7666666666666666,True,True,73,-7,-1,51068,51032,51105,51053,51089,bp,155.72857142857143,36,-2469.0,36,37,5557.0
382,1459.6723931267263,-1.7666666666666666,True,True,87,-20,-29,51134,51105,51192,51118,51169,bp,93.16875,51,-874.0,29,58,4702.0
383,1068.9276068371776,-1.7666666666666666,True,True,83,-10,-33,51217,51192,51275,51200,51251,bp,88.41176470588233,51,-383.0,25,58,4100.0
384,898.3608422815289,-1.7666666666666666,False,False,51,10,5,51303,51275,51326,51292,51312,bp,128.83838383838383,20,70.0,28,23,1216.0
385,132.42526677279758,-1.7666666666666666,False,False,67,1,19,51369,51326,51393,51342,51380,bp,24.690235690235692,38,461.0,43,24,462.0
386,842.2712197353269,-1.7666666666666666,False,False,70,-12,22,51439,51393,51463,51419,51454,bp,69.19166666666666,35,-986.0,46,24,3251.0
387,808.4933882593773,-1.7666666666666666,True,True,67,-13,-25,51484,51463,51530,51477,51513,bp,152.64778325123154,36,-826.0,21,46,3646.0
388,1385.6184351017605,-1.7666666666666666,True,True,42,2,-2,51550,51530,51572,51536,51558,bp,179.49107142857144,22,229.0,20,22,4718.0
389,886.1262702803407,2.5483870967741935,True,True,67,10,17,54383,54341,54408,54346,54390,bp,153.96718146718146,44,-703.0,42,25,3700.0
390,1300.3501999500265,2.5483870967741935,True,True,84,4,34,54467,54408,54492,54444,54484,bp,94.87212276214834,40,12.0,59,25,4284.0
391,1710.3013902571372,2.5483870967741935,True,False,100,23,10,54547,54492,54592,54528,54557,bp,207.3710526315789,29,-1050.0,55,45,5586.0
392,2245.091320914479,2.5483870967741935,True,False,50,-5,2,54618,54592,54642,54609,54635,bp,242.08169934640526,26,-1525.0,26,24,4069.0
393,1089.2395181365293,2.5483870967741935,True,True,66,-1,-16,54667,54642,54708,54656,54686,bp,106.49282296650719,30,-479.0,25,41,3023.0
394,2630.301168688874,2.5483870967741935,False,False,63,16,-17,54731,54708,54771,54715,54740,bp,237.75,25,-2926.0,23,40,5980.0
395,1506.6692630711539,2.5483870967741935,False,False,71,33,-21,54796,54771,54842,54781,54807,bp,101.63030303030304,26,274.0,25,46,2987.0
396,1629.9543598179873,2.5483870967741935,True,True,67,-11,9,54880,54842,54909,54866,54897,bp,138.89285714285714,31,-888.0,38,29,4161.0
397,893.9006167293602,2.5483870967741935,True,True,67,-19,15,54950,54909,54976,54917,54968,bp,68.87121212121212,51,-852.0,41,26,2771.0
398,1208.4351696265492,2.5483870967741935,True,True,78,18,6,55018,54976,55054,55000,55035,bp,71.97385620915033,35,-773.0,42,36,3186.0
399,1897.2814199107545,2.5483870967741935,True,True,72,25,14,55097,55054,55126,55088,55105,bp,259.9305555555556,17,-2062.0,43,29,4378.0
400,736.0975445478647,2.5483870967741935,False,False,49,-6,33,55167,55126,55175,55147,55171,bp,84.1,24,-775.0,41,8,806.0
401,288.88998146746445,2.5483870967741935,False,False,46,7,4,55200,55175,55221,55189,55205,bp,136.92727272727274,16,-2175.0,25,21,1520.0
402,774.0585307215297,2.5483870967741935,False,False,38,7,-14,55233,55221,55259,55228,55250,bp,102.88823529411764,22,-1563.0,12,26,3153.0
403,1329.3187274523468,2.5483870967741935,True,True,82,1,0,55300,55259,55341,55279,55314,bp,127.36904761904762,35,-1982.0,41,41,4607.0
404,768.2568147429108,2.5483870967741935,True,True,68,19,18,54402,54359,54427,54387,54416,bp,74.52619047619048,29,2697.0,43,25,2260.0
405,1532.9530313573841,2.5483870967741935,True,True,80,3,26,54480,54427,54507,54464,54488,bp,165.34375,24,1767.0,53,27,3807.0
406,1265.2172386488369,2.5483870967741935,True,False,88,9,-36,54533,54507,54595,54515,54561,bp,113.24603174603176,46,1322.0,26,62,4326.0
407,1926.255735282276,2.5483870967741935,True,False,63,11,13,54633,54595,54658,54616,54640,bp,216.84453781512605,24,384.0,38,25,4531.0
408,903.3421938638057,2.5483870967741935,True,True,47,3,3,54683,54658,54705,54675,54693,bp,213.0,18,1249.0,25,22,1984.0
409,715.3016787380137,2.5483870967741935,True,False,53,25,-29,54717,54705,54758,54714,54735,bp,170.33333333333334,21,1679.0,12,41,2919.0
410,779.3924488964868,2.5483870967741935,True,True,50,46,6,54786,54758,54808,54781,54790,bp,209.975,9,2301.0,28,22,2140.0
411,337.48292330331714,2.5483870967741935,False,False,67,16,19,54851,54808,54875,54845,54854,bp,236.5833333333333,9,1681.0,43,24,1371.0
412,1050.921709160224,2.5483870967741935,True,True,50,-2,2,54901,54875,54925,54879,54913,bp,88.36363636363637,34,429.0,26,24,3072.0
413,998.8397192699448,2.5483870967741935,True,False,62,-11,24,54968,54925,54987,54945,54975,bp,133.48447204968946,30,727.0,43,19,2522.0
414,153.64079338334346,2.5483870967741935,True,False,28,6,-2,55000,54987,55015,54994,55005,bp,175.15,11,1466.0,13,15,2381.0
415,888.8228980265474,2.5483870967741935,True,False,44,-1,-6,55034,55015,55059,55022,55052,bp,55.95833333333333,30,2132.0,19,25,3136.0
416,1185.0633211842598,2.5483870967741935,True,True,66,12,12,55098,55059,55125,55081,55104,bp,162.7696078431373,23,637.0,39,27,3096.0
417,519.5325515208192,2.5483870967741935,False,False,67,0,-15,55151,55125,55192,55139,55169,bp,55.736111111111114,30,1691.0,26,41,1671.0
418,985.4640673991953,2.5483870967741935,False,False,66,1,-26,55212,55192,55258,55199,55238,bp,92.46153846153842,39,-100.0,20,46,2010.0
419,2277.80773217198,2.5483870967741935,False,False,66,5,-6,55288,55258,55324,55278,55306,bp,207.92222222222225,28,-2121.0,30,36,6878.0
420,1777.6548717003486,2.4166666666666665,False,False,82,13,22,58128,58076,58158,58110,58136,bp,131.52083333333334,26,2571.0,52,30,2619.0
421,1991.996628323635,2.4166666666666665,False,False,83,16,-5,58197,58158,58241,58175,58206,bp,242.1010101010101,31,-1513.0,39,44,5924.0
422,1638.9809434797348,2.4166666666666665,True,True,64,-3,-4,58271,58241,58305,58253,58286,bp,86.79444444444445,33,627.0,30,34,3251.0
423,2263.4796298440297,2.4166666666666665,True,True,58,-15,-2,58333,58305,58363,58316,58350,bp,150.2647058823529,34,-1061.0,28,30,5622.0
424,1403.2465676112909,2.4166666666666665,False,False,51,10,-11,58383,58363,58414,58369,58393,bp,109.96428571428572,24,1159.0,20,31,1278.0
425,444.9700462632745,2.4166666666666665,False,False,45,-13,23,58448,58414,58459,58427,58452,bp,106.98809523809523,25,-449.0,34,11,1156.0
426,643.4621002753313,2.4166666666666665,False,False,48,-1,-24,58471,58459,58507,58464,58488,bp,86.45798319327731,24,-362.0,12,36,2452.0
427,390.47263602046087,2.4166666666666665,False,False,18,13,0,58516,58507,58525,58511,58520,bp,207.2,9,-529.0,9,9,1379.0
428,408.6934436789447,2.4166666666666665,False,False,38,9,12,58550,58525,58563,58542,58553,bp,166.3125,11,-2034.0,25,13,1008.0
429,200.35702011389918,2.4166666666666665,False,False,73,17,-31,58584,58563,58636,58573,58605,bp,54.019480519480524,32,-1929.0,21,52,2360.0
430,686.0790882506473,2.4166666666666665,True,False,54,3,6,58666,58636,58690,58654,58672,bp,113.66666666666666,18,-1061.0,30,24,2072.0
431,526.4203488859972,2.4166666666666665,True,True,35,10,-17,58699,58690,58725,58693,58710,bp,165.87121212121212,17,-1089.0,9,26,1720.0
432,415.31958329424265,2.4166666666666665,True,True,33,-6,17,58750,58725,58758,58737,58754,bp,102.64423076923076,17,-1063.0,25,8,1684.0
433,268.6555497453516,2.4166666666666665,True,True,35,-3,15,58783,58758,58793,58765,58786,bp,119.80555555555556,21,-1022.0,25,10,1359.0
434,465.42742598932404,2.4166666666666665,True,True,45,22,1,58816,58793,58838,58804,58821,bp,91.975,17,-928.0,23,22,1617.0
435,835.0134171309194,2.4166666666666665,True,True,53,0,9,58869,58838,58891,58860,58885,bp,102.52083333333331,25,-1625.0,31,22,1994.0
436,1302.0348479993495,2.4166666666666665,True,True,65,3,-15,58916,58891,58956,58910,58936,bp,152.05833333333334,26,-2004.0,25,40,2855.0
437,2284.380025020229,2.4166666666666665,False,False,67,5,-13,58983,58956,59023,58965,58999,bp,167.62847222222226,34,-4211.0,27,40,6111.0
438,711.521692539184,2.4166666666666665,False,False,46,-1,10,59051,59023,59069,59038,59059,bp,125.00480769230771,21,-920.0,28,18,750.0
439,1807.8960537019932,2.4166666666666665,True,True,56,-12,2,58101,58072,58128,58080,58114,bp,155.5989010989011,34,-986.0,29,27,4283.0
440,490.11944097691213,2.4166666666666665,False,False,30,19,14,58150,58128,58158,58136,58153,bp,111.4761904761905,17,861.0,22,8,875.0
441,1687.217482885855,2.4166666666666665,False,False,80,-1,4,58200,58158,58238,58189,58220,bp,159.77272727272725,31,-2235.0,42,38,5972.0
442,2998.190960235834,2.4166666666666665,True,True,55,16,5,58268,58238,58293,58250,58276,bp,294.9930555555556,26,-3126.0,30,25,6490.0
443,2084.4758964215475,2.4166666666666665,True,True,66,-3,16,58334,58293,58359,58318,58349,bp,177.7375,31,-2691.0,41,25,4942.0
444,2262.118379547408,2.4166666666666665,True,True,54,13,2,58387,58359,58413,58377,58395,bp,263.85,18,-2647.0,28,26,4761.0
445,1148.3773053725124,2.4166666666666665,True,True,45,23,-3,58434,58413,58458,58426,58440,bp,241.91666666666669,14,-1855.0,21,24,2274.0
446,1315.2628411536684,2.4166666666666665,True,True,67,8,7,58495,58458,58525,58477,58504,bp,168.52777777777774,27,-3189.0,37,30,4538.0
447,2191.720228600977,2.4166666666666665,True,True,49,0,1,58550,58525,58574,58539,58560,bp,246.55454545454543,21,-3948.0,25,24,5129.0
448,1268.609895493296,2.4166666666666665,True,True,51,13,-1,58599,58574,58625,58581,58605,bp,167.44444444444446,24,-2420.0,25,26,2703.0
449,1706.9644419521228,2.4166666666666665,True,False,55,5,27,58666,58625,58680,58642,58671,bp,210.40416666666667,29,-3439.0,41,14,3708.0
450,1310.2905644461705,2.4166666666666665,False,False,95,19,-23,58716,58680,58775,58705,58740,bp,157.97537878787878,35,-4669.0,36,59,3959.0
451,709.3765304271435,2.4166666666666665,False,False,57,10,25,58816,58775,58832,58794,58822,bp,136.50757575757575,28,-2552.0,41,16,2858.0
452,1299.6447711559795,2.4166666666666665,True,True,58,13,12,58867,58832,58890,58860,58879,bp,235.93452380952382,19,-3164.0,35,23,3466.0
453,822.564405751442,2.4166666666666665,True,True,68,3,10,58929,58890,58958,58911,58938,bp,115.08333333333331,27,-3257.0,39,29,2339.0
454,1367.7316066956214,2.4166666666666665,False,False,65,-7,-13,58984,58958,59023,58968,59001,bp,97.93566176470587,33,-2982.0,26,39,5037.0
455,676.7417499742203,2.4166666666666665,False,False,35,7,9,59045,59023,59058,59027,59050,bp,88.6388888888889,23,-323.0,22,13,1317.0
456,792.5609207006701,-2.642857142857143,False,False,49,-3,-9,64479,64459,64508,64470,64492,bp,140.508547008547,22,-5190.0,20,29,1385.0
457,640.4083783351504,-2.642857142857143,True,True,33,-15,-13,64518,64508,64541,64511,64536,bp,132.58730158730157,25,-5797.0,10,23,3330.0
458,529.2504947678583,-2.642857142857143,False,False,33,-6,19,64567,64541,64574,64546,64570,bp,191.2142857142857,24,-4348.0,26,7,2828.0
459,451.836800374466,-2.642857142857143,False,False,66,-18,-12,64601,64574,64640,64588,64628,bp,41.82051282051282,40,-2336.0,27,39,3148.0
460,123.1737986773456,-2.642857142857143,False,False,34,-9,14,64664,64640,64674,64650,64673,bp,-11.996031746031747,23,-214.0,24,10,204.0
461,535.5068510344597,-2.642857142857143,False,False,66,1,-6,64704,64674,64740,64687,64719,bp,84.94901960784314,32,-1596.0,30,36,2169.0
462,499.31664939152665,-2.642857142857143,True,True,50,12,2,64766,64740,64790,64752,64771,bp,126.63571428571429,19,-1076.0,26,24,2303.0
463,335.00166740821226,-2.642857142857143,False,False,35,11,19,64817,64790,64825,64802,64819,bp,75.93333333333334,17,-928.0,27,8,704.0
464,438.02470899020017,-2.642857142857143,False,False,45,16,5,64850,64825,64870,64847,64853,bp,330.33333333333337,6,-1875.0,25,20,2144.0
465,192.22665988401826,-2.642857142857143,False,False,34,-4,-8,64883,64870,64904,64875,64895,bp,69.91666666666667,20,-1551.0,13,21,1421.0
466,1013.1776344329463,-2.642857142857143,False,False,32,8,-4,64918,64904,64936,64911,64926,bp,249.67857142857144,15,-3681.0,14,18,3383.0
467,597.4255004789679,-2.642857142857143,False,False,51,-22,7,64965,64936,64987,64949,64982,bp,28.829044117647058,33,-1554.0,29,22,2114.0
468,415.60517685050735,-2.642857142857143,False,False,54,-7,-30,64999,64987,65041,64993,65027,bp,129.81547619047618,34,-1976.0,12,42,2442.0
469,290.37772308787794,-2.642857142857143,False,False,33,0,15,65065,65041,65074,65054,65070,bp,140.52727272727273,16,-451.0,24,9,2671.0
470,106.23492061121635,-2.642857142857143,False,False,30,17,20,65099,65074,65104,65086,65100,bp,150.88461538461542,14,531.0,25,5,1177.0
471,495.1813820667151,-2.642857142857143,False,False,54,-8,40,65151,65104,65158,65131,65155,bp,122.55,24,-1971.0,47,7,1414.0
472,175.38326309533093,-2.642857142857143,True,True,48,-4,0,65182,65158,65206,65171,65197,bp,91.67575757575756,26,-2649.0,24,24,1993.0
473,502.37825430172484,-2.642857142857143,True,False,67,-6,-13,65233,65206,65273,65219,65251,bp,79.92063492063492,32,-2468.0,27,40,3001.0
474,810.4341853569333,-2.642857142857143,True,False,34,-10,-14,65283,65273,65307,65277,65303,bp,122.29166666666669,26,-1300.0,10,24,3042.0
475,204.69475497393714,-2.642857142857143,True,True,45,-7,5,65332,65307,65352,65319,65342,bp,88.84230769230768,23,-24.0,25,20,1349.0
476,356.95258444300697,-2.642857142857143,False,False,39,43,-13,65365,65352,65391,65358,65368,bp,112.26190476190477,10,-228.0,13,26,792.0
477,678.8623322862609,-2.642857142857143,False,False,72,-21,36,65445,65391,65463,65421,65453,bp,87.29166666666669,32,-1758.0,54,18,2207.0
478,510.378117509024,-2.642857142857143,False,False,61,-14,13,64517,64480,64541,64507,64534,bp,128.55588235294118,27,-5724.0,37,24,858.0
479,598.4325834519258,-2.642857142857143,False,False,62,11,-14,64565,64541,64603,64547,64571,bp,142.94444444444446,24,-6991.0,24,38,2711.0
480,469.1712669932862,-2.642857142857143,False,False,37,-5,-27,64608,64603,64640,64606,64634,bp,89.09615384615385,28,-4739.0,5,32,3004.0
481,288.4614911943054,-2.642857142857143,True,False,33,2,9,64661,64640,64673,64657,64668,bp,207.53571428571428,11,-3450.0,21,12,2681.0
482,208.65216048571494,-2.642857142857143,False,False,34,-3,-10,64685,64673,64707,64681,64697,bp,175.54166666666663,16,-2658.0,12,22,2900.0
483,217.3981191084045,-2.642857142857143,False,False,50,-7,-28,64718,64707,64757,64710,64742,bp,74.04166666666667,32,-1086.0,11,39,1876.0
484,299.88967378872064,-2.642857142857143,False,False,51,-5,1,64783,64757,64808,64767,64795,bp,30.5625,28,-1270.0,26,25,1066.0
485,156.02267459009366,-2.642857142857143,False,False,64,-42,28,64854,64808,64872,64818,64869,bp,34.33611111111111,51,-3606.0,46,18,634.0
486,338.452967117216,-2.642857142857143,False,False,36,8,-16,64882,64872,64908,64878,64893,bp,267.34090909090907,15,-5256.0,10,26,2919.0
487,397.70708431514646,-2.642857142857143,False,False,50,10,-22,64922,64908,64958,64916,64946,bp,39.54166666666666,30,-3275.0,14,36,3193.0
488,496.73390095654764,-2.642857142857143,True,False,86,-2,8,65005,64958,65044,64986,65026,bp,60.471177944862156,40,-1898.0,47,39,2032.0
489,222.13245559190327,-2.642857142857143,True,False,49,-10,27,65082,65044,65093,65064,65088,bp,79.05555555555554,24,-1854.0,38,11,1446.0
490,542.7404049010721,-2.642857142857143,True,False,29,1,9,65112,65093,65122,65102,65118,bp,106.03333333333332,16,-2269.0,19,10,2395.0
491,612.8891493882866,-2.642857142857143,True,False,54,-4,-4,65147,65122,65176,65135,65159,bp,94.54166666666666,24,-1975.0,25,29,1500.0
492,137.0051393157956,-2.642857142857143,False,False,31,13,-19,65182,65176,65207,65179,65192,bp,139.85,13,-2047.0,6,25,696.0
493,768.3152691215422,-2.642857142857143,False,False,47,7,3,65232,65207,65254,65218,65236,bp,168.66071428571428,18,-4650.0,25,22,2767.0
494,240.13312368917846,-2.642857142857143,False,False,38,-3,-16,65265,65254,65292,65261,65279,bp,135.10714285714286,18,-3067.0,11,27,2656.0
495,211.08520366336484,-2.642857142857143,False,False,53,-2,-35,65301,65292,65345,65294,65321,bp,77.27142857142857,27,-1675.0,9,44,1852.0
496,397.8183883892485,-2.642857142857143,False,False,62,-15,-60,65346,65345,65407,65346,65386,bp,,40,224.0,1,61,2804.0
497,1151.7246543375654,-2.642857142857143,True,True,66,1,-18,65431,65407,65473,65411,65445,bp,91.23928571428571,34,-362.0,24,42,2519.0
498,926.441355716707,0.5833333333333334,True,True,82,0,0,66415,66374,66456,66396,66438,bp,74.6029748283753,42,409.0,41,41,3177.0
499,1246.47606564081,0.5833333333333334,True,True,68,14,6,66493,66456,66524,66480,66504,bp,129.1573426573427,24,560.0,37,31,3269.0
500,1761.906020122323,0.5833333333333334,True,True,55,-3,3,66553,66524,66579,66542,66568,bp,159.51212121212117,26,-114.0,29,26,3979.0
501,2397.2766778171313,0.5833333333333334,True,True,44,13,-4,66599,66579,66623,66591,66610,bp,336.35795454545456,19,-1868.0,20,24,5532.0
502,679.7732327268552,0.5833333333333334,False,False,46,14,14,66653,66623,66669,66642,66656,bp,150.43939393939394,14,727.0,30,16,1330.0
503,410.9610249196956,0.5833333333333334,False,False,54,-13,6,66699,66669,66723,66684,66716,bp,68.69019607843137,32,76.0,30,24,2275.0
504,363.19209963132346,0.5833333333333334,False,False,34,1,16,66748,66723,66757,66735,66751,bp,128.2179487179487,16,1379.0,25,9,1926.0
505,372.548923838012,0.5833333333333334,False,False,29,10,19,66781,66757,66786,66768,66783,bp,102.3653846153846,15,1413.0,24,5,611.0
506,787.6679815384705,0.5833333333333334,False,False,55,-5,11,66819,66786,66841,66808,66833,bp,89.57142857142857,25,-624.0,33,22,1979.0
507,717.6690692342136,0.5833333333333334,True,True,54,-12,20,66878,66841,66895,66853,66887,bp,68.27333333333334,34,-191.0,37,17,2162.0
508,664.1986656153513,0.5833333333333334,False,False,78,2,-6,66931,66895,66973,66909,66943,bp,94.90151515151516,34,-603.0,36,42,2551.0
509,57.5320811419879,0.5833333333333334,False,False,34,24,-16,66982,66973,67007,66979,66987,bp,173.43333333333337,8,813.0,9,25,1742.0
510,776.8457561722773,0.5833333333333334,False,False,49,16,7,67035,67007,67056,67019,67043,bp,109.8125,24,228.0,28,21,2151.0
511,1910.182227088932,0.5833333333333334,False,False,68,3,16,67098,67056,67124,67083,67109,bp,180.75151515151515,26,-2218.0,42,26,4889.0
512,1492.63773725294,0.5833333333333334,True,True,49,25,-5,67146,67124,67173,67138,67154,bp,218.375,16,-709.0,22,27,3505.0
513,1897.4929528493774,0.5833333333333334,True,True,69,6,17,67216,67173,67242,67195,67224,bp,224.46726190476193,29,-2004.0,43,26,5438.0
514,861.0460725932446,0.5833333333333334,True,False,47,-2,1,67266,67242,67289,67259,67277,bp,156.10389610389612,18,547.0,24,23,1724.0
515,78.40079773329221,0.5833333333333334,True,False,17,18,1,67298,67289,67306,67293,67302,bp,151.55,9,770.0,9,8,1499.0
516,302.2282510120575,0.5833333333333334,False,False,67,3,19,67349,67306,67373,67329,67360,bp,43.22727272727273,31,607.0,43,24,1266.0
517,706.5470357919148,0.5833333333333334,False,False,33,-10,-13,66450,66440,66473,66442,66465,bp,78.02083333333334,23,2000.0,10,23,2502.0
518,2588.7503098886004,0.5833333333333334,False,False,44,10,-12,66489,66473,66517,66478,66501,bp,280.5681818181818,23,-1766.0,16,28,5333.0
519,1481.7058982978715,0.5833333333333334,True,True,50,-12,12,66548,66517,66567,66534,66561,bp,136.8296703296703,27,-263.0,31,19,3720.0
520,2297.1037814116667,0.5833333333333334,True,True,69,-14,-13,66595,66567,66636,66576,66617,bp,159.01913875598086,41,-3090.0,28,41,6279.0
521,2241.0023157135247,0.5833333333333334,True,True,54,-3,4,66665,66636,66690,66644,66675,bp,153.4476190476191,31,-1809.0,29,25,3580.0
522,646.7634700574632,0.5833333333333334,True,True,62,6,-10,66716,66690,66752,66703,66727,bp,86.92307692307692,24,-472.0,26,36,1774.0
523,430.1578409437439,0.5833333333333334,True,True,38,-4,-12,66765,66752,66790,66757,66780,bp,106.19583333333333,23,-597.0,13,25,1393.0
524,949.1052236725308,0.5833333333333334,True,True,50,13,-10,66810,66790,66840,66799,66820,bp,103.53181818181818,21,-1420.0,20,30,2839.0
525,1387.3676069643625,0.5833333333333334,True,True,51,-13,-1,66865,66840,66891,66854,66884,bp,128.93540669856458,30,-1807.0,25,26,3567.0
526,580.8128768562991,0.5833333333333334,True,True,66,3,-26,66911,66891,66957,66901,66937,bp,114.22307692307692,36,-1479.0,20,46,2618.0
527,866.775077136521,0.5833333333333334,True,True,50,24,0,66982,66957,67007,66976,66990,bp,208.3958333333333,14,-1224.0,25,25,2626.0
528,537.9592710158097,0.5833333333333334,True,True,66,-8,18,67049,67007,67073,67028,67060,bp,82.92857142857143,32,-506.0,42,24,1999.0
529,810.7110036310913,0.5833333333333334,True,True,52,-16,20,67109,67073,67125,67084,67120,bp,85.48181818181817,36,-1668.0,36,16,2562.0
530,923.811448431801,0.5833333333333334,True,True,61,-3,-15,67148,67125,67186,67140,67169,bp,106.82440476190477,29,-1238.0,23,38,3349.0
531,2252.1493869008764,0.5833333333333334,True,True,54,12,-6,67210,67186,67240,67195,67220,bp,185.13333333333333,25,-1624.0,24,30,5303.0
532,1700.550736048031,0.5833333333333334,True,True,67,1,-15,67266,67240,67307,67257,67285,bp,194.11403508771932,28,-1279.0,26,41,4053.0
533,1706.0277291293162,0.5833333333333334,True,True,67,12,-25,67328,67307,67374,67314,67347,bp,166.1936090225564,33,-1988.0,21,46,5503.0
534,102.96539049961542,-2.676470588235294,False,False,51,8,3,70566,70539,70590,70551,70576,bp,54.48333333333333,25,2271.0,27,24,1297.0
535,1482.4494656681281,-2.676470588235294,False,False,67,18,-9,70619,70590,70657,70609,70634,bp,144.56666666666666,25,1145.0,29,38,5125.0
536,1189.5383841297828,-2.676470588235294,False,False,82,-14,10,70703,70657,70739,70677,70719,bp,93.31490384615385,42,284.0,46,36,2592.0
537,912.8390763685317,-2.676470588235294,True,True,51,7,-1,70764,70739,70790,70747,70771,bp,126.71428571428572,24,316.0,25,26,2943.0
538,2001.5239604842645,-2.676470588235294,True,False,66,23,-18,70814,70790,70856,70802,70829,bp,192.96666666666667,27,-1076.0,24,42,6091.0
539,772.9507266060242,-2.676470588235294,True,False,56,-6,28,70898,70856,70912,70879,70905,bp,127.5,26,465.0,42,14,2365.0
540,579.6996676997322,-2.676470588235294,False,False,44,17,-4,70932,70912,70956,70925,70943,bp,127.9090909090909,18,1440.0,20,24,2919.0
541,1470.4934620727142,-2.676470588235294,False,False,80,-11,6,70999,70956,71036,70978,71017,bp,136.27777777777777,39,-1912.0,43,37,4455.0
542,1301.5596174084199,-2.676470588235294,False,False,49,-6,-3,71059,71036,71085,71045,71071,bp,106.0595238095238,26,-291.0,23,26,2538.0
543,359.2165671702371,-2.676470588235294,False,False,38,23,-22,71093,71085,71123,71091,71104,bp,85.9090909090909,13,2181.0,8,30,2437.0
544,1124.3983961958436,-2.676470588235294,False,False,50,21,26,71161,71123,71173,71140,71166,bp,114.70952380952382,26,2192.0,38,12,2090.0
545,1317.9977785204119,-2.676470588235294,False,False,99,0,27,71236,71173,71272,71213,71254,bp,79.4915458937198,41,-583.0,63,36,1989.0
546,1999.5595698710642,-2.676470588235294,False,False,83,-15,7,71317,71272,71355,71295,71334,bp,184.69652406417114,39,-6686.0,45,38,7020.0
547,627.4635707031068,-2.676470588235294,False,False,34,31,-16,71364,71355,71389,71358,71375,bp,184.6439393939394,17,-1868.0,9,25,1649.0
548,1165.3451923073826,-2.676470588235294,True,False,101,24,-15,71432,71389,71490,71423,71453,bp,147.95238095238096,30,-3133.0,43,58,5236.0
549,1368.2487528810004,-2.676470588235294,True,False,82,-19,-22,71520,71490,71572,71507,71551,bp,153.43920595533496,44,-3038.0,30,52,5542.0
550,501.8001693767209,-2.676470588235294,False,False,31,12,19,70581,70556,70587,70567,70582,bp,117.96428571428572,15,1017.0,25,6,834.0
551,286.57782518976916,-2.676470588235294,False,False,40,11,16,70615,70587,70627,70609,70619,bp,248.58333333333331,10,-1181.0,28,12,1775.0
552,1072.3376172233313,-2.676470588235294,False,False,41,28,1,70648,70627,70668,70640,70653,bp,221.825,13,-1173.0,21,20,3697.0
553,1363.7128667310335,-2.676470588235294,False,False,71,3,21,70714,70668,70739,70694,70717,bp,244.85,23,-1868.0,46,25,2715.0
554,540.0577376717711,-2.676470588235294,False,False,34,-11,-14,70749,70739,70773,70743,70765,bp,96.89583333333334,22,-272.0,10,24,2834.0
555,229.5059787221184,-2.676470588235294,False,False,30,13,-12,70782,70773,70803,70776,70793,bp,160.97727272727275,17,633.0,9,21,2145.0
556,1455.8348157347284,-2.676470588235294,False,False,75,-5,-19,70831,70803,70878,70823,70860,bp,204.4159482758621,37,-1734.0,28,47,5506.0
557,2861.805688294147,-2.676470588235294,True,False,61,-10,13,70915,70878,70939,70892,70929,bp,168.68944099378882,37,-3058.0,37,24,4949.0
558,1632.9380578298394,-2.676470588235294,True,True,67,-27,-15,70965,70939,71006,70956,70997,bp,191.19965277777774,41,-3431.0,26,41,5006.0
559,1246.5431373492672,-2.676470588235294,True,True,51,4,-25,71019,71006,71057,71011,71041,bp,135.1306818181818,30,-1016.0,13,38,4186.0
560,2556.429803386909,-2.676470588235294,True,True,67,15,5,71093,71057,71124,71075,71104,bp,192.43939393939397,29,-3179.0,36,31,4352.0
561,744.6897244726299,-2.676470588235294,True,False,83,-29,-1,71165,71124,71207,71148,71200,bp,49.43025210084034,52,-2325.0,41,42,3763.0
562,1493.5496463674592,-2.676470588235294,True,False,49,11,1,71232,71207,71256,71223,71243,bp,187.2929292929293,20,-2302.0,25,24,3152.0
563,1457.3203537881095,-2.676470588235294,True,True,78,-18,-4,71293,71256,71334,71274,71316,bp,131.43935926773457,42,-5193.0,37,41,4506.0
564,1337.6465551209042,-2.676470588235294,True,True,55,3,-27,71348,71334,71389,71340,71367,bp,165.7203947368421,27,-3749.0,14,41,3853.0
565,1089.8712501091006,-2.676470588235294,True,False,66,-15,-14,71415,71389,71455,71397,71437,bp,84.85606060606061,40,-3297.0,26,40,3434.0
566,1260.6733475115636,-2.676470588235294,True,False,34,-11,-4,71470,71455,71489,71462,71483,bp,124.5096153846154,21,-2728.0,15,19,2313.0
567,365.0923270910973,-2.676470588235294,False,False,47,17,-29,71498,71489,71536,71493,71511,bp,108.13846153846156,18,-1860.0,9,38,3046.0
568,478.69458079682266,-0.43902439024390244,False,False,49,16,-1,74814,74790,74839,74806,74821,bp,119.91071428571428,15,1475.0,24,25,1266.0
569,684.2136005693615,-0.43902439024390244,False,False,50,-7,2,74865,74839,74889,74852,74877,bp,110.52564102564102,25,46.0,26,24,1950.0
570,445.0314795141214,-0.43902439024390244,True,False,51,-8,-31,74899,74889,74940,74895,74925,bp,142.75961538461542,30,277.0,10,41,2880.0
571,545.5824127374203,-0.43902439024390244,True,True,50,-14,-2,74964,74940,74990,74947,74978,bp,53.313025210084035,31,976.0,24,26,1606.0
572,768.5477331610768,-0.43902439024390244,True,False,38,-5,10,75014,74990,75028,74995,75019,bp,159.00526315789475,24,272.0,24,14,2683.0
573,302.57822199637434,-0.43902439024390244,True,False,77,-2,-37,75048,75028,75105,75038,75079,bp,45.01774193548387,41,1243.0,20,57,1904.0
574,821.2011096226297,-0.43902439024390244,True,True,50,16,2,75131,75105,75155,75118,75138,bp,149.3406593406593,20,791.0,26,24,2641.0
575,1133.9112657219525,-0.43902439024390244,True,True,51,3,11,75186,75155,75206,75174,75199,bp,117.9903846153846,25,94.0,31,20,2525.0
576,753.6315412343062,-0.43902439024390244,True,False,83,26,-31,75232,75206,75289,75227,75255,bp,154.17826086956526,28,262.0,26,57,2837.0
577,602.4852241258654,-0.43902439024390244,True,False,46,16,4,75314,75289,75335,75309,75317,bp,258.56666666666666,8,624.0,25,21,1831.0
578,296.15770053282984,-0.43902439024390244,True,False,24,6,0,75347,75335,75359,75341,75354,bp,90.95238095238096,13,1179.0,12,12,1177.0
579,907.8453353311752,-0.43902439024390244,False,False,46,-8,0,75382,75359,75405,75373,75397,bp,78.66666666666667,24,1315.0,23,23,3310.0
580,1175.4890265190704,-0.43902439024390244,True,True,35,-1,15,75430,75405,75440,75413,75435,bp,148.2647058823529,22,1180.0,25,10,2513.0
581,948.2947875157497,-0.43902439024390244,True,True,48,19,0,75464,75440,75488,75456,75469,bp,227.2125,13,535.0,24,24,2438.0
582,455.4535044212929,-0.43902439024390244,True,True,51,-26,1,75514,75488,75539,75501,75536,bp,74.53671328671328,35,873.0,26,25,1892.0
583,345.91761891444537,-0.43902439024390244,True,True,51,-26,3,75566,75539,75590,75545,75586,bp,36.85595238095238,41,1168.0,27,24,1490.0
584,822.3185191682684,-0.43902439024390244,False,False,66,12,-18,75614,75590,75656,75601,75626,bp,123.68589743589745,25,-117.0,24,42,3448.0
585,522.7808529331128,-0.43902439024390244,False,False,34,-4,-10,75668,75656,75690,75663,75682,bp,92.47142857142859,19,2094.0,12,22,1613.0
586,703.5120373928194,-0.43902439024390244,False,False,28,2,14,75711,75690,75718,75697,75715,bp,123.14285714285714,18,802.0,21,7,1315.0
587,623.3289663704612,-0.43902439024390244,True,True,49,6,13,75749,75718,75767,75735,75752,bp,195.91666666666663,17,-327.0,31,18,2185.0
588,502.5726480611235,-0.43902439024390244,True,False,38,14,-12,75780,75767,75805,75775,75785,bp,233.6,10,102.0,13,25,2905.0
589,342.93323301687917,-0.43902439024390244,False,False,49,-10,1,74831,74806,74855,74818,74843,bp,81.79807692307692,25,2418.0,25,24,2393.0
590,436.95141299434164,-0.43902439024390244,True,True,68,-52,4,74891,74855,74923,74858,74919,bp,41.84036796536797,61,2634.0,36,32,2468.0
591,1316.615116968762,-0.43902439024390244,True,True,49,7,-1,74947,74923,74972,74928,74954,bp,155.63533834586462,26,1410.0,24,25,3394.0
592,842.4460008085613,-0.43902439024390244,False,False,57,-22,-5,74998,74972,75029,74987,75025,bp,81.28956228956228,38,1833.0,26,31,1386.0
593,1285.3166526845614,-0.43902439024390244,False,False,44,-3,-6,75048,75029,75073,75041,75064,bp,189.75892857142856,23,21.0,19,25,3705.0
594,461.9243870322766,-0.43902439024390244,False,False,39,2,15,75100,75073,75112,75084,75104,bp,81.625,20,1660.0,27,12,693.0
595,1417.5491724883716,-0.43902439024390244,False,False,43,21,-3,75132,75112,75155,75126,75139,bp,280.25,13,-491.0,20,23,4454.0
596,966.8255650397717,-0.43902439024390244,True,True,50,0,2,75181,75155,75205,75173,75199,bp,125.53472222222223,26,816.0,26,24,1885.0
597,682.7210088494187,-0.43902439024390244,True,True,50,11,6,75233,75205,75255,75225,75236,bp,272.85416666666663,11,-512.0,28,22,2450.0
598,878.6589930332702,-0.43902439024390244,True,True,33,-1,-3,75270,75255,75288,75258,75281,bp,120.625,23,-113.0,15,18,3416.0
599,384.3071640518052,-0.43902439024390244,False,False,84,-27,-8,75326,75288,75372,75303,75354,bp,60.502329192546576,51,183.0,38,46,1423.0
600,278.108145973177,-0.43902439024390244,True,False,33,-1,-3,75387,75372,75405,75378,75399,bp,55.04166666666667,21,715.0,15,18,1674.0
601,840.5943695349404,-0.43902439024390244,True,False,67,1,-15,75431,75405,75472,75419,75448,bp,94.61764705882355,29,-120.0,26,41,2336.0
602,1151.2426024513811,-0.43902439024390244,True,False,50,-23,2,75498,75472,75522,75478,75513,bp,88.35,35,-1581.0,26,24,2964.0
603,469.9447366797443,-0.43902439024390244,False,False,31,-5,-3,75536,75522,75553,75525,75544,bp,80.66477272727272,19,-1019.0,14,17,369.0
604,527.238469496556,-0.43902439024390244,False,False,35,-5,9,75575,75553,75588,75558,75583,bp,79.61397058823529,25,-2232.0,22,13,2095.0
605,1117.3307714941616,-0.43902439024390244,False,False,62,13,22,75630,75588,75650,75603,75636,bp,178.25,33,-3405.0,42,20,3210.0
606,331.15856681539736,-0.43902439024390244,False,False,57,-3,31,75694,75650,75707,75682,75701,bp,93.67857142857143,19,-1697.0,44,13,2141.0
607,538.8993126247702,-0.43902439024390244,False,False,51,-5,7,75736,75707,75758,75717,75742,bp,76.0043859649123,25,-1872.0,29,22,1500.0
608,1493.8316521787765,-0.43902439024390244,False,False,47,-15,-3,75780,75758,75805,75762,75793,bp,121.2628205128205,31,-4180.0,22,25,3875.0
609,2964.262476333337,-1.1290322580645162,True,False,50,6,-6,78310,78288,78338,78296,78318,bp,297.3303571428571,22,-2604.0,22,28,6722.0
610,1536.4498751972362,-1.1290322580645162,False,False,50,15,0,78363,78338,78388,78346,78370,bp,131.3361344537815,24,-277.0,25,25,2133.0
611,877.8624703722581,-1.1290322580645162,True,True,84,-15,2,78431,78388,78472,78409,78452,bp,82.24891774891775,43,-702.0,43,41,4598.0
612,2013.664279838288,-1.1290322580645162,True,True,67,-6,15,78513,78472,78539,78480,78520,bp,231.7922077922078,40,-845.0,41,26,5895.0
613,1936.0360103038033,-1.1290322580645162,False,False,66,6,-14,78565,78539,78605,78554,78580,bp,183.3878787878788,26,-951.0,26,40,2397.0
614,1343.7397314722173,-1.1290322580645162,True,False,50,-22,0,78630,78605,78655,78612,78647,bp,100.70588235294115,35,-2471.0,25,25,3527.0
615,1528.6307811661188,-1.1290322580645162,True,False,46,6,-20,78668,78655,78701,78660,78683,bp,199.00416666666663,23,-2621.0,13,33,3611.0
616,2355.5397987759115,-1.1290322580645162,False,False,89,3,-29,78731,78701,78790,78712,78752,bp,194.00125313283212,40,-6202.0,30,59,7573.0
617,778.2059464203447,-1.1290322580645162,False,False,82,3,-28,78817,78790,78872,78795,78849,bp,53.07954545454545,54,-574.0,27,55,3094.0
618,1154.7974370318034,-1.1290322580645162,False,False,84,-15,32,78930,78872,78956,78906,78942,bp,173.3125,36,-2466.0,58,26,4625.0
619,1027.514447690657,-1.1290322580645162,False,False,49,8,-7,78977,78956,79005,78963,78984,bp,139.5,21,398.0,21,28,3495.0
620,1227.3356801987795,-1.1290322580645162,False,False,67,-28,-5,79036,79005,79072,79013,79058,bp,81.4100790513834,45,-1259.0,31,36,2165.0
621,1155.7286797420966,-1.1290322580645162,False,False,67,1,7,79109,79072,79139,79075,79119,bp,95.97941176470587,44,-1115.0,37,30,3831.0
622,3417.325401283493,-1.1290322580645162,False,False,81,19,1,79180,79139,79220,79164,79187,bp,305.5446428571429,23,-6529.0,41,40,5207.0
623,3118.3315741866636,-1.1290322580645162,True,True,66,2,-10,78286,78258,78324,78270,78304,bp,206.40972222222226,34,398.0,28,38,7641.0
624,2365.588176744009,-1.1290322580645162,False,False,52,5,20,78360,78324,78376,78340,78368,bp,184.7375,28,407.0,36,16,3357.0
625,1205.7102891934046,-1.1290322580645162,True,False,78,-2,-2,78414,78376,78454,78401,78435,bp,115.44688644688644,34,-297.0,38,40,3429.0
626,444.41170711927145,-1.1290322580645162,True,False,35,0,17,78480,78454,78489,78467,78484,bp,156.64423076923075,17,485.0,26,9,1809.0
627,738.0740656897267,-1.1290322580645162,True,False,66,12,-18,78513,78489,78555,78501,78526,bp,108.70192307692308,25,11.0,24,42,3529.0
628,1336.503513272235,-1.1290322580645162,True,True,50,5,0,78580,78555,78605,78563,78587,bp,160.38235294117646,24,849.0,25,25,3369.0
629,2988.4327977508037,-1.1290322580645162,True,True,61,-9,-13,78629,78605,78666,78616,78649,bp,231.0923076923077,33,-2067.0,24,37,8233.0
630,3573.138381620984,-1.1290322580645162,False,False,39,-4,-5,78683,78666,78705,78673,78697,bp,352.48571428571427,24,-2875.0,17,22,5933.0
631,1267.9778841103564,-1.1290322580645162,False,False,51,4,-1,78730,78705,78756,78717,78745,bp,134.2948717948718,28,288.0,25,26,4085.0
632,747.6272476729799,-1.1290322580645162,True,False,116,-15,24,78826,78756,78872,78777,78839,bp,132.2888540031397,62,-1424.0,70,46,5154.0
633,1263.2669666644044,-1.1290322580645162,True,False,51,-15,1,78898,78872,78923,78886,78914,bp,110.625,28,152.0,26,25,3227.0
634,1176.082453919986,-1.1290322580645162,True,True,33,4,-15,78932,78923,78956,78927,78948,bp,195.2125,21,838.0,9,24,4604.0
635,1843.366571702057,-1.1290322580645162,False,False,49,9,3,78982,78956,79005,78973,78993,bp,203.5707070707071,20,1118.0,26,23,3115.0
636,1469.751600081908,-1.1290322580645162,False,False,66,-13,4,79040,79005,79071,79022,79057,bp,130.88725490196077,35,-2329.0,35,31,2457.0
637,1663.4366185529784,-1.1290322580645162,False,False,57,-11,-3,79098,79071,79128,79079,79116,bp,119.75438596491229,37,-2844.0,27,30,5414.0
638,817.005262871827,-1.1290322580645162,False,False,44,-9,-2,79149,79128,79172,79142,79167,bp,90.17460317460319,25,823.0,21,23,1499.0
639,1015.2648216564808,-1.1290322580645162,False,False,33,4,17,79197,79172,79205,79183,79202,bp,164.13571428571433,19,-1419.0,25,8,1831.0
640,716.0182199877224,-0.9354838709677419,True,True,34,5,-16,82413,82404,82438,82407,82426,bp,144.86538461538458,19,-339.0,9,25,1277.0
641,394.91914739376296,-0.9354838709677419,False,False,66,24,-16,82463,82438,82504,82450,82469,bp,126.98717948717949,19,-477.0,25,41,2925.0
642,1148.6148030184627,-0.9354838709677419,True,True,35,8,-5,82519,82504,82539,82512,82532,bp,156.55494505494502,20,-898.0,15,20,1888.0
643,669.1277590742659,-0.9354838709677419,False,False,115,-29,3,82598,82539,82654,82560,82631,bp,73.35247208931419,71,-1738.0,59,56,5950.0
644,1984.788575927072,-0.9354838709677419,True,False,50,24,4,82681,82654,82704,82673,82694,bp,176.6298076923077,21,973.0,27,23,3942.0
645,3252.1161062394067,-0.9354838709677419,True,False,84,8,6,82749,82704,82788,82739,82768,bp,291.75526315789483,29,-1782.0,45,39,8575.0
646,4106.66612845784,-0.9354838709677419,True,True,66,19,-2,82820,82788,82854,82805,82832,bp,276.95833333333337,27,-2307.0,32,34,6472.0
647,1802.6684710161803,-0.9354838709677419,True,True,80,-3,6,82897,82854,82934,82878,82918,bp,117.01503759398494,40,473.0,43,37,5380.0
648,1242.50374185998,-0.9354838709677419,False,False,55,3,35,82979,82934,82989,82955,82986,bp,63.09821428571429,31,2151.0,45,10,806.0
649,2762.3421192341957,-0.9354838709677419,False,False,82,20,2,83031,82989,83071,83020,83042,bp,301.77272727272725,22,-3383.0,42,40,6850.0
650,1854.2757212297195,-0.9354838709677419,True,True,68,-12,8,83109,83071,83139,83084,83120,bp,136.73272727272726,36,-1321.0,38,30,4649.0
651,712.9480787199519,-0.9354838709677419,True,False,82,-14,-46,83157,83139,83221,83144,83193,bp,83.17948717948717,49,386.0,18,64,2498.0
652,1038.558050844571,-0.9354838709677419,False,False,50,-25,2,83247,83221,83271,83228,83263,bp,71.01973684210526,35,-23.0,26,24,2145.0
653,297.68711299174186,-0.9354838709677419,False,False,35,-10,3,83290,83271,83306,83273,83303,bp,14.407239819004527,30,1611.0,19,16,677.0
654,1648.535792221148,-0.9354838709677419,False,False,81,11,-1,83346,83306,83387,83323,83354,bp,169.57336956521738,31,-1212.0,40,41,4179.0
655,402.9877017070749,-0.9354838709677419,False,False,56,-9,-24,82409,82393,82449,82400,82433,bp,49.40972222222222,33,-1826.0,16,40,3163.0
656,385.8098246280578,-0.9354838709677419,False,False,27,26,-1,82462,82449,82476,82457,82467,bp,188.4,10,381.0,13,14,2592.0
657,1935.602444210409,-0.9354838709677419,True,True,74,8,2,82514,82476,82550,82503,82533,bp,171.70574162679424,30,-2076.0,38,36,4054.0
658,2247.3998673686547,-0.9354838709677419,False,False,71,-1,-3,82584,82550,82621,82571,82598,bp,206.8406593406593,27,-4372.0,34,37,5150.0
659,1194.3581534149084,-0.9354838709677419,False,False,35,8,-15,82631,82621,82656,82624,82645,bp,141.14285714285714,21,-821.0,10,25,4899.0
660,1660.5887360784259,-0.9354838709677419,True,True,55,20,-7,82680,82656,82711,82674,82692,bp,211.3333333333333,18,885.0,24,31,3686.0
661,2543.201615714981,-0.9354838709677419,True,True,70,-6,2,82747,82711,82781,82730,82764,bp,189.5,34,-2244.0,36,34,6062.0
662,1604.9882383205884,-0.9354838709677419,True,False,74,13,-18,82809,82781,82855,82792,82831,bp,100.07620320855615,39,236.0,28,46,3861.0
663,946.1613917432312,-0.9354838709677419,True,False,83,-4,35,82914,82855,82938,82883,82923,bp,129.56810035842292,40,430.0,59,24,3460.0
664,1424.7565413861155,-0.9354838709677419,True,True,66,2,8,82975,82938,83004,82959,82987,bp,106.02083333333334,28,358.0,37,29,2448.0
665,1477.0639334478408,-0.9354838709677419,True,True,51,14,7,83033,83004,83055,83017,83038,bp,195.4875,21,-1433.0,29,22,3056.0
666,1273.6331852060025,-0.9354838709677419,True,True,67,2,7,83092,83055,83122,83073,83107,bp,114.26842105263158,34,-1205.0,37,30,4624.0
667,1118.1083096144328,-0.9354838709677419,True,True,66,-5,16,83163,83122,83188,83143,83181,bp,76.6472222222222,38,-177.0,41,25,2155.0
668,476.5905735911104,-0.9354838709677419,True,True,78,-15,6,83230,83188,83266,83214,83253,bp,23.61820652173913,39,-87.0,42,36,1740.0
669,804.0408576334887,-0.9354838709677419,True,True,57,7,-27,83281,83266,83323,83277,83302,bp,178.8214285714286,25,-531.0,15,42,2651.0
670,1042.0461616116354,-0.9354838709677419,True,False,48,18,0,83347,83323,83371,83334,83353,bp,154.71153846153842,19,-613.0,24,24,2490.0
671,337.57186023422724,-3.6285714285714286,True,True,83,-32,33,90779,90721,90804,90744,90797,bp,42.7063492063492,53,-1463.0,58,25,1883.0
672,937.0750803626804,-3.6285714285714286,True,True,50,15,0,90829,90804,90854,90818,90840,bp,109.22727272727272,22,-1828.0,25,25,3344.0
673,524.3173607502655,-3.6285714285714286,True,False,83,-17,1,90896,90854,90937,90877,90925,bp,65.11615245009074,48,-1695.0,42,41,2114.0
674,568.0107946227406,-3.6285714285714286,True,False,38,5,10,90961,90937,90975,90956,90971,bp,148.65,15,-1590.0,24,14,1916.0
675,293.1507610947304,-3.6285714285714286,True,True,46,2,-4,90996,90975,91021,90991,91008,bp,130.34166666666667,17,-1286.0,21,25,1459.0
676,91.92932608774082,-3.6285714285714286,False,False,31,18,-7,91033,91021,91052,91027,91041,bp,77.14583333333334,14,-783.0,12,19,867.0
677,370.2216858204217,-0.7647058823529411,False,False,85,7,-29,91080,91052,91137,91073,91108,bp,111.46428571428572,35,-2317.0,28,57,2465.0
678,627.3278861421287,-0.7647058823529411,True,False,77,-7,-17,91167,91137,91214,91150,91190,bp,74.44501278772378,40,-3290.0,30,47,2403.0
679,699.7910769261664,-0.7647058823529411,True,False,40,-4,-10,91229,91214,91254,91223,91248,bp,102.17543859649122,25,-2820.0,15,25,1635.0
680,547.1247666451396,-0.7647058823529411,False,False,66,-1,-24,91275,91254,91320,91269,91304,bp,102.90517241379312,35,-2947.0,21,45,3826.0
681,565.0162682197924,-0.7647058823529411,False,False,67,-5,-7,91350,91320,91387,91338,91372,bp,74.59848484848484,34,-442.0,30,37,1768.0
682,532.3947418758084,-0.7647058823529411,True,False,67,-29,-3,91419,91387,91454,91401,91448,bp,54.45977011494253,47,-941.0,32,35,2187.0
683,528.6232454010591,-0.7647058823529411,False,False,37,-7,13,91479,91454,91491,91466,91483,bp,193.2980769230769,17,-995.0,25,12,2453.0
684,498.3764493728533,-0.7647058823529411,False,False,45,-27,-23,91502,91491,91536,91493,91530,bp,63.90873015873015,37,434.0,11,34,2927.0
685,1041.8362044131577,-0.7647058823529411,False,False,57,14,-31,91549,91536,91593,91540,91562,bp,158.76923076923075,22,142.0,13,44,2952.0
686,708.1679528104908,-0.7647058823529411,False,False,61,-6,-27,91610,91593,91654,91598,91639,bp,67.73850574712644,41,1861.0,17,44,2668.0
687,1328.20539638493,-0.7647058823529411,True,False,50,8,2,91680,91654,91704,91674,91699,bp,208.31578947368425,25,979.0,26,24,2909.0
688,569.4244897472912,-3.6285714285714286,True,True,66,-10,8,90775,90738,90804,90755,90793,bp,58.73333333333333,38,-1265.0,37,29,2674.0
689,1578.440000271477,-3.6285714285714286,True,True,50,23,2,90830,90804,90854,90821,90839,bp,235.33333333333331,18,-2788.0,26,24,3745.0
690,666.802925858302,-3.6285714285714286,True,True,74,9,10,90896,90854,90928,90880,90909,bp,78.55288461538461,29,-2371.0,42,32,3115.0
691,754.9759475603647,-3.6285714285714286,True,True,60,4,12,90964,90928,90988,90947,90977,bp,80.69683257918551,30,-1586.0,36,24,2944.0
692,448.16326755213913,-3.6285714285714286,True,True,83,-3,-1,91029,90988,91071,91011,91048,bp,67.89619883040936,37,-609.0,41,42,3059.0
693,951.4044218476973,-0.7647058823529411,True,True,67,-20,25,91117,91071,91138,91082,91131,bp,83.28571428571429,49,-1363.0,46,21,3202.0
694,1097.2970720117266,-0.7647058823529411,False,False,56,6,16,91174,91138,91194,91160,91187,bp,110.1978021978022,27,-1801.0,36,20,1757.0
695,650.9200262999121,-0.7647058823529411,False,False,76,13,-6,91229,91194,91270,91220,91246,bp,131.27777777777777,26,-2916.0,35,41,3052.0
696,421.96399664135896,-0.7647058823529411,False,False,55,-19,5,91300,91270,91325,91285,91316,bp,53.11041666666666,31,-1307.0,30,25,2488.0
697,625.303691663856,-0.7647058823529411,True,False,45,-1,-3,91346,91325,91370,91328,91351,bp,105.60555555555555,23,-1069.0,21,24,1818.0
698,318.73593060398827,-0.7647058823529411,True,False,20,3,-2,91379,91370,91390,91373,91382,bp,180.0,9,-693.0,9,11,1658.0
699,143.10346265915814,-0.7647058823529411,False,False,30,-1,14,91412,91390,91420,91394,91417,bp,93.80555555555556,23,67.0,22,8,1823.0
700,894.5427520198572,-0.7647058823529411,True,False,51,22,3,91447,91420,91471,91439,91458,bp,170.58522727272725,19,-646.0,27,24,2880.0
701,626.8836881736072,-0.7647058823529411,True,False,64,-20,18,91512,91471,91535,91499,91529,bp,68.82352941176471,30,61.0,41,23,2297.0
702,516.4793020619019,-0.7647058823529411,True,False,69,5,-47,91546,91535,91604,91539,91572,bp,153.8379120879121,33,-471.0,11,58,3294.0
703,1049.078909882515,-0.7647058823529411,True,True,67,6,-45,91615,91604,91671,91610,91640,bp,203.16,30,148.0,11,56,5185.0
704,527.4718281410891,-0.7647058823529411,False,False,33,28,-15,91680,91671,91704,91676,91684,bp,316.625,8,2004.0,9,24,1598.0
705,963.1804695330333,-0.7647058823529411,True,True,50,-14,2,91730,91704,91754,91720,91747,bp,114.81764705882351,27,595.0,26,24,2252.0
706,370.2216858204217,-0.7647058823529411,False,False,85,7,-29,91080,91052,91137,91073,91108,bp,111.46428571428572,35,-2317.0,28,57,2465.0
707,627.3278861421287,-0.7647058823529411,True,False,77,-7,-17,91167,91137,91214,91150,91190,bp,74.44501278772378,40,-3290.0,30,47,2403.0
708,699.7910769261664,-0.7647058823529411,True,False,40,-4,-10,91229,91214,91254,91223,91248,bp,102.17543859649122,25,-2820.0,15,25,1635.0
709,547.1247666451396,-0.7647058823529411,False,False,66,-1,-24,91275,91254,91320,91269,91304,bp,102.90517241379312,35,-2947.0,21,45,3826.0
710,565.0162682197924,-0.7647058823529411,False,False,67,-5,-7,91350,91320,91387,91338,91372,bp,74.59848484848484,34,-442.0,30,37,1768.0
711,532.3947418758084,-0.7647058823529411,True,False,67,-29,-3,91419,91387,91454,91401,91448,bp,54.45977011494253,47,-941.0,32,35,2187.0
712,528.6232454010591,-0.7647058823529411,False,False,37,-7,13,91479,91454,91491,91466,91483,bp,193.2980769230769,17,-995.0,25,12,2453.0
713,498.3764493728533,-0.7647058823529411,False,False,45,-27,-23,91502,91491,91536,91493,91530,bp,63.90873015873015,37,434.0,11,34,2927.0
714,1041.8362044131577,-0.7647058823529411,False,False,57,14,-31,91549,91536,91593,91540,91562,bp,158.76923076923075,22,142.0,13,44,2952.0
715,708.1679528104908,-0.7647058823529411,False,False,61,-6,-27,91610,91593,91654,91598,91639,bp,67.73850574712644,41,1861.0,17,44,2668.0
716,1328.20539638493,-0.7647058823529411,True,False,50,8,2,91680,91654,91704,91674,91699,bp,208.31578947368425,25,979.0,26,24,2909.0
717,360.3942553641577,-0.7647058823529411,True,False,89,-13,29,91763,91704,91793,91732,91775,bp,43.83064516129032,43,434.0,59,30,2088.0
718,949.1287701515582,-0.7647058823529411,False,False,45,13,-5,91813,91793,91838,91805,91833,bp,111.5375,28,-100.0,20,25,1525.0
719,384.8596386403528,-0.7647058823529411,False,False,99,-16,49,91912,91838,91937,91874,91925,bp,37.98987854251012,51,-2891.0,74,25,1388.0
720,433.3107088628552,-0.7647058823529411,False,False,103,-33,39,92008,91937,92040,91960,92021,bp,100.91746794871794,61,-4340.0,71,32,2444.0
721,951.4044218476973,-0.7647058823529411,True,True,67,-20,25,91117,91071,91138,91082,91131,bp,83.28571428571429,49,-1363.0,46,21,3202.0
722,1097.2970720117266,-0.7647058823529411,False,False,56,6,16,91174,91138,91194,91160,91187,bp,110.1978021978022,27,-1801.0,36,20,1757.0
723,650.9200262999121,-0.7647058823529411,False,False,76,13,-6,91229,91194,91270,91220,91246,bp,131.27777777777777,26,-2916.0,35,41,3052.0
724,421.96399664135896,-0.7647058823529411,False,False,55,-19,5,91300,91270,91325,91285,91316,bp,53.11041666666666,31,-1307.0,30,25,2488.0
725,625.303691663856,-0.7647058823529411,True,False,45,-1,-3,91346,91325,91370,91328,91351,bp,105.60555555555555,23,-1069.0,21,24,1818.0
726,318.73593060398827,-0.7647058823529411,True,False,20,3,-2,91379,91370,91390,91373,91382,bp,180.0,9,-693.0,9,11,1658.0
727,143.10346265915814,-0.7647058823529411,False,False,30,-1,14,91412,91390,91420,91394,91417,bp,93.80555555555556,23,67.0,22,8,1823.0
728,894.5427520198572,-0.7647058823529411,True,False,51,22,3,91447,91420,91471,91439,91458,bp,170.58522727272725,19,-646.0,27,24,2880.0
729,626.8836881736072,-0.7647058823529411,True,False,64,-20,18,91512,91471,91535,91499,91529,bp,68.82352941176471,30,61.0,41,23,2297.0
730,516.4793020619019,-0.7647058823529411,True,False,69,5,-47,91546,91535,91604,91539,91572,bp,153.8379120879121,33,-471.0,11,58,3294.0
731,1049.078909882515,-0.7647058823529411,True,True,67,6,-45,91615,91604,91671,91610,91640,bp,203.16,30,148.0,11,56,5185.0
732,527.4718281410891,-0.7647058823529411,False,False,33,28,-15,91680,91671,91704,91676,91684,bp,316.625,8,2004.0,9,24,1598.0
733,963.1804695330333,-0.7647058823529411,True,True,50,-14,2,91730,91704,91754,91720,91747,bp,114.81764705882351,27,595.0,26,24,2252.0
734,682.3596220883774,-0.7647058823529411,True,True,50,1,2,91780,91754,91804,91760,91785,bp,114.8,25,707.0,26,24,2007.0
735,375.82051106179483,-0.7647058823529411,False,False,45,10,-25,91814,91804,91849,91811,91832,bp,156.91666666666669,21,1173.0,10,35,1451.0
736,522.0811168267651,-0.7647058823529411,False,False,55,-16,29,91891,91849,91904,91863,91898,bp,53.125,35,-531.0,42,13,1229.0
737,179.64036091943166,-0.7647058823529411,False,False,46,-13,28,91941,91904,91950,91917,91948,bp,19.050595238095237,31,-1531.0,37,9,739.0
738,574.7298276830061,-0.7647058823529411,False,False,54,1,2,91978,91950,92004,91966,91991,bp,91.29487179487178,25,-3375.0,28,26,2656.0
739,312.18239451683706,-0.7647058823529411,True,False,33,18,17,92029,92004,92037,92017,92032,bp,169.58333333333331,15,-2997.0,25,8,1924.0
740,2363.1987877816737,-1.4857142857142858,False,False,68,-3,16,94729,94687,94755,94710,94736,bp,240.08646616541355,26,-3653.0,42,26,5259.0
741,515.1978632670217,-1.4857142857142858,False,False,32,-4,-14,94764,94755,94787,94759,94779,bp,88.6,20,612.0,9,23,2334.0
742,2103.1057712416737,-1.4857142857142858,False,False,51,31,-5,94810,94787,94838,94795,94824,bp,177.15952380952382,29,-2547.0,23,28,3760.0
743,1303.158742659932,-1.4857142857142858,False,False,100,-3,18,94897,94838,94938,94884,94915,bp,133.16239316239316,31,-2831.0,59,41,4418.0
744,408.1963871194457,-1.4857142857142858,False,False,43,30,-25,94947,94938,94981,94943,94951,bp,181.375,8,-86.0,9,34,1679.0
745,1530.2383877679606,-1.4857142857142858,False,False,53,3,-23,94996,94981,95034,94989,95013,bp,209.86134453781517,24,-2756.0,15,38,3292.0
746,738.4840634182723,-1.4857142857142858,True,False,65,30,-41,95046,95034,95099,95040,95058,bp,162.45833333333334,18,-1824.0,12,53,3013.0
747,572.6551058567172,-1.4857142857142858,True,False,28,17,-4,95111,95099,95127,95106,95118,bp,163.5285714285714,12,-711.0,12,16,1563.0
748,344.5314561261283,-1.4857142857142858,True,True,44,6,26,95162,95127,95171,95147,95164,bp,130.15,17,-1552.0,35,9,1264.0
749,720.0508005336333,-1.4857142857142858,True,False,50,-6,6,95199,95171,95221,95187,95215,bp,71.98958333333334,28,-2695.0,28,22,1731.0
750,880.0807945095697,-1.4857142857142858,True,False,94,16,-44,95246,95221,95315,95237,95272,bp,129.13888888888889,35,-3975.0,25,69,3628.0
751,1466.6327865675516,-1.4857142857142858,True,False,56,16,6,95346,95315,95371,95323,95353,bp,162.47826086956522,30,-4133.0,31,25,3589.0
752,539.19396069153,-1.4857142857142858,True,False,99,6,9,95425,95371,95470,95399,95433,bp,78.09134615384616,34,-3093.0,54,45,1768.0
753,125.55452067968044,-1.4857142857142858,False,False,22,8,-6,95478,95470,95492,95473,95486,bp,82.0375,13,-2680.0,8,14,559.0
754,423.8586997254413,-1.4857142857142858,False,False,45,-4,-3,95513,95492,95537,95507,95525,bp,133.79166666666666,18,-4346.0,21,24,1614.0
755,168.0539319561523,-1.4857142857142858,False,False,49,15,-29,95547,95537,95586,95539,95558,bp,128.14204545454544,19,-4454.0,10,39,2453.0
756,480.17267666451113,-1.4857142857142858,False,False,34,1,-16,95595,95586,95620,95592,95615,bp,120.875,23,-2991.0,9,25,1769.0
757,519.6538047945348,-1.4857142857142858,False,False,84,-16,4,95664,95620,95704,95639,95680,bp,66.07875,41,-4859.0,44,40,2002.0
758,1186.443942612197,-1.4857142857142858,False,False,71,-12,23,94730,94683,94754,94719,94747,bp,97.03475935828877,28,-520.0,47,24,3932.0
759,1499.4340633462734,-1.4857142857142858,True,False,65,-25,-15,94779,94754,94819,94763,94813,bp,111.95772058823529,50,-1773.0,25,40,4268.0
760,814.5038567019133,-1.4857142857142858,True,True,88,-44,32,94879,94819,94907,94838,94900,bp,66.7479674796748,62,-2518.0,60,28,2931.0
761,927.5446567735312,-1.4857142857142858,False,False,80,15,-2,94946,94907,94987,94918,94964,bp,76.53968253968254,46,-2300.0,39,41,4500.0
762,418.2286398081933,-1.4857142857142858,False,False,84,-14,34,95046,94987,95071,95025,95058,bp,62.55952380952381,33,445.0,59,25,1212.0
763,1201.3420677356412,-1.4857142857142858,False,False,45,1,3,95095,95071,95116,95077,95100,bp,153.93333333333334,23,-1012.0,24,21,2243.0
764,307.72662491238106,-1.4857142857142858,False,False,55,5,-29,95129,95116,95171,95124,95149,bp,142.65,25,-795.0,13,42,1233.0
765,1031.720836173578,-1.4857142857142858,False,False,46,7,-6,95191,95171,95217,95179,95202,bp,136.8030303030303,23,-2934.0,20,26,3024.0
766,544.2686433551044,-1.4857142857142858,True,False,69,-27,-11,95246,95217,95286,95232,95280,bp,61.182773109243705,48,-1861.0,29,40,2750.0
767,408.1708918105692,-1.4857142857142858,False,False,35,16,17,95312,95286,95321,95301,95315,bp,166.6060606060606,14,-1195.0,26,9,1417.0
768,1304.1161174237145,-1.4857142857142858,False,False,65,8,17,95362,95321,95386,95345,95368,bp,188.10784313725492,23,-2682.0,41,24,3495.0
769,556.5031725304326,-1.4857142857142858,True,True,51,-6,7,95415,95386,95437,95399,95424,bp,97.38194444444444,25,-1251.0,29,22,1691.0
770,811.5345852513148,-1.4857142857142858,True,False,34,10,-14,95447,95437,95471,95443,95463,bp,170.15625,20,-1733.0,10,24,2438.0
771,298.771608940672,-1.4857142857142858,True,False,67,-6,17,95513,95471,95538,95493,95525,bp,77.49166666666667,32,-1389.0,42,25,2886.0
772,276.3444340017388,-1.4857142857142858,False,False,32,24,18,95563,95538,95570,95551,95566,bp,129.75,15,-525.0,25,7,1387.0
773,483.2540224796965,-1.4857142857142858,False,False,100,-2,-14,95613,95570,95670,95605,95640,bp,164.91203703703704,35,-3059.0,43,57,2539.0
774,252.3437822628244,-1.4857142857142858,True,False,22,1,-4,95679,95670,95692,95673,95684,bp,178.51666666666665,11,-2269.0,9,13,1957.0
775,343.3549121018908,-1.5833333333333333,False,False,32,-2,-12,98664,98654,98686,98658,98675,bp,94.3560606060606,17,1277.0,10,22,2433.0
776,369.99170068595873,-1.5833333333333333,False,False,34,19,-14,98696,98686,98720,98690,98705,bp,122.19444444444444,15,2283.0,10,24,1598.0
777,897.1477488632678,-1.5833333333333333,False,False,68,8,16,98762,98720,98788,98739,98768,bp,138.68478260869566,29,93.0,42,26,2605.0
778,952.249746471371,-1.5833333333333333,True,True,66,17,-18,98812,98788,98854,98805,98831,bp,142.25187969924812,26,-209.0,24,42,2847.0
779,1220.7740478527585,-1.5833333333333333,True,True,63,23,-13,98879,98854,98917,98874,98896,bp,199.51176470588237,22,-204.0,25,38,3267.0
780,1031.7217365436709,-1.5833333333333333,True,True,74,-16,20,98964,98917,98991,98941,98982,bp,80.32487922705316,41,126.0,47,27,2389.0
781,1696.2690875915714,-1.5833333333333333,True,True,47,0,3,99016,98991,99038,99007,99032,bp,181.20138888888889,25,-1949.0,25,22,3331.0
782,1897.0650237623126,-1.5833333333333333,True,True,66,6,-10,99066,99038,99104,99057,99081,bp,187.86666666666667,24,-2130.0,28,38,4952.0
783,2891.087561364793,-1.5833333333333333,True,True,50,12,0,99129,99104,99154,99111,99135,bp,296.52777777777777,24,-3517.0,25,25,5992.0
784,1088.8460045974236,-1.5833333333333333,True,True,51,-13,31,99195,99154,99205,99171,99200,bp,142.09583333333333,29,-1164.0,41,10,2102.0
785,593.3035328919026,-1.5833333333333333,True,True,49,-17,31,99245,99205,99254,99216,99249,bp,100.625,33,-1427.0,40,9,1405.0
786,278.9362774820509,-1.5833333333333333,False,False,33,3,15,99278,99254,99287,99265,99284,bp,71.93589743589743,19,-1255.0,24,9,1393.0
787,1396.909822371068,-1.5833333333333333,False,False,50,4,6,99315,99287,99337,99306,99329,bp,143.83333333333331,23,-2655.0,28,22,4179.0
788,1149.3946700139236,-1.5833333333333333,False,False,50,0,0,99362,99337,99387,99356,99374,bp,188.2083333333333,18,-585.0,25,25,4354.0
789,631.7421990911096,-1.5833333333333333,False,False,45,-2,5,99412,99387,99432,99392,99422,bp,100.375,30,1139.0,25,20,-234.0
790,1053.3182594501707,-1.5833333333333333,False,False,39,-6,1,99452,99432,99471,99450,99468,bp,46.625,18,718.0,20,19,1386.0
791,1974.614512510036,-1.5833333333333333,False,False,93,25,-51,99492,99471,99564,99480,99514,bp,215.15151515151518,34,-3992.0,21,72,6810.0
792,643.014213709019,-1.5833333333333333,False,False,39,14,-9,99579,99564,99603,99573,99583,bp,165.04166666666669,10,350.0,15,24,913.0
793,539.7644792714839,-1.5833333333333333,True,False,34,-3,-16,99612,99603,99637,99607,99632,bp,93.15,25,108.0,9,25,1952.0
794,756.6629918266012,-1.5833333333333333,False,False,44,4,-8,98628,98610,98654,98617,98642,bp,83.90584415584415,25,1226.0,18,26,3813.0
795,388.35915468473434,-1.5833333333333333,False,False,78,-17,6,98696,98654,98732,98671,98713,bp,54.970588235294116,42,1352.0,42,36,1200.0
796,660.0776318823488,-1.5833333333333333,True,False,38,7,-10,98746,98732,98770,98738,98765,bp,118.68092105263158,27,534.0,14,24,2513.0
797,825.2389550513085,-1.5833333333333333,True,False,84,24,2,98813,98770,98854,98799,98829,bp,83.22767857142857,30,421.0,43,41,3396.0
798,863.3111861168636,-1.5833333333333333,True,False,84,-27,24,98908,98854,98938,98883,98927,bp,69.62105263157895,44,1224.0,54,30,3731.0
799,1194.2377159263308,-1.5833333333333333,True,False,48,-20,2,98963,98938,98986,98944,98979,bp,78.09210526315789,35,1666.0,25,23,2501.0
800,906.4711755499546,-1.5833333333333333,True,True,52,-26,8,99016,98986,99038,98994,99032,bp,83.70454545454545,38,461.0,30,22,2540.0
801,987.4550832856096,-1.5833333333333333,True,True,50,-4,4,99065,99038,99088,99044,99080,bp,63.98095238095239,36,983.0,27,23,2931.0
802,1959.9388782594046,-1.5833333333333333,True,True,66,-16,8,99125,99088,99154,99112,99145,bp,149.8576923076923,33,-568.0,37,29,4713.0
803,1783.7974310228465,-1.5833333333333333,True,True,50,4,0,99179,99154,99204,99162,99184,bp,223.11176470588236,22,-605.0,25,25,3311.0
804,900.26202184362,-1.5833333333333333,True,True,67,-20,-11,99232,99204,99271,99210,99256,bp,69.83143939393939,46,-710.0,28,39,3111.0
805,910.3845380998382,-1.5833333333333333,True,False,82,-21,0,99312,99271,99353,99282,99331,bp,93.9657894736842,49,-337.0,41,41,3338.0
806,465.82183270662637,-1.5833333333333333,True,False,34,-8,4,99372,99353,99387,99359,99380,bp,87.30288461538461,21,1188.0,19,15,1642.0
807,502.8994152025975,-1.5833333333333333,True,False,51,-6,-27,99399,99387,99438,99393,99424,bp,100.62,31,1311.0,12,39,2334.0
808,1607.8591389010805,-1.5833333333333333,True,True,64,-8,-18,99461,99438,99502,99449,99483,bp,127.3901515151515,34,-391.0,23,41,4018.0
809,2334.7924141170915,-1.5833333333333333,True,True,51,8,-23,99516,99502,99553,99509,99532,bp,273.49107142857144,23,-1070.0,14,37,4642.0
810,2887.486989522422,-1.5833333333333333,True,True,51,5,-3,99577,99553,99604,99563,99586,bp,268.0119047619048,23,-3017.0,24,27,6229.0
811,2421.555944299665,-2.96875,True,True,68,34,-16,102312,102286,102354,102296,102320,bp,263.59375,24,-2553.0,26,42,5951.0
812,2597.9580928573564,-2.96875,True,False,67,-7,17,102396,102354,102421,102378,102407,bp,236.48737373737373,29,-3645.0,42,25,6142.0
813,1158.7429175627412,-2.96875,False,False,32,-6,16,102445,102421,102453,102429,102447,bp,165.4375,18,-1423.0,24,8,1105.0
814,837.6543098334743,-2.96875,False,False,70,-7,-18,102479,102453,102523,102459,102503,bp,97.65833333333332,44,-2154.0,26,44,7235.0
815,1108.1508525648992,-2.96875,False,False,48,15,-2,102546,102523,102571,102540,102557,bp,202.1136363636364,17,2731.0,23,25,3081.0
816,1474.4940367240022,-2.96875,True,True,67,15,-17,102596,102571,102638,102589,102614,bp,174.6349206349206,25,1958.0,25,42,2875.0
817,3099.531254023136,-2.96875,True,True,66,5,-16,102663,102638,102704,102654,102686,bp,250.9227053140097,32,-772.0,25,41,8187.0
818,1431.809576758453,-2.96875,False,False,66,-17,18,102746,102704,102770,102723,102764,bp,92.07608695652172,41,916.0,42,24,1722.0
819,1858.6607195472027,-2.96875,False,False,68,18,-14,102797,102770,102838,102788,102818,bp,212.0,30,-2151.0,27,41,6542.0
820,4257.2091844964925,-2.96875,True,True,78,11,6,102880,102838,102916,102866,102896,bp,295.1517857142857,30,-5420.0,42,36,8361.0
821,4738.131455432181,-2.96875,False,False,71,4,13,102958,102916,102987,102937,102969,bp,367.74675324675314,32,-7553.0,42,29,11177.0
822,1323.743245707111,-2.96875,False,False,67,-6,-7,103017,102987,103054,103005,103041,bp,92.33333333333331,36,411.0,30,37,2793.0
823,1443.7873458151776,-2.96875,True,True,66,1,-16,103079,103054,103120,103071,103100,bp,170.29464285714286,29,-293.0,25,41,3724.0
824,2608.4759266040423,-2.96875,True,True,51,2,-7,103142,103120,103171,103130,103158,bp,203.6458333333333,28,-2054.0,22,29,5606.0
825,3164.799866200144,-2.96875,False,False,66,2,-4,103202,103171,103237,103188,103217,bp,253.32142857142856,29,-3222.0,31,35,7781.0
826,1573.2914674301526,-2.96875,False,False,50,-7,8,103266,103237,103287,103248,103275,bp,138.86111111111111,27,990.0,29,21,3197.0
827,891.2956591420523,-2.96875,True,False,55,-24,19,102308,102271,102326,102276,102316,bp,77.796875,40,-351.0,37,18,1974.0
828,540.2658146667535,-2.96875,True,False,32,5,-8,102338,102326,102358,102332,102348,bp,162.41666666666669,16,-819.0,12,20,2480.0
829,1338.9189852809554,-2.96875,True,False,60,10,-10,102383,102358,102418,102369,102392,bp,127.24603174603176,23,-1578.0,25,35,2977.0
830,1145.6470684630679,-2.96875,True,True,69,-7,-13,102446,102418,102487,102425,102465,bp,82.26441102756894,40,-1096.0,28,41,4430.0
831,3324.0521494620216,-2.96875,True,True,63,-3,-13,102512,102487,102550,102498,102531,bp,207.23684210526318,33,-1973.0,25,38,8561.0
832,1849.19889784206,-2.96875,True,True,87,-19,3,102595,102550,102637,102561,102618,bp,102.10358056265986,57,-1210.0,45,42,4203.0
833,3849.4249888760655,-2.96875,True,True,67,12,-11,102665,102637,102704,102656,102683,bp,321.3055555555556,27,-3815.0,28,39,9646.0
834,1712.0012599628885,-2.96875,False,False,83,-6,-1,102745,102704,102787,102722,102764,bp,105.0491990846682,42,-888.0,41,42,2807.0
835,1545.3123962856534,-2.96875,True,True,51,8,1,102813,102787,102838,102800,102828,bp,104.65641025641024,28,-34.0,26,25,3879.0
836,1938.9387973972027,-2.96875,True,True,80,-5,8,102882,102838,102918,102864,102899,bp,143.67647058823533,35,-2423.0,44,36,4439.0
837,2978.5720838989964,-2.96875,True,True,69,-15,-9,102948,102918,102987,102929,102969,bp,200.27443609022555,40,-5518.0,30,39,8782.0
838,1966.9994378115252,-2.96875,True,True,67,-1,-15,103013,102987,103054,102994,103033,bp,121.29868421052632,39,-1633.0,26,41,3936.0
839,2047.4255360886395,-2.96875,True,True,50,3,0,103079,103054,103104,103071,103092,bp,251.75961538461542,21,-2010.0,25,25,6184.0
840,1871.9001328944614,-2.96875,False,False,62,3,20,103145,103104,103166,103116,103148,bp,210.132183908046,32,-349.0,41,21,2652.0
841,1785.3207504132833,-2.96875,False,False,70,-15,-8,103197,103166,103236,103183,103220,bp,149.97670807453414,37,-3187.0,31,39,4613.0
842,3713.5183018254747,-2.96875,False,False,51,4,-19,103252,103236,103287,103242,103268,bp,322.325,26,-4631.0,16,35,9939.0
843,265.5329674994306,0.84375,False,False,61,-15,15,106447,106409,106470,106424,106458,bp,49.24703557312253,34,1225.0,38,23,650.0
844,704.7920798017523,0.84375,False,False,51,-12,-1,106495,106470,106521,106477,106515,bp,48.827777777777776,38,652.0,25,26,2999.0
845,1988.542345059292,0.84375,True,True,60,4,14,106558,106521,106581,106541,106567,bp,192.66666666666669,26,-780.0,37,23,4603.0
846,1376.4172510641226,0.84375,False,False,56,35,6,106612,106581,106637,106597,106620,bp,111.95833333333334,23,1266.0,31,25,2230.0
847,2391.4443254337452,0.84375,False,False,88,3,28,106695,106637,106725,106678,106708,bp,212.4886877828054,30,-2782.0,58,30,6292.0
848,1740.3955149125754,0.84375,True,True,62,6,2,106757,106725,106787,106741,106767,bp,126.8875,26,-220.0,32,30,3180.0
849,598.9464380052207,0.84375,False,False,67,-37,-15,106813,106787,106854,106799,106847,bp,71.98529411764707,48,258.0,26,41,3028.0
850,178.88971455673217,0.84375,False,False,33,17,-17,106862,106854,106887,106858,106875,bp,105.68269230769229,17,2174.0,8,25,1625.0
851,1035.6747714515145,0.84375,False,False,100,17,-16,106929,106887,106987,106909,106946,bp,79.09705882352941,37,-518.0,42,58,1955.0
852,1407.1372474545026,0.84375,False,False,65,9,-13,107013,106987,107052,107000,107032,bp,103.01012145748987,32,-735.0,26,39,4737.0
853,1573.120683767061,0.84375,True,True,84,2,-6,107091,107052,107136,107073,107108,bp,108.99836601307189,35,537.0,39,45,3719.0
854,3725.9197269407337,0.84375,True,True,52,13,-2,107161,107136,107188,107145,107171,bp,326.725,26,-3025.0,25,27,8830.0
855,1612.9708602631254,0.84375,False,False,66,-11,18,107230,107188,107254,107210,107247,bp,73.34411764705881,37,893.0,42,24,1189.0
856,1089.1699148249734,0.84375,False,False,100,-14,18,107313,107254,107354,107273,107334,bp,113.96666666666668,61,-3871.0,59,41,6470.0
857,2038.768188917429,0.84375,False,False,68,-6,14,107395,107354,107422,107381,107413,bp,117.51190476190477,32,-545.0,41,27,4374.0
858,1141.9466455459194,0.84375,True,False,67,-1,15,106462,106421,106488,106441,106473,bp,149.65367965367966,32,-913.0,41,26,3322.0
859,1235.8710379436434,0.84375,True,True,48,-7,2,106513,106488,106536,106504,106527,bp,158.94444444444446,23,-1774.0,25,23,2555.0
860,673.166403610507,0.84375,True,True,41,5,-11,106551,106536,106577,106543,106566,bp,96.1875,23,-940.0,15,26,2346.0
861,1961.8944239715242,0.84375,True,True,57,10,1,106606,106577,106634,106594,106614,bp,211.2708333333333,20,-2544.0,29,28,3860.0
862,802.8637559614543,0.84375,False,False,87,-7,-31,106662,106634,106721,106644,106692,bp,84.27777777777777,48,-2688.0,28,59,4542.0
863,1195.3727096805158,0.84375,False,False,50,-4,0,106746,106721,106771,106733,106764,bp,104.33760683760686,31,-321.0,25,25,3465.0
864,589.0306243045243,0.84375,False,False,49,-14,35,106813,106771,106820,106791,106816,bp,98.71212121212122,25,-236.0,42,7,997.0
865,1163.23882065524,0.84375,False,False,51,12,-3,106844,106820,106871,106827,106850,bp,170.56862745098042,23,-1050.0,24,27,3731.0
866,1380.802856396226,0.84375,True,False,83,-12,-27,106899,106871,106954,106885,106928,bp,98.30295566502464,43,-879.0,28,55,4148.0
867,803.9549162102134,0.84375,True,False,84,-41,20,107006,106954,107038,106959,107022,bp,113.17087765957449,63,-435.0,52,32,3581.0
868,345.3202874288225,0.84375,False,False,18,17,2,107048,107038,107056,107044,107051,bp,209.16666666666669,7,1108.0,10,8,994.0
869,1267.2492749499534,0.84375,False,False,65,13,5,107091,107056,107121,107075,107100,bp,129.92013888888889,25,-236.0,35,30,3342.0
870,2638.406751786801,0.84375,True,True,67,4,-13,107148,107121,107188,107138,107169,bp,233.0857142857143,31,-2854.0,27,40,6927.0
871,2252.269073375854,0.84375,True,True,50,4,0,107213,107188,107238,107204,107230,bp,189.99019607843132,26,-309.0,25,25,4091.0
872,1106.5414417026784,0.84375,False,False,83,-27,29,107294,107238,107321,107260,107307,bp,110.2364253393665,47,-2248.0,56,27,3156.0
873,706.3274464086577,0.84375,False,False,39,5,-17,107332,107321,107360,107327,107347,bp,116.03333333333332,20,-415.0,11,28,3225.0
874,1764.611285355367,0.84375,True,False,63,12,-25,107379,107360,107423,107372,107397,bp,210.89285714285717,25,-1439.0,19,44,3035.0
875,1364.5179417376607,7.413793103448276,True,True,65,12,17,110446,110405,110470,110427,110453,bp,186.90977443609023,26,2081.0,41,24,4086.0
876,3065.019055045976,7.413793103448276,True,True,67,21,9,110508,110470,110537,110491,110517,bp,246.1045751633987,26,330.0,38,29,6140.0
877,2745.933168607801,7.413793103448276,True,True,84,-9,26,110592,110537,110621,110564,110606,bp,191.69642857142856,42,-1946.0,55,29,6679.0
878,2846.5632889413646,7.413793103448276,True,False,85,35,-33,110647,110621,110706,110639,110664,bp,293.76470588235287,25,-2107.0,26,59,5225.0
879,3386.907459693902,7.413793103448276,True,True,66,0,2,110740,110706,110772,110724,110756,bp,232.71875,32,-3774.0,34,32,8307.0
880,2339.245437502589,7.413793103448276,True,True,66,-15,-8,110801,110772,110838,110788,110829,bp,191.7898351648352,41,-2813.0,29,37,4391.0
881,1273.412914044951,7.413793103448276,True,True,62,-6,-6,110866,110838,110900,110855,110884,bp,130.1818181818182,29,-1384.0,28,34,3179.0
882,1767.7468213095444,7.413793103448276,False,False,53,3,-23,110915,110900,110953,110907,110933,bp,165.10416666666669,26,-490.0,15,38,5682.0
883,2253.475996596052,7.413793103448276,False,False,68,33,-18,110978,110953,111021,110962,110992,bp,193.01785714285717,30,-1736.0,25,43,4515.0
884,2913.5494223652645,7.413793103448276,False,False,81,6,27,111075,111021,111102,111055,111086,bp,241.1931818181818,31,-6351.0,54,27,5394.0
885,1739.6637407555938,7.413793103448276,False,False,85,21,-27,111131,111102,111187,111123,111151,bp,185.6,28,-4174.0,29,56,6536.0
886,1486.7021429099245,7.413793103448276,False,False,67,19,-15,111213,111187,111254,111200,111237,bp,101.8221153846154,37,-620.0,26,41,5178.0
887,302.96133905557105,7.413793103448276,False,False,84,0,72,111332,111254,111338,111293,111335,bp,123.03846153846152,42,-1698.0,78,6,1474.0
888,1436.0152529080224,7.413793103448276,True,True,84,-4,40,111400,111338,111422,111377,111411,bp,154.9308300395257,34,-3048.0,62,22,4734.0
889,2566.154750682341,7.413793103448276,True,True,67,-14,15,110446,110405,110472,110425,110458,bp,256.44642857142856,33,-891.0,41,26,8228.0
890,1274.0508390544485,7.413793103448276,True,True,66,0,-18,110496,110472,110538,110477,110519,bp,95.49313501144164,42,3114.0,24,42,2879.0
891,1401.1836251065954,7.413793103448276,True,False,49,11,33,110579,110538,110587,110561,110581,bp,248.66666666666663,20,1468.0,41,8,2448.0
892,672.0265786787189,7.413793103448276,True,False,101,5,-15,110630,110587,110688,110612,110660,bp,76.65,48,670.0,43,58,3803.0
893,2134.6137934320222,7.413793103448276,True,True,82,1,2,110730,110688,110770,110713,110747,bp,194.7352941176471,34,-2228.0,42,40,6632.0
894,2141.001008685524,7.413793103448276,True,False,51,-20,1,110796,110770,110821,110782,110814,bp,155.66666666666666,32,-1364.0,26,25,4131.0
895,432.18544479602167,7.413793103448276,False,False,33,29,-11,110832,110821,110854,110826,110846,bp,156.85714285714286,20,392.0,11,22,2465.0
896,3201.912893481627,7.413793103448276,False,False,96,11,28,110916,110854,110950,110895,110928,bp,278.25,33,-4001.0,62,34,9339.0
897,744.7234160419482,7.413793103448276,True,False,88,-14,40,111014,110950,111038,110972,111019,bp,197.6095238095238,47,-1242.0,64,24,3437.0
898,981.3929642944008,7.413793103448276,True,False,51,15,25,111076,111038,111089,111052,111083,bp,121.89285714285714,31,-912.0,38,13,2649.0
899,2116.3046232349875,7.413793103448276,True,False,93,-4,15,111143,111089,111182,111129,111164,bp,158.91666666666669,35,-3190.0,54,39,6211.0
900,1576.8476992969074,7.413793103448276,True,True,73,-4,-11,111213,111182,111255,111195,111237,bp,118.49305555555556,42,-1097.0,31,42,6093.0
901,1878.3510159188281,7.413793103448276,True,False,53,-2,23,111293,111255,111308,111275,111300,bp,160.74603174603175,25,435.0,38,15,2709.0
902,867.7629167970751,7.413793103448276,False,False,45,22,5,111333,111308,111353,111323,111342,bp,177.49444444444444,19,-646.0,25,20,1277.0
903,2060.3206228427584,7.413793103448276,False,False,68,6,20,111397,111353,111421,111383,111406,bp,244.718253968254,23,-2381.0,44,24,7144.0
904,316.6451639762865,0.17142857142857143,True,True,42,4,16,114731,114702,114744,114724,114735,bp,193.53571428571428,11,-1030.0,29,13,1930.0
905,380.143025488509,0.17142857142857143,True,False,31,3,1,114760,114744,114775,114750,114766,bp,114.88333333333333,16,-683.0,16,15,2351.0
906,821.5819190445235,0.17142857142857143,True,False,63,11,-19,114797,114775,114838,114785,114815,bp,87.1111111111111,30,140.0,22,41,2784.0
907,443.6782174756972,0.17142857142857143,True,True,67,8,17,114880,114838,114905,114856,114886,bp,106.77083333333331,30,1230.0,42,25,2255.0
908,557.4693832897998,0.17142857142857143,True,True,50,-11,0,114930,114905,114955,114924,114951,bp,135.60714285714286,27,1277.0,25,25,1805.0
909,342.5494201415194,0.17142857142857143,True,True,51,10,1,114981,114955,115006,114967,114987,bp,87.82142857142857,20,916.0,26,25,1414.0
910,474.55016184982213,0.17142857142857143,True,False,33,-3,7,115026,115006,115039,115017,115035,bp,69.3888888888889,18,1287.0,20,13,1867.0
911,801.2046087209669,0.17142857142857143,True,False,66,-15,-18,115063,115039,115105,115050,115091,bp,73.95467032967035,41,712.0,24,42,2139.0
912,736.3489551147986,0.17142857142857143,True,False,48,-3,4,115131,115105,115153,115117,115139,bp,102.41071428571428,22,254.0,26,22,1663.0
913,957.2989795650027,0.17142857142857143,False,False,38,21,-16,115164,115153,115191,115158,115182,bp,96.58333333333331,24,892.0,11,27,3296.0
914,1993.9006634889959,0.17142857142857143,False,False,103,20,9,115247,115191,115294,115227,115257,bp,206.1,30,-2377.0,56,47,5044.0
915,899.9220044267804,0.17142857142857143,False,False,46,-11,18,115326,115294,115340,115307,115335,bp,68.1111111111111,28,802.0,32,14,1667.0
916,2404.7150407407557,0.17142857142857143,False,False,65,28,-23,115361,115340,115405,115352,115371,bp,356.8388888888888,19,-3526.0,21,44,7034.0
917,1665.4818158381304,0.17142857142857143,False,False,50,13,2,115431,115405,115455,115418,115448,bp,104.92986425339369,30,169.0,26,24,2666.0
918,2338.7255899885704,0.17142857142857143,True,False,84,13,26,115510,115455,115539,115491,115518,bp,245.43421052631575,27,-2294.0,55,29,6218.0
919,2569.9523648836303,0.17142857142857143,True,True,66,3,8,115576,115539,115605,115558,115586,bp,201.5,28,-1131.0,37,29,5240.0
920,1020.8083641387162,0.17142857142857143,False,False,62,-17,22,115647,115605,115667,115617,115652,bp,135.86666666666667,35,558.0,42,20,2425.0
921,289.94930478548997,0.17142857142857143,False,False,22,22,-4,115676,115667,115689,115670,115682,bp,90.08333333333334,12,2011.0,9,13,1537.0
922,1105.3946166687526,0.17142857142857143,False,False,64,-13,-14,114763,114738,114802,114756,114788,bp,153.67714285714285,32,-3783.0,25,39,4465.0
923,794.4277120798572,0.17142857142857143,False,False,53,1,-21,114818,114802,114855,114807,114833,bp,70.83939393939394,26,-996.0,16,37,2192.0
924,1404.5710465926675,0.17142857142857143,True,True,49,-2,1,114880,114855,114904,114860,114892,bp,107.8,32,-1314.0,25,24,3765.0
925,2141.5130486648345,0.17142857142857143,False,False,63,3,-9,114931,114904,114967,114922,114951,bp,217.625,29,-3531.0,27,36,4131.0
926,541.3393231848595,0.17142857142857143,False,False,55,8,-1,114994,114967,115022,114983,115008,bp,57.532467532467535,25,-1045.0,27,28,1856.0
927,1230.3244769345426,0.17142857142857143,False,False,66,2,-16,115047,115022,115088,115041,115067,bp,174.25,26,-1840.0,25,41,2675.0
928,2153.6897547000485,0.17142857142857143,False,False,67,-6,-17,115113,115088,115155,115095,115131,bp,174.08333333333331,36,-4669.0,25,42,6767.0
929,1894.817019806577,0.17142857142857143,False,False,49,-19,-9,115175,115155,115204,115161,115196,bp,112.34523809523809,35,-1017.0,20,29,4672.0
930,1494.9599357937605,0.17142857142857143,False,False,53,-15,1,115231,115204,115257,115212,115250,bp,100.34210526315788,38,-1423.0,27,26,2476.0
931,928.3536235591921,0.17142857142857143,True,True,81,1,-1,115297,115257,115338,115273,115315,bp,70.31944444444444,42,-1532.0,40,41,3253.0
932,1581.057599340793,0.17142857142857143,True,True,66,7,-8,115367,115338,115404,115358,115385,bp,154.52777777777774,27,-1190.0,29,37,5457.0
933,2376.7285701830388,0.17142857142857143,True,True,51,21,1,115430,115404,115455,115419,115437,bp,274.57142857142856,18,-1708.0,26,25,4367.0
934,2106.4056175311857,0.17142857142857143,True,True,67,7,7,115492,115455,115522,115476,115506,bp,161.23660714285714,30,-2405.0,37,30,4135.0
935,644.1437636627468,0.17142857142857143,False,False,62,-3,22,115564,115522,115584,115543,115568,bp,163.89285714285714,25,-869.0,42,20,2284.0
936,289.18894153383997,0.17142857142857143,False,False,38,12,-12,115597,115584,115622,115590,115602,bp,172.38571428571427,12,626.0,13,25,2736.0
937,733.5320516496927,0.17142857142857143,True,False,33,2,-9,115634,115622,115655,115626,115646,bp,118.66666666666666,20,1255.0,12,21,2105.0
938,391.72542308479564,0.17142857142857143,False,False,68,-16,40,115709,115655,115723,115668,115717,bp,46.824695121951216,49,1763.0,54,14,914.0
939,954.9871699924768,-0.7352941176470589,True,False,67,6,19,118281,118238,118305,118268,118293,bp,140.60256410256412,25,520.0,43,24,2455.0
940,1185.0037867420253,-0.7352941176470589,True,True,63,-5,-11,118331,118305,118368,118324,118353,bp,140.3051948051948,29,230.0,26,37,3053.0
941,598.9131777254607,-0.7352941176470589,True,False,87,-18,-53,118385,118368,118455,118377,118432,bp,112.90558510638296,55,423.0,17,70,2779.0
942,1240.8281984573994,-0.7352941176470589,True,False,51,0,3,118482,118455,118506,118469,118498,bp,114.99759615384615,29,601.0,27,24,3341.0
943,1007.3401534556733,-0.7352941176470589,True,True,83,-24,-1,118547,118506,118589,118527,118577,bp,91.65,50,-773.0,41,42,4154.0
944,1118.236490429543,-0.7352941176470589,True,True,61,4,-9,118615,118589,118650,118603,118631,bp,91.21875,28,708.0,26,35,2631.0
945,1829.2114824475848,-0.7352941176470589,True,False,55,30,-1,118677,118650,118705,118663,118684,bp,211.78571428571428,21,-312.0,27,28,4283.0
946,1460.8651585870487,-0.7352941176470589,False,False,100,3,16,118763,118705,118805,118735,118775,bp,173.18452380952382,40,-2103.0,58,42,5753.0
947,831.1946770331662,-0.7352941176470589,False,False,38,15,14,118831,118805,118843,118818,118835,bp,107.94230769230771,17,1369.0,26,12,1191.0
948,192.53978190802457,-0.7352941176470589,False,False,61,-23,29,118888,118843,118904,118867,118899,bp,36.61904761904762,32,85.0,45,16,305.0
949,108.43985990116323,-0.7352941176470589,False,False,19,6,-1,118913,118904,118923,118908,118918,bp,139.8,10,-1180.0,9,10,1324.0
950,371.7867486180288,-0.7352941176470589,False,False,50,-12,-2,118947,118923,118973,118934,118969,bp,29.097902097902104,35,-817.0,24,26,2046.0
951,745.0425287580317,-0.7352941176470589,True,True,82,2,0,119014,118973,119055,118992,119026,bp,75.3030303030303,34,-903.0,41,41,2888.0
952,359.6299216748806,-0.7352941176470589,True,True,101,-19,15,119113,119055,119156,119062,119128,bp,65.1,66,-1512.0,58,43,2864.0
953,770.934149447315,-0.7352941176470589,True,False,66,-9,20,119199,119156,119222,119175,119205,bp,109.6875,30,-706.0,43,23,2384.0
954,992.0068149283239,-0.7352941176470589,False,False,34,1,-16,119231,119222,119256,119226,119249,bp,146.19444444444446,23,-455.0,9,25,2033.0
955,982.0583687272194,-0.7352941176470589,True,True,40,2,-2,118241,118222,118262,118230,118251,bp,159.05,21,395.0,19,21,2574.0
956,1726.4213136633327,-0.7352941176470589,True,True,49,6,-9,118282,118262,118311,118274,118299,bp,157.98897058823533,25,23.0,20,29,3977.0
957,2259.0569403820136,-0.7352941176470589,True,True,74,11,0,118348,118311,118385,118330,118359,bp,177.03030303030303,29,-1720.0,37,37,4625.0
958,1191.4572962358588,-0.7352941176470589,True,True,53,-5,3,118413,118385,118438,118399,118425,bp,105.70833333333331,26,4.0,28,25,3190.0
959,1527.8702143026458,-0.7352941176470589,True,False,67,13,-25,118459,118438,118505,118446,118478,bp,156.26113360323887,32,-1266.0,21,46,5144.0
960,1717.2939489574646,-0.7352941176470589,True,True,72,-17,12,118547,118505,118577,118523,118565,bp,131.61111111111111,42,-692.0,42,30,6026.0
961,2658.594424255297,-0.7352941176470589,True,True,62,3,6,118611,118577,118639,118590,118620,bp,215.64285714285717,30,-896.0,34,28,4836.0
962,1768.870685363873,-0.7352941176470589,True,True,78,-20,4,118680,118639,118717,118653,118700,bp,109.925,47,-1115.0,41,37,5561.0
963,1544.8397461823795,-0.7352941176470589,False,False,72,-20,20,118763,118717,118789,118727,118769,bp,141.5,42,-1602.0,46,26,2623.0
964,800.5492469307494,-0.7352941176470589,True,True,43,-13,-17,118802,118789,118832,118791,118821,bp,79.7488038277512,30,-633.0,13,30,2710.0
965,986.2717514534984,-0.7352941176470589,True,False,40,10,-18,118843,118832,118872,118838,118859,bp,163.71875,21,-345.0,11,29,2187.0
966,274.3052699057328,-0.7352941176470589,True,False,66,-33,18,118914,118872,118938,118890,118934,bp,36.20833333333333,44,271.0,42,24,1652.0
967,442.3604311495808,-0.7352941176470589,True,False,32,-7,4,118956,118938,118970,118945,118965,bp,93.54040404040406,20,-78.0,18,14,1961.0
968,314.46333881832743,-0.7352941176470589,True,True,35,-10,-7,118984,118970,119005,118978,118999,bp,116.35,21,78.0,14,21,2517.0
969,1010.5421748895824,-0.7352941176470589,True,False,34,-3,-14,119015,119005,119039,119010,119033,bp,215.6833333333333,23,-972.0,10,24,2238.0
970,857.4783433520438,-0.7352941176470589,True,False,77,-13,-3,119076,119039,119116,119053,119094,bp,84.59178743961353,41,-966.0,37,40,3183.0
971,1784.3423245302106,-0.7352941176470589,True,False,39,17,-9,119131,119116,119155,119122,119139,bp,232.91666666666669,17,-1465.0,15,24,4507.0
972,2572.9623884250987,-0.7352941176470589,True,False,68,16,-10,119184,119155,119223,119173,119199,bp,223.77575757575755,26,-2605.0,29,39,5270.0
973,287.1927342642226,2.3125,False,False,50,7,-2,122714,122690,122740,122702,122719,bp,143.475,17,793.0,24,26,2383.0
974,369.3140965976967,2.3125,False,False,32,-5,6,122759,122740,122772,122743,122765,bp,83.42708333333334,22,1752.0,19,13,1376.0
975,1117.7070813428488,2.3125,False,False,50,-1,2,122798,122772,122822,122782,122815,bp,75.43382352941177,33,67.0,26,24,2304.0
976,2192.2682164239927,2.3125,False,False,67,13,17,122864,122822,122889,122847,122873,bp,232.1633986928105,26,-2689.0,42,25,5698.0
977,1220.754812514873,2.3125,False,False,83,11,3,122932,122889,122972,122912,122949,bp,83.83088235294117,37,637.0,43,40,3456.0
978,2440.576414734602,2.3125,True,True,67,8,17,123014,122972,123039,122997,123024,bp,230.70294117647057,27,-1258.0,42,25,5823.0
979,2503.267013555709,2.3125,True,True,84,42,-10,123076,123039,123123,123059,123087,bp,229.07219251336895,28,-1984.0,37,47,5825.0
980,1606.9326425258548,2.3125,False,False,82,-2,0,123164,123123,123205,123157,123184,bp,220.87857142857143,27,-221.0,41,41,5519.0
981,363.07194767503546,2.3125,False,False,34,16,-14,123215,123205,123239,123209,123222,bp,175.39285714285714,13,3569.0,10,24,2884.0
982,1461.6123632933152,2.3125,False,False,56,-7,28,123281,123239,123295,123251,123287,bp,143.26666666666662,36,1130.0,42,14,2318.0
983,596.6788452786104,2.3125,True,False,78,-6,-6,123331,123295,123373,123316,123349,bp,47.66666666666667,33,1398.0,36,42,2463.0
984,801.5226609673953,2.3125,False,False,33,2,-15,123382,123373,123406,123376,123398,bp,96.39583333333331,22,2297.0,9,24,1381.0
985,640.5034712183392,2.3125,False,False,116,-2,-20,123454,123406,123522,123422,123476,bp,77.765625,54,-1167.0,48,68,3445.0
986,943.0034529265927,2.3125,False,False,50,26,-2,123546,123522,123572,123528,123554,bp,102.70138888888887,26,565.0,24,26,2534.0
987,821.6171016468691,2.3125,False,False,68,25,18,123615,123572,123640,123606,123619,bp,222.94444444444446,13,-618.0,43,25,2037.0
988,386.87983251056914,2.3125,False,False,67,0,7,123677,123640,123707,123657,123690,bp,72.20192307692308,33,474.0,37,30,1953.0
989,619.1302609155974,2.3125,False,False,51,5,33,122764,122722,122773,122751,122768,bp,163.18269230769232,17,22.0,42,9,2095.0
990,908.6985041453092,2.3125,True,False,62,7,-14,122797,122773,122835,122790,122815,bp,132.89285714285714,25,-322.0,24,38,2869.0
991,2436.6681037149037,2.3125,True,True,54,3,4,122864,122835,122889,122847,122872,bp,293.9375,25,-2729.0,29,25,7260.0
992,2137.071677621384,2.3125,False,False,50,18,0,122914,122889,122939,122900,122920,bp,184.47619047619045,20,-1163.0,25,25,2683.0
993,629.8636740699808,2.3125,True,False,37,11,13,122964,122939,122976,122958,122969,bp,227.4,11,-694.0,25,12,2727.0
994,2143.6169193871583,2.3125,True,False,63,3,13,123014,122976,123039,122991,123023,bp,218.5072463768116,32,-1261.0,38,25,6513.0
995,3164.1171791867723,2.3125,True,True,79,-12,-5,123076,123039,123118,123058,123099,bp,204.97222222222226,41,-2099.0,37,42,8442.0
996,2358.1263134944297,2.3125,False,False,68,-11,-8,123148,123118,123186,123128,123166,bp,136.425,38,-1454.0,30,38,2660.0
997,897.6436496435898,2.3125,False,False,55,25,-33,123197,123186,123241,123193,123221,bp,216.75,28,-718.0,11,44,5311.0
998,372.06098381650634,2.3125,False,False,51,-1,29,123281,123241,123292,123274,123287,bp,172.71428571428572,13,2227.0,40,11,1945.0
999,720.5893565843068,2.3125,True,False,32,9,12,123314,123292,123324,123299,123320,bp,104.68333333333334,21,1437.0,22,10,1831.0
1000,1037.6855366042619,2.3125,True,False,65,6,17,123365,123324,123389,123350,123376,bp,100.61515151515152,26,441.0,41,24,2565.0
1001,690.3915733161722,2.3125,True,True,89,-34,51,123459,123389,123478,123408,123468,bp,111.28431372549021,60,-563.0,70,19,3434.0
1002,497.68615421236086,2.3125,False,False,111,-48,-29,123519,123478,123589,123494,123567,bp,47.34708333333334,73,-193.0,41,70,3133.0
1003,780.5194336415649,2.3125,False,False,50,7,-34,123597,123589,123639,123592,123620,bp,96.2,28,1605.0,8,42,2491.0
1004,422.5823849376277,2.3125,False,False,54,13,-4,123664,123639,123693,123655,123678,bp,43.86507936507937,23,2883.0,25,29,1707.0
1005,587.6625273314153,4.117647058823529,False,False,102,-12,54,126515,126437,126539,126468,126520,bp,171.57021276595742,52,-558.0,78,24,3142.0
1006,679.0417805891427,4.117647058823529,False,False,67,60,-15,126565,126539,126606,126560,126571,bp,174.33333333333331,11,1524.0,26,41,2869.0
1007,2961.327654811785,4.117647058823529,False,False,81,20,17,126655,126606,126687,126642,126669,bp,270.80494505494505,27,-2641.0,49,32,7509.0
1008,1973.4805065348492,4.117647058823529,True,True,87,8,7,126734,126687,126774,126716,126749,bp,134.17222222222222,33,-1070.0,47,40,4226.0
1009,2246.286435500201,4.117647058823529,True,True,82,23,-34,126798,126774,126856,126790,126816,bp,200.17361111111111,26,-911.0,24,58,5500.0
1010,2703.087496382958,4.117647058823529,True,True,51,4,-1,126881,126856,126907,126865,126895,bp,197.98660714285717,30,-1043.0,25,26,5977.0
1011,1683.7194058260552,4.117647058823529,True,True,82,-6,0,126948,126907,126989,126929,126965,bp,109.21517027863777,36,1058.0,41,41,4354.0
1012,616.5200473955238,4.117647058823529,False,False,34,-8,18,127015,126989,127023,126995,127019,bp,94.125,24,2306.0,26,8,1192.0
1013,1333.307244719722,4.117647058823529,False,False,53,8,-3,127048,127023,127076,127035,127059,bp,169.55594405594402,24,84.0,25,28,4259.0
1014,1795.3645421326407,4.117647058823529,True,True,47,2,-1,127099,127076,127123,127091,127115,bp,194.59375,24,318.0,23,24,3207.0
1015,1206.4658995794455,4.117647058823529,True,True,67,-16,17,127165,127123,127190,127141,127182,bp,90.81004901960785,41,-631.0,42,25,3977.0
1016,1201.6376072108105,4.117647058823529,True,True,50,19,0,127215,127190,127240,127207,127228,bp,156.14903846153842,21,-49.0,25,25,2864.0
1017,523.7361119482222,4.117647058823529,False,False,66,-9,18,127282,127240,127306,127268,127301,bp,68.47744360902256,33,643.0,42,24,1216.0
1018,616.9215910732207,4.117647058823529,False,False,50,-9,32,127347,127306,127356,127325,127351,bp,123.0568181818182,26,-1506.0,41,9,1660.0
1019,608.8942420288553,4.117647058823529,False,False,51,-11,-7,127378,127356,127407,127368,127399,bp,62.99523809523809,31,-1022.0,22,29,2880.0
1020,1682.482818481769,4.117647058823529,True,False,49,-5,1,127432,127407,127456,127419,127450,bp,111.24786324786324,31,-1827.0,25,24,2767.0
1021,2952.1294473492107,4.117647058823529,True,True,63,14,-13,126499,126474,126537,126492,126518,bp,331.46992481203006,26,-3433.0,25,38,6503.0
1022,4257.211891275963,4.117647058823529,True,True,65,15,-5,126567,126537,126602,126558,126583,bp,376.14583333333337,25,-5161.0,30,35,8448.0
1023,2592.46156258307,4.117647058823529,True,True,72,11,20,126648,126602,126674,126623,126657,bp,258.6644444444445,34,-5551.0,46,26,6208.0
1024,1601.8133918656579,4.117647058823529,True,True,82,-15,-2,126714,126674,126756,126702,126745,bp,93.16801075268818,43,-2705.0,40,42,6039.0
1025,2209.825861405216,4.117647058823529,False,False,66,4,-14,126782,126756,126822,126773,126801,bp,206.17251461988303,28,-1595.0,26,40,4873.0
1026,400.75703477496063,4.117647058823529,False,False,40,15,16,126850,126822,126862,126833,126854,bp,96.53676470588236,21,1000.0,28,12,1513.0
1027,1213.3034419818155,4.117647058823529,False,False,71,11,1,126898,126862,126933,126890,126910,bp,209.04166666666669,20,-1197.0,36,35,4012.0
1028,2304.53436995358,4.117647058823529,False,False,46,15,-14,126949,126933,126979,126941,126959,bp,283.875,18,-1906.0,16,30,4851.0
1029,266.829574117324,4.117647058823529,False,False,27,16,9,126997,126979,127006,126992,127001,bp,159.025,9,1817.0,18,9,1851.0
1030,1320.6477206464292,4.117647058823529,False,False,68,0,-12,127034,127006,127074,127026,127060,bp,161.96153846153842,34,-80.0,28,40,3083.0
1031,1538.4559389036413,4.117647058823529,True,True,65,1,15,127114,127074,127139,127094,127120,bp,179.78333333333333,26,-1558.0,40,25,3159.0
1032,1180.779711049528,4.117647058823529,True,True,55,-14,-5,127164,127139,127194,127147,127184,bp,96.62794117647059,37,-1333.0,25,30,3450.0
1033,1788.5462804682654,4.117647058823529,True,True,47,-1,-5,127215,127194,127241,127207,127235,bp,175.4625,28,-1865.0,21,26,3724.0
1034,1697.8020627514222,4.117647058823529,True,True,66,-10,4,127276,127241,127307,127262,127299,bp,118.02950310559008,37,-2043.0,35,31,4043.0
1035,1683.095611992475,4.117647058823529,False,False,72,-15,0,127343,127307,127379,127326,127367,bp,124.66299019607844,41,-3271.0,36,36,3500.0
1036,638.5397598642181,4.117647058823529,False,False,43,-11,29,127415,127379,127422,127393,127417,bp,165.3409090909091,24,-1317.0,36,7,1461.0
1037,705.9065489771222,4.117647058823529,True,False,34,5,-4,127437,127422,127456,127430,127450,bp,105.75824175824177,20,-1363.0,15,19,2594.0
1038,798.9682050786912,4.117647058823529,True,False,67,-25,17,127498,127456,127523,127475,127516,bp,74.83937198067633,41,-2051.0,42,25,2812.0
1039,348.9002514988176,1.5555555555555556,False,False,84,-42,34,130415,130356,130440,130369,130428,bp,76.95819397993311,59,-1770.0,59,25,3010.0
1040,299.0422871072817,1.5555555555555556,False,False,33,16,-15,130449,130440,130473,130445,130454,bp,209.85,9,47.0,9,24,2783.0
1041,805.5676756113426,1.5555555555555556,False,False,51,-2,-1,130498,130473,130524,130479,130511,bp,74.46356275303644,32,-679.0,25,26,1371.0
1042,369.3182600985521,1.5555555555555556,True,True,64,3,18,130565,130524,130588,130541,130571,bp,88.33333333333331,30,-819.0,41,23,1990.0
1043,1045.236363245798,1.5555555555555556,True,False,69,-10,11,130628,130588,130657,130604,130637,bp,120.56944444444444,33,-1680.0,40,29,3446.0
1044,622.2378862634788,1.5555555555555556,True,False,66,18,-50,130665,130657,130723,130660,130688,bp,129.9391304347826,28,-34.0,8,58,2416.0
1045,837.9463306372957,1.5555555555555556,True,False,49,4,1,130748,130723,130772,130734,130753,bp,155.05,19,-406.0,25,24,2761.0
1046,946.6215894705232,1.5555555555555556,True,False,50,12,-24,130785,130772,130822,130776,130798,bp,113.2991452991453,22,573.0,13,37,3027.0
1047,1088.096395590659,1.5555555555555556,False,False,35,6,17,130848,130822,130857,130832,130852,bp,149.71875,20,-721.0,26,9,1680.0
1048,792.2893461420023,1.5555555555555556,False,False,84,-13,6,130902,130857,130941,130878,130921,bp,88.51425438596493,43,-2068.0,45,39,4253.0
1049,950.4242446304072,1.5555555555555556,False,False,49,-4,-1,130965,130941,130990,130951,130977,bp,70.17857142857143,26,353.0,24,25,2330.0
1050,459.3821514115782,1.5555555555555556,False,False,33,8,17,131015,130990,131023,130999,131018,bp,123.85416666666669,19,69.0,25,8,1174.0
1051,664.8435073573756,1.5555555555555556,False,False,67,0,17,131065,131023,131090,131045,131076,bp,94.6931818181818,31,-1434.0,42,25,2837.0
1052,233.94228130518206,1.5555555555555556,False,False,50,5,6,131118,131090,131140,131107,131130,bp,21.38257575757576,23,697.0,28,22,1123.0
1053,457.02995468808194,1.5555555555555556,False,False,84,31,-34,131165,131140,131224,131158,131193,bp,143.55357142857142,35,-616.0,25,59,3400.0
1054,1383.9876945188641,1.5555555555555556,True,False,83,-3,23,131277,131224,131307,131259,131288,bp,124.64898989898991,29,-1243.0,53,30,3091.0
1055,1427.8452654159696,1.5555555555555556,False,False,67,-9,-17,131332,131307,131374,131314,131352,bp,106.96388888888887,38,-1734.0,25,42,4843.0
1056,405.0897957698351,1.5555555555555556,True,False,67,-34,25,130403,130357,130424,130377,130420,bp,57.20475113122171,43,810.0,46,21,1687.0
1057,1580.8788892488994,1.5555555555555556,True,True,50,12,-12,130443,130424,130474,130429,130453,bp,186.97142857142862,24,-851.0,19,31,5301.0
1058,1071.0278765684977,1.5555555555555556,False,False,45,-3,5,130499,130474,130519,130489,130509,bp,148.15,20,449.0,25,20,1713.0
1059,693.3259626941802,1.5555555555555556,False,False,43,-3,-19,130531,130519,130562,130526,130546,bp,193.2,20,-715.0,12,31,2896.0
1060,382.39664734335264,1.5555555555555556,False,False,46,-30,-8,130581,130562,130608,130563,130603,bp,41.9520202020202,40,1623.0,19,27,2622.0
1061,796.2871737225142,1.5555555555555556,False,False,48,-10,22,130643,130608,130656,130613,130651,bp,82.25416666666666,38,1205.0,35,13,1996.0
1062,439.341174079942,1.5555555555555556,False,False,54,-2,20,130693,130656,130710,130679,130700,bp,90.10714285714286,21,2275.0,37,17,2183.0
1063,699.5830053997613,1.5555555555555556,True,True,47,-16,-3,130732,130710,130757,130719,130749,bp,56.719457013574655,30,2137.0,22,25,1557.0
1064,1055.8655494296813,1.5555555555555556,True,False,46,4,-22,130769,130757,130803,130763,130794,bp,158.13666666666666,31,670.0,12,34,2504.0
1065,996.5704341630127,1.5555555555555556,True,True,53,9,7,130833,130803,130856,130829,130850,bp,177.7720588235294,21,732.0,30,23,1755.0
1066,796.9732087459454,1.5555555555555556,False,False,84,-10,0,130898,130856,130940,130880,130920,bp,79.37878787878788,40,-241.0,42,42,2907.0
1067,203.3418035359272,1.5555555555555556,False,False,30,-3,18,130964,130940,130970,130950,130966,bp,75.57142857142857,16,1479.0,24,6,1148.0
1068,587.1425923309505,1.5555555555555556,True,False,36,4,14,130995,130970,131006,130979,131000,bp,104.36875,21,475.0,25,11,1653.0
1069,524.6848045924792,1.5555555555555556,False,False,84,-21,-28,131034,131006,131090,131025,131073,bp,117.35470085470085,48,-973.0,28,56,4612.0
1070,654.9572313836097,1.5555555555555556,False,False,33,3,7,131110,131090,131123,131100,131117,bp,82.27857142857144,17,2125.0,20,13,2023.0
1071,162.05023338568938,1.5555555555555556,False,False,34,4,22,131151,131123,131157,131137,131154,bp,85.51190476190476,17,2375.0,28,6,1150.0
1072,741.5780144826691,1.5555555555555556,False,False,65,-24,-15,131182,131157,131222,131175,131213,bp,108.47695852534564,38,1105.0,25,40,1779.0
1073,505.2271606455886,1.5555555555555556,True,False,52,22,-32,131232,131222,131274,131227,131261,bp,163.50689655172414,34,316.0,10,42,2284.0
1074,1260.5295665488284,1.5555555555555556,True,False,99,8,47,131347,131274,131373,131317,131354,bp,177.55714285714282,37,-1125.0,73,26,4726.0
1075,549.350922841905,-5.7105263157894735,True,True,83,-9,-13,134948,134913,134996,134934,134976,bp,48.30357142857143,42,1599.0,35,48,2656.0
1076,657.8478367420099,-5.7105263157894735,True,True,62,21,-22,135016,134996,135058,135009,135032,bp,150.54910714285714,23,1504.0,20,42,1851.0
1077,1374.1255502398233,-5.7105263157894735,False,False,65,16,-19,135081,135058,135123,135076,135101,bp,187.55,25,878.0,23,42,5287.0
1078,3284.707440202823,-5.7105263157894735,False,False,67,0,-7,135153,135123,135190,135142,135168,bp,300.10909090909087,26,-937.0,30,37,6904.0
1079,488.2974492554908,-5.7105263157894735,False,False,34,-11,10,135212,135190,135224,135194,135222,bp,40.194444444444436,28,3386.0,22,12,132.0
1080,585.705829432413,-5.7105263157894735,False,False,99,-6,-15,135266,135224,135323,135239,135286,bp,79.11574074074073,47,-988.0,42,57,2967.0
1081,888.2054751484836,-5.7105263157894735,True,True,68,-11,-48,135333,135323,135391,135327,135373,bp,166.44166666666666,46,-866.0,10,58,4527.0
1082,1422.1660446699082,-5.7105263157894735,True,True,66,15,-16,135416,135391,135457,135408,135435,bp,160.5986842105263,27,254.0,25,41,3195.0
1083,1224.6583248663346,-5.7105263157894735,True,True,66,6,-10,135485,135457,135523,135477,135501,bp,156.34375,24,423.0,28,38,3432.0
1084,382.457340288469,-5.7105263157894735,False,False,61,-18,23,135565,135523,135584,135531,135567,bp,83.52941176470588,36,1209.0,42,19,620.0
1085,302.1725360836532,-5.7105263157894735,False,False,29,-10,-27,135585,135584,135613,135585,135610,bp,,25,2022.0,1,28,713.0
1086,754.8128539186052,-5.7105263157894735,False,False,43,-7,-5,135632,135613,135656,135625,135649,bp,118.53781512605042,24,526.0,19,24,1749.0
1087,163.13377715550737,-5.7105263157894735,True,False,33,-10,17,135681,135656,135689,135666,135684,bp,81.6,18,1055.0,25,8,1232.0
1088,181.085701652364,-5.7105263157894735,True,False,34,5,-16,135698,135689,135723,135692,135709,bp,112.4848484848485,17,888.0,9,25,1841.0
1089,716.4258788223041,-5.7105263157894735,True,True,34,-2,16,135748,135723,135757,135731,135753,bp,118.69411764705885,22,254.0,25,9,1961.0
1090,417.8558925261969,-5.7105263157894735,True,True,35,12,15,135782,135757,135792,135773,135786,bp,117.68055555555556,13,342.0,25,10,947.0
1091,330.7814806675298,-5.7105263157894735,True,True,38,15,12,135817,135792,135830,135811,135820,bp,177.41666666666669,9,-231.0,25,13,1622.0
1092,1025.56715875947,-5.7105263157894735,False,False,60,4,-16,135852,135830,135890,135844,135871,bp,106.21710526315788,27,-865.0,22,38,2629.0
1093,138.1044480870033,-5.7105263157894735,False,False,48,-12,4,135916,135890,135938,135902,135933,bp,29.42857142857143,31,681.0,26,22,1055.0
1094,750.3789490445073,-5.7105263157894735,True,False,83,-41,35,134966,134907,134990,134928,134984,bp,71.08479532163744,56,117.0,59,24,3540.0
1095,1669.157854502284,-5.7105263157894735,True,True,51,7,-9,135011,134990,135041,134999,135026,bp,203.89166666666665,27,-1755.0,21,30,3701.0
1096,1234.3011557505242,-5.7105263157894735,True,True,72,14,-20,135067,135041,135113,135060,135085,bp,127.88888888888887,25,-446.0,26,46,3199.0
1097,1244.4820131715421,-5.7105263157894735,True,True,81,2,-15,135146,135113,135194,135124,135165,bp,87.18540669856459,41,-362.0,33,48,3508.0
1098,2104.8046039142882,-5.7105263157894735,True,True,75,7,-1,135231,135194,135269,135208,135238,bp,236.04037267080744,30,-2673.0,37,38,4845.0
1099,2497.4863288807346,-5.7105263157894735,True,True,54,10,-28,135282,135269,135323,135275,135300,bp,209.51190476190484,25,-1598.0,13,41,4642.0
1100,2453.014120451793,-5.7105263157894735,True,True,69,6,-11,135352,135323,135392,135335,135368,bp,171.16176470588238,33,-3648.0,29,40,5179.0
1101,2026.4624047488787,-5.7105263157894735,True,True,62,5,-16,135415,135392,135454,135407,135433,bp,205.09722222222226,26,-2407.0,23,39,5128.0
1102,2629.511323606324,-5.7105263157894735,True,True,57,6,-1,135482,135454,135511,135464,135491,bp,260.83333333333337,27,-3866.0,28,29,5894.0
1103,2489.189432876657,-5.7105263157894735,True,True,62,12,-16,135534,135511,135573,135524,135545,bp,295.4909090909091,21,-4297.0,23,39,5354.0
1104,1662.2704223097735,-5.7105263157894735,True,True,50,-9,-30,135583,135573,135623,135578,135609,bp,251.1230769230769,31,-2532.0,10,40,4646.0
1105,1939.786338630112,-5.7105263157894735,True,True,49,0,1,135648,135623,135672,135631,135655,bp,166.68067226890759,24,-3292.0,25,24,2902.0
1106,1152.0531904978156,-5.7105263157894735,True,False,34,10,0,135689,135672,135706,135679,135699,bp,165.45,20,-4947.0,17,17,2362.0
1107,1482.0963309274732,-5.7105263157894735,False,False,68,7,2,135741,135706,135774,135729,135751,bp,218.65833333333333,22,-6984.0,35,33,5273.0
1108,250.3121997804353,-5.7105263157894735,False,False,25,6,-7,135783,135774,135799,135780,135790,bp,182.78571428571428,10,-2417.0,9,16,2996.0
1109,729.8007436165125,-5.7105263157894735,False,False,38,5,-6,135815,135799,135837,135806,135821,bp,169.22222222222226,15,-797.0,16,22,3426.0
1110,966.2654504590863,-5.7105263157894735,False,False,42,2,12,135864,135837,135879,135841,135866,bp,111.25,25,-155.0,27,15,953.0
1111,879.1171218770552,-5.7105263157894735,False,False,34,11,6,135899,135879,135913,135893,135904,bp,260.9,11,-1850.0,20,14,2979.0
1112,857.0402303721197,-5.7105263157894735,False,False,34,8,4,135932,135913,135947,135926,135938,bp,207.5833333333333,12,-2245.0,19,15,1205.0
1113,748.1133569664786,-0.5757575757575758,True,True,39,-3,-23,138911,138903,138942,138907,138928,bp,220.56617647058826,21,1128.0,8,31,1580.0
1114,471.2372330713873,-0.5757575757575758,True,True,49,-1,-3,138965,138942,138991,138946,138977,bp,73.9890350877193,31,944.0,23,26,2433.0
1115,634.8090664262107,-0.5757575757575758,True,False,63,-15,19,139032,138991,139054,139007,139040,bp,80.94,33,1482.0,41,22,1277.0
1116,348.37565005881487,-0.5757575757575758,False,False,22,16,2,139066,139054,139076,139058,139067,bp,178.125,9,812.0,12,10,589.0
1117,980.4771522836296,-0.5757575757575758,False,False,65,10,-11,139103,139076,139141,139092,139117,bp,109.32142857142857,25,-662.0,27,38,3796.0
1118,782.2801736684173,-0.5757575757575758,True,True,49,4,-1,139165,139141,139190,139152,139176,bp,117.86013986013987,24,-124.0,24,25,2091.0
1119,561.5974279774274,-0.5757575757575758,False,False,51,-7,29,139230,139190,139241,139204,139236,bp,89.02564102564102,32,35.0,40,11,1812.0
1120,1111.628463572511,-0.5757575757575758,False,False,103,36,-21,139282,139241,139344,139261,139293,bp,95.96969696969695,32,-2170.0,41,62,2524.0
1121,1129.6658002346962,-0.5757575757575758,True,False,97,18,-21,139382,139344,139441,139361,139400,bp,87.49603174603175,39,-2215.0,38,59,4276.0
1122,2753.0518322950843,-0.5757575757575758,True,False,50,24,-2,139465,139441,139491,139457,139480,bp,239.3125,23,-1756.0,24,26,7086.0
1123,1145.9149210497776,-0.5757575757575758,False,False,99,-27,51,139566,139491,139590,139527,139578,bp,99.12179487179485,51,-2033.0,75,24,2890.0
1124,1619.7675898814414,-0.5757575757575758,True,True,50,12,4,139617,139590,139640,139602,139622,bp,168.7,20,-3567.0,27,23,2679.0
1125,741.1634131565007,-0.5757575757575758,False,False,83,-13,1,139682,139640,139723,139654,139701,bp,84.85996240601504,47,-3912.0,42,41,3724.0
1126,520.5721690639616,-0.5757575757575758,False,False,51,-12,-9,139744,139723,139774,139735,139763,bp,52.39473684210525,28,-1906.0,21,30,1156.0
1127,143.7996626184113,-0.5757575757575758,False,False,66,-9,-48,139783,139774,139840,139779,139823,bp,99.775,44,-1912.0,9,57,2478.0
1128,112.1297390262567,-0.5757575757575758,True,False,83,-23,33,138915,138857,138940,138883,138929,bp,44.25,46,1322.0,58,25,1380.0
1129,263.4323638800769,-0.5757575757575758,False,False,45,2,9,138967,138940,138985,138952,138979,bp,43.34166666666667,27,1106.0,27,18,899.0
1130,1037.5260594925317,-0.5757575757575758,False,False,71,-3,15,139028,138985,139056,139008,139039,bp,122.19090909090907,31,-963.0,43,28,3743.0
1131,618.9729777943693,-0.5757575757575758,False,False,35,7,17,139082,139056,139091,139067,139084,bp,111.9,17,142.0,26,9,1069.0
1132,889.7951558316278,-0.5757575757575758,True,False,66,31,-16,139116,139091,139157,139108,139121,bp,167.55,13,-772.0,25,41,2759.0
1133,1962.8648868211121,-0.5757575757575758,True,True,50,13,0,139182,139157,139207,139165,139189,bp,205.80252100840335,24,-2172.0,25,25,4299.0
1134,825.4065507607448,-0.5757575757575758,False,False,50,30,2,139233,139207,139257,139226,139237,bp,211.17857142857144,11,-469.0,26,24,1885.0
1135,1572.369039451971,-0.5757575757575758,False,False,84,-7,-4,139297,139257,139341,139278,139316,bp,117.10526315789473,38,-3219.0,40,44,4469.0
1136,1246.6516815728526,-0.5757575757575758,True,True,65,-14,-23,139362,139341,139406,139347,139386,bp,74.24166666666667,39,-1033.0,21,44,3583.0
1137,1324.1663263824194,-0.5757575757575758,True,True,50,15,-24,139419,139406,139456,139411,139435,bp,142.875,24,-661.0,13,37,2319.0
1138,1602.8825475775095,-0.5757575757575758,True,True,55,-4,9,139488,139456,139511,139474,139504,bp,105.13839285714286,30,-1476.0,32,23,3519.0
1139,1973.79572754366,-0.5757575757575758,True,True,62,-12,12,139548,139511,139573,139530,139566,bp,134.52777777777777,36,-3160.0,37,25,4426.0
1140,1431.3263534268012,-0.5757575757575758,True,True,54,18,2,139601,139573,139627,139590,139611,bp,180.09545454545452,21,-2779.0,28,26,3491.0
1141,793.5863967340815,-0.5757575757575758,False,False,53,19,25,139666,139627,139680,139650,139668,bp,127.34375,18,-3088.0,39,14,941.0
1142,591.8700372235172,-0.5757575757575758,False,False,57,-14,23,139720,139680,139737,139705,139733,bp,65.33333333333334,28,-4519.0,40,17,1863.0
1143,395.54972019269263,-0.5757575757575758,True,True,49,-15,-3,139760,139737,139786,139747,139776,bp,67.05769230769229,29,-4981.0,23,26,1301.0
1144,353.44617182682754,-0.5757575757575758,True,True,54,14,-34,139796,139786,139840,139790,139811,bp,135.48333333333335,21,-5796.0,10,44,3049.0
1145,799.1622643302783,-0.5757575757575758,True,True,47,5,-29,139849,139840,139887,139846,139873,bp,231.6875,27,-4796.0,9,38,2686.0
1146,1008.5881962425498,-6.823529411764706,True,True,96,-17,20,142916,142858,142954,142884,142933,bp,76.78400735294117,49,-580.0,58,38,3594.0
1147,1504.2590017907785,-6.823529411764706,True,True,92,26,-36,142982,142954,143046,142965,143001,bp,136.78173374613004,36,-1765.0,28,64,5188.0
1148,1352.7499183426164,-6.823529411764706,True,False,58,-11,14,143082,143046,143104,143063,143093,bp,118.91148325358853,30,-1039.0,36,22,2526.0
1149,487.140240022106,-6.823529411764706,True,False,35,-7,-11,143116,143104,143139,143112,143132,bp,155.71875,20,-187.0,12,23,2854.0
1150,637.8908356940997,-6.823529411764706,True,False,85,9,-33,143165,143139,143224,143145,143186,bp,50.30714285714286,41,-321.0,26,59,2011.0
1151,1921.0471355545974,-6.823529411764706,True,False,51,6,-1,143249,143224,143275,143236,143267,bp,141.3739316239316,31,-2102.0,25,26,4892.0
1152,656.959217943489,-6.823529411764706,True,False,99,18,-19,143315,143275,143374,143304,143334,bp,110.04306220095694,30,-950.0,40,59,2025.0
1153,836.5650623192091,-6.823529411764706,True,False,64,-11,-14,143399,143374,143438,143382,143418,bp,72.45201238390094,36,-1781.0,25,39,2638.0
1154,246.6657110897194,-6.823529411764706,True,False,68,-3,-46,143449,143438,143506,143443,143477,bp,107.73214285714286,34,-1127.0,11,57,2396.0
1155,123.44618892263183,-6.823529411764706,True,False,34,3,-22,143512,143506,143540,143508,143529,bp,130.61764705882354,21,43.0,6,28,1500.0
1156,574.3560462088616,-6.823529411764706,False,False,73,25,-21,143566,143540,143613,143553,143577,bp,92.32517482517484,24,-1226.0,26,47,1673.0
1157,1276.733373003373,-6.823529411764706,False,False,61,35,-23,143632,143613,143674,143626,143644,bp,222.9583333333333,18,-3374.0,19,42,3078.0
1158,413.2311697841648,-6.823529411764706,False,False,71,31,-21,143699,143674,143745,143697,143717,bp,208.38888888888889,20,-1750.0,25,46,1837.0
1159,523.7274904316986,-6.823529411764706,True,False,96,-22,-20,143783,143745,143841,143768,143818,bp,66.0952380952381,50,-2506.0,38,58,3655.0
1160,716.4597046563663,-6.823529411764706,True,False,49,-28,23,143877,143841,143890,143846,143885,bp,71.50806451612901,39,-1941.0,36,13,1594.0
1161,883.2157624355267,-6.823529411764706,True,True,84,-19,-28,142899,142871,142955,142886,142934,bp,89.58901098901099,48,-49.0,28,56,3744.0
1162,1768.5178366696482,-6.823529411764706,False,False,53,0,-9,142977,142955,143008,142963,142987,bp,161.76428571428568,24,-858.0,22,31,3229.0
1163,464.14016758918456,-6.823529411764706,False,False,32,9,-16,143016,143008,143040,143011,143027,bp,106.22727272727272,16,1472.0,8,24,2828.0
1164,871.9906512744856,-6.823529411764706,True,False,63,-21,-11,143066,143040,143103,143052,143092,bp,64.84615384615384,40,1424.0,26,37,2785.0
1165,240.8996549099482,-6.823529411764706,False,False,36,3,-10,143116,143103,143139,143111,143126,bp,124.45,15,2148.0,13,23,1272.0
1166,1181.2627439977707,-6.823529411764706,False,False,35,-6,9,143161,143139,143174,143144,143169,bp,112.13970588235294,25,145.0,22,13,2226.0
1167,608.9570763251854,-6.823529411764706,True,True,50,9,2,143200,143174,143224,143188,143206,bp,126.75,18,697.0,26,24,2750.0
1168,1633.7643407887488,-6.823529411764706,True,True,66,-18,-16,143249,143224,143290,143233,143273,bp,107.39583333333334,40,-193.0,25,41,5056.0
1169,1504.386814789771,-6.823529411764706,False,False,32,4,-8,143302,143290,143322,143295,143317,bp,193.9523809523809,22,478.0,12,20,1979.0
1170,488.0233596324312,-6.823529411764706,False,False,69,-26,13,143363,143322,143391,143343,143383,bp,22.950000000000006,40,670.0,41,28,1064.0
1171,1469.4681314400384,-6.823529411764706,False,False,49,21,-21,143405,143391,143440,143397,143426,bp,181.10119047619045,29,-1903.0,14,35,3956.0
1172,1388.2113595841377,-6.823529411764706,False,False,67,1,19,143483,143440,143507,143476,143497,bp,160.53571428571428,21,174.0,43,24,4053.0
1173,1855.1799005257403,-6.823529411764706,True,True,50,-3,0,143532,143507,143557,143519,143550,bp,155.44444444444446,31,-1300.0,25,25,3250.0
1174,1663.4376979988526,-6.823529411764706,True,True,68,-2,12,143597,143557,143625,143578,143606,bp,154.51169590643275,28,-1139.0,40,28,4819.0
1175,1499.041050924995,-6.823529411764706,True,True,49,-10,9,143654,143625,143674,143632,143667,bp,82.21328671328672,35,547.0,29,20,2759.0
1176,1135.7324703352738,-6.823529411764706,True,True,50,2,0,143699,143674,143724,143692,143709,bp,201.14285714285717,17,-211.0,25,25,2618.0
1177,1179.988850493586,-6.823529411764706,True,False,35,15,13,143748,143724,143759,143728,143752,bp,184.3,24,-504.0,24,11,2501.0
1178,1076.0533432977318,-6.823529411764706,True,False,81,-2,33,143816,143759,143840,143791,143823,bp,153.14571428571432,32,-1115.0,57,24,3486.0
1179,1771.992973388922,-6.823529411764706,True,False,63,13,-13,143865,143840,143903,143853,143883,bp,138.90277777777777,30,-1488.0,25,38,3921.0
1180,121.09450229547869,-2.657142857142857,True,True,38,-7,12,146349,146324,146362,146334,146355,bp,33.18333333333333,21,243.0,25,13,1159.0
1181,675.9598544587125,-2.657142857142857,False,False,45,4,-25,146372,146362,146407,146369,146390,bp,131.41666666666666,21,580.0,10,35,3485.0
1182,1142.1594888970856,-2.657142857142857,False,False,51,-7,27,146446,146407,146458,146415,146453,bp,70.83179723502305,38,1440.0,39,12,1693.0
1183,1442.4163238899287,-2.657142857142857,False,False,82,2,2,146500,146458,146540,146484,146520,bp,95.93125,36,-801.0,42,40,4091.0
1184,866.8557806505403,-2.657142857142857,False,False,51,-13,23,146577,146540,146591,146558,146587,bp,70.51578947368421,29,320.0,37,14,1245.0
1185,898.2072783422539,-2.657142857142857,False,False,48,6,0,146615,146591,146639,146603,146621,bp,148.83333333333334,18,172.0,24,24,3364.0
1186,1975.8583667454684,-2.657142857142857,False,False,51,4,-25,146652,146639,146690,146645,146669,bp,199.0168067226891,24,-341.0,13,38,3503.0
1187,1226.6454092492904,-2.657142857142857,False,False,34,18,6,146710,146690,146724,146697,146718,bp,133.5625,21,1552.0,20,14,3372.0
1188,3112.4784182512053,-2.657142857142857,False,False,84,10,0,146766,146724,146808,146757,146784,bp,312.0833333333333,27,-2855.0,42,42,7329.0
1189,943.3935580221954,-2.657142857142857,False,False,50,-3,-2,146832,146808,146858,146821,146846,bp,79.78571428571429,25,1646.0,24,26,974.0
1190,143.82931006560239,-2.657142857142857,True,True,33,2,15,146882,146858,146891,146868,146888,bp,54.53571428571429,20,1531.0,24,9,1361.0
1191,829.4838456412482,-2.657142857142857,False,False,49,0,1,146916,146891,146940,146910,146933,bp,88.93627450980392,23,1804.0,25,24,2550.0
1192,733.9271317333078,-2.657142857142857,False,False,67,-7,-15,146966,146940,147007,146956,146987,bp,125.94285714285714,31,64.0,26,41,1028.0
1193,120.59955094547988,-2.657142857142857,True,True,33,29,-15,147016,147007,147040,147011,147022,bp,157.6,11,-437.0,9,24,1800.0
1194,818.2451000277067,-2.657142857142857,False,False,50,9,4,147067,147040,147090,147062,147078,bp,151.4909090909091,16,-652.0,27,23,2164.0
1195,3445.1368653947284,-2.657142857142857,False,False,67,34,-17,147115,147090,147157,147103,147123,bp,413.8541666666666,20,-5537.0,25,42,8677.0
1196,1439.2070555081405,-2.657142857142857,False,False,84,-17,2,147200,147157,147241,147177,147219,bp,103.4153318077803,42,-1876.0,43,41,3985.0
1197,461.85271576439277,-2.657142857142857,False,False,18,24,4,147252,147241,147259,147244,147254,bp,81.25,10,792.0,11,7,257.0
1198,749.4023775532918,-2.657142857142857,False,False,103,-24,11,147316,147259,147362,147288,147338,bp,110.76948051948051,50,-5061.0,57,46,4808.0
1199,1567.516672263686,-2.657142857142857,True,True,70,22,8,146377,146338,146408,146367,146388,bp,175.3818181818182,21,-1720.0,39,31,3439.0
1200,1304.9478792911514,-2.657142857142857,True,True,64,1,10,146445,146408,146472,146431,146454,bp,138.66666666666669,23,-1084.0,37,27,3667.0
1201,1938.6187121188373,-2.657142857142857,True,False,54,-3,-2,146498,146472,146526,146478,146513,bp,141.38333333333333,35,-1617.0,26,28,5166.0
1202,977.5085445641362,-2.657142857142857,True,False,98,-15,16,146583,146526,146624,146545,146597,bp,101.94548872180452,52,-631.0,57,41,2731.0
1203,980.3078176280292,-2.657142857142857,True,True,64,5,-20,146646,146624,146688,146634,146661,bp,87.96666666666668,27,87.0,22,42,3167.0
1204,1924.3006037705213,-2.657142857142857,True,False,41,17,-17,146700,146688,146729,146693,146718,bp,216.23015873015876,25,-741.0,12,29,3175.0
1205,2560.3561890280907,-2.657142857142857,True,False,78,1,18,146777,146729,146807,146760,146789,bp,221.94607843137254,29,-3760.0,48,30,6874.0
1206,1658.6904047955054,-2.657142857142857,True,True,67,-5,-15,146833,146807,146874,146819,146856,bp,108.13509316770187,37,-787.0,26,41,3928.0
1207,1837.070336217479,-2.657142857142857,True,False,83,9,-9,146911,146874,146957,146888,146921,bp,159.5608695652174,33,-2306.0,37,46,4282.0
1208,1450.7128177788986,-2.657142857142857,True,False,33,5,-11,146968,146957,146990,146963,146985,bp,241.8470588235294,22,-1565.0,11,22,2791.0
1209,865.6772359000987,-2.657142857142857,False,False,56,20,0,147018,146990,147046,147012,147028,bp,153.36666666666667,16,-976.0,28,28,1942.0
1210,1220.1534658667606,-2.657142857142857,False,False,58,-17,22,147086,147046,147104,147064,147097,bp,121.97727272727272,33,-4131.0,40,18,2759.0
1211,702.7034961849408,-2.657142857142857,False,False,69,24,-39,147119,147104,147173,147113,147133,bp,152.6547619047619,20,-2995.0,15,54,4870.0
1212,595.405201608398,-2.657142857142857,False,False,68,25,-46,147184,147173,147241,147177,147206,bp,89.41883116883116,29,-270.0,11,57,660.0
1213,1467.4574995377272,-2.657142857142857,False,False,50,4,2,147267,147241,147291,147260,147282,bp,233.42380952380955,22,-3887.0,26,24,4055.0
1214,1800.410954365519,-2.657142857142857,False,False,66,11,-18,147315,147291,147357,147308,147331,bp,208.76339285714286,23,-2959.0,24,42,6368.0
1215,553.1000651879448,-1.5625,True,False,50,-6,2,150767,150741,150791,150760,150785,bp,97.38095238095238,25,88.0,26,24,1777.0
1216,882.2418975403052,-1.5625,True,True,64,-9,20,150833,150791,150855,150804,150839,bp,151.01436781609198,35,-602.0,42,22,3212.0
1217,1907.033601107831,-1.5625,False,False,51,10,3,150882,150855,150906,150865,150888,bp,183.30882352941174,23,-2822.0,27,24,2666.0
1218,536.7158037940228,-1.5625,True,False,96,-5,-42,150933,150906,151002,150921,150972,bp,101.27564102564102,51,-2970.0,27,69,5111.0
1219,709.1295757841377,-1.5625,True,True,72,-7,-8,151034,151002,151074,151018,151056,bp,68.10795454545455,38,-817.0,32,40,2171.0
1220,1375.5338529027172,-1.5625,True,True,66,8,-14,151100,151074,151140,151087,151120,bp,123.51346153846156,33,-1339.0,26,40,4391.0
1221,1350.4178500097787,-1.5625,False,False,101,17,-15,151183,151140,151241,151161,151199,bp,95.48579545454544,38,-2080.0,43,58,2462.0
1222,820.1556699829829,-1.5625,True,True,83,-4,-33,151266,151241,151324,151254,151295,bp,88.77729885057471,41,-1967.0,25,58,4171.0
1223,1820.4109196867146,-1.5625,True,True,54,20,-4,151349,151324,151378,151332,151361,bp,137.875,29,-1476.0,25,29,4059.0
1224,2367.9163078291244,-1.5625,True,False,79,-4,5,151420,151378,151457,151410,151439,bp,201.36578947368423,29,-2560.0,42,37,5395.0
1225,1641.996698762205,-1.5625,True,False,47,19,5,151483,151457,151504,151464,151486,bp,243.0701754385965,22,-1248.0,26,21,2806.0
1226,1165.7731605293136,-1.5625,True,True,71,-7,19,151549,151504,151575,151527,151564,bp,111.73030303030302,37,-1971.0,45,26,4137.0
1227,1179.4524445883887,-1.5625,True,False,82,1,-26,151603,151575,151657,151594,151635,bp,135.5,41,-783.0,28,54,5698.0
1228,802.9856156412346,-1.5625,False,False,55,-7,29,151699,151657,151712,151677,151703,bp,87.26136363636363,26,1360.0,42,13,784.0
1229,449.5712684935373,-1.5625,False,False,46,9,-6,151732,151712,151758,151722,151746,bp,40.43571428571428,24,985.0,20,26,1785.0
1230,1208.5377154409896,-1.5625,False,False,50,-2,22,150794,150758,150808,150778,150803,bp,109.23611111111113,25,1256.0,36,14,2057.0
1231,1492.4818560012204,-1.5625,False,False,45,15,5,150833,150808,150853,150826,150844,bp,238.5779220779221,18,-1270.0,25,20,2656.0
1232,1275.6748226139564,-1.5625,True,True,72,6,20,150899,150853,150925,150877,150906,bp,182.89935064935062,29,-1887.0,46,26,4309.0
1233,1912.0749581430505,-1.5625,True,True,50,0,0,150950,150925,150975,150941,150969,bp,156.08771929824562,28,-919.0,25,25,4324.0
1234,662.050705509641,-1.5625,True,True,49,2,23,151011,150975,151024,150997,151019,bp,82.08035714285714,22,1023.0,36,13,1608.0
1235,623.4931313871288,-1.5625,True,True,66,-12,-14,151050,151024,151090,151043,151076,bp,131.09890109890108,33,-219.0,26,40,2529.0
1236,1252.1624285038022,-1.5625,True,True,55,10,-11,151112,151090,151145,151097,151122,bp,141.71666666666667,25,-992.0,22,33,3270.0
1237,1334.2130580774044,-1.5625,True,True,63,-3,-1,151176,151145,151208,151157,151190,bp,130.6184210526316,33,-308.0,31,32,3864.0
1238,2808.8503423587154,-1.5625,True,True,66,14,-18,151232,151208,151274,151220,151244,bp,278.9583333333333,24,-3537.0,24,42,6455.0
1239,2477.2260056585146,-1.5625,True,True,50,20,-12,151293,151274,151324,151282,151302,bp,291.83333333333337,20,-2512.0,19,31,6114.0
1240,1202.9156876380846,-1.5625,True,True,66,33,-14,151350,151324,151390,151342,151359,bp,185.72916666666669,17,529.0,26,40,3220.0
1241,2696.314181316105,-1.5625,False,False,56,7,8,151422,151390,151446,151409,151435,bp,224.11538461538458,26,-2373.0,32,24,5458.0
1242,851.5845663057097,-1.5625,False,False,63,4,11,151483,151446,151509,151468,151496,bp,108.03333333333332,28,384.0,37,26,2321.0
1243,1343.5543309493567,-1.5625,True,True,66,10,-14,151535,151509,151575,151528,151552,bp,200.72268907563026,24,-298.0,26,40,4888.0
1244,1187.1327392730361,-1.5625,True,True,50,15,-2,151599,151575,151625,151586,151611,bp,117.52884615384615,25,1005.0,24,26,2280.0
1245,354.98586599882697,-1.5625,False,False,55,23,27,151666,151625,151680,151651,151669,bp,101.8,18,1693.0,41,14,1096.0
1246,1009.2905951209397,-1.5625,False,False,111,3,-15,151728,151680,151791,151710,151755,bp,109.5,45,-1837.0,48,63,4687.0
1247,466.53392136136284,-0.3333333333333333,False,False,49,-30,33,154715,154674,154723,154680,154719,bp,91.34642857142859,39,139.0,41,8,1349.0
1248,249.53181176359797,-0.3333333333333333,False,False,68,14,-48,154733,154723,154791,154728,154761,bp,109.32857142857144,33,314.0,10,58,3143.0
1249,799.4249200475418,-0.3333333333333333,False,False,51,-1,-1,154816,154791,154842,154808,154828,bp,191.72916666666669,20,195.0,25,26,2545.0
1250,277.742499196227,-0.3333333333333333,False,False,33,4,-17,154850,154842,154875,154847,154866,bp,93.71875,19,2157.0,8,25,2199.0
1251,635.8221735657838,-0.3333333333333333,False,False,50,18,0,154900,154875,154925,154889,154907,bp,74.50649350649351,18,2949.0,25,25,1144.0
1252,532.5300450073446,-0.3333333333333333,False,False,48,-10,36,154967,154925,154973,154943,154970,bp,85.125,27,-334.0,42,6,523.0
1253,232.07065189553188,-0.3333333333333333,False,False,48,6,6,155000,154973,155021,154987,155005,bp,130.82307692307694,18,-1420.0,27,21,1726.0
1254,192.76801012309426,-0.3333333333333333,False,False,22,4,2,155033,155021,155043,155029,155038,bp,109.05,9,-562.0,12,10,1234.0
1255,287.65213530104086,-0.3333333333333333,False,False,46,-3,-10,155061,155043,155089,155051,155073,bp,46.21666666666667,22,290.0,18,28,2377.0
1256,472.32483345641634,-0.3333333333333333,False,False,52,-18,-30,155100,155089,155141,155092,155135,bp,40.7,43,1917.0,11,41,2536.0
1257,255.72052068703846,-0.3333333333333333,False,False,36,1,34,155176,155141,155177,155160,155177,bp,-81.875,17,1076.0,35,1,-270.0
1258,487.7666732302102,-0.3333333333333333,False,False,48,-7,30,155216,155177,155225,155195,155222,bp,83.64285714285714,27,-1984.0,39,9,1162.0
1259,344.1895487431065,-0.3333333333333333,False,False,49,10,5,155252,155225,155274,155242,155260,bp,105.575,18,-1858.0,27,22,2401.0
1260,717.9309614242999,-0.3333333333333333,True,True,50,24,2,155300,155274,155324,155288,155306,bp,118.16666666666666,18,-715.0,26,24,2430.0
1261,156.84117855475202,-0.3333333333333333,False,False,55,11,31,155367,155324,155379,155348,155369,bp,86.5394736842105,21,-153.0,43,12,525.0
1262,448.1662113030183,-0.3333333333333333,False,False,45,-3,29,155416,155379,155424,155401,155421,bp,72.36666666666667,20,-1101.0,37,8,1341.0
1263,490.24616777852515,-0.3333333333333333,True,True,50,-3,2,155450,155424,155474,155438,155461,bp,110.81439393939394,23,-1903.0,26,24,1512.0
1264,477.93186070494016,-0.3333333333333333,True,True,50,0,-8,155495,155474,155524,155481,155504,bp,60.15873015873015,23,-1404.0,21,29,1658.0
1265,764.8024246443315,-0.3333333333333333,True,False,49,-14,-31,155533,155524,155573,155527,155559,bp,142.81410256410254,32,-2059.0,9,40,2158.0
1266,257.09505152464504,-0.3333333333333333,True,False,19,12,1,155583,155573,155592,155577,155588,bp,168.21666666666667,11,-2055.0,10,9,1656.0
1267,575.2692757471019,-0.3333333333333333,True,False,46,10,2,155616,155592,155638,155611,155622,bp,191.6,11,-1989.0,24,22,2523.0
1268,583.8458416748525,-0.3333333333333333,True,True,37,5,-13,155650,155638,155675,155643,155662,bp,91.6011904761905,19,-1277.0,12,25,1366.0
1269,2839.212399941996,-0.3333333333333333,True,True,67,18,7,154695,154658,154725,154686,154705,bp,341.9277777777778,19,-2506.0,37,30,6718.0
1270,2830.086194487942,-0.3333333333333333,True,True,66,1,4,154760,154725,154791,154742,154773,bp,212.00641025641025,31,-1708.0,35,31,6993.0
1271,2891.093375992786,-0.3333333333333333,True,True,71,1,1,154827,154791,154862,154805,154839,bp,248.33333333333331,34,-2183.0,36,35,7983.0
1272,1939.565556864366,-0.3333333333333333,True,True,51,7,-5,154885,154862,154913,154874,154896,bp,177.13636363636363,22,929.0,23,28,2766.0
1273,1179.052583560003,-0.3333333333333333,False,False,61,16,-21,154933,154913,154974,154925,154946,bp,166.15865384615384,21,416.0,20,41,2904.0
1274,4227.061598893155,-0.3333333333333333,False,False,56,14,-6,154999,154974,155030,154983,155008,bp,412.92708333333326,25,-5581.0,25,31,9818.0
1275,4058.201731376353,-0.3333333333333333,True,True,67,17,-9,155059,155030,155097,155047,155069,bp,393.45833333333337,22,-3467.0,29,38,8848.0
1276,3561.3977456355824,-0.3333333333333333,True,True,44,10,0,155119,155097,155141,155108,155131,bp,345.81060606060606,23,-2612.0,22,22,6538.0
1277,959.9112345948636,-0.3333333333333333,False,False,67,-5,17,155183,155141,155208,155164,155195,bp,108.35087719298244,31,513.0,42,25,2118.0
1278,2471.307144115638,-0.3333333333333333,False,False,66,8,-8,155237,155208,155274,155221,155247,bp,273.31875,26,-3779.0,29,37,6891.0
1279,2180.894373832685,-0.3333333333333333,True,True,53,16,-15,155293,155274,155327,155281,155305,bp,210.0,24,-1922.0,19,34,4539.0
1280,4524.150699795105,-0.3333333333333333,True,True,62,15,-4,155356,155327,155389,155345,155367,bp,400.0909090909091,22,-5518.0,29,33,9671.0
1281,3361.1401712188845,-0.3333333333333333,True,True,69,3,-11,155418,155389,155458,155404,155436,bp,251.76984126984127,32,-3735.0,29,40,7365.0
1282,2733.8189399153157,-0.3333333333333333,True,True,50,9,-4,155481,155458,155508,155471,155494,bp,266.3076923076923,23,-3379.0,23,27,4460.0
1283,1187.648900664449,-0.3333333333333333,True,True,50,21,0,155533,155508,155558,155526,155540,bp,255.5,14,-2213.0,25,25,3729.0
1284,1508.6942102302235,-0.3333333333333333,True,True,50,18,2,155584,155558,155608,155575,155589,bp,276.35555555555555,14,-2378.0,26,24,4003.0
1285,1728.6680229671454,-0.3333333333333333,True,True,66,4,-16,155633,155608,155674,155621,155650,bp,152.30882352941177,29,-2106.0,25,41,5461.0
1286,931.6910020562336,-0.7096774193548387,True,False,73,9,-23,158266,158241,158314,158247,158287,bp,86.92105263157896,40,194.0,25,48,3854.0
1287,2260.4939637634866,-0.7096774193548387,False,False,63,26,11,158351,158314,158377,158336,158356,bp,325.3,20,-1703.0,37,26,5255.0
1288,746.9654212541676,-0.7096774193548387,False,False,81,-10,3,158419,158377,158458,158402,158445,bp,56.84954751131222,43,1143.0,42,39,2288.0
1289,805.1643527657727,-0.7096774193548387,True,True,83,17,1,158500,158458,158541,158478,158527,bp,67.38468013468014,49,1042.0,42,41,3663.0
1290,2622.9042682030113,-0.7096774193548387,True,True,100,14,42,158612,158541,158641,158593,158623,bp,237.05502392344502,30,-1921.0,71,29,7282.0
1291,663.2088746783268,-0.7096774193548387,False,False,49,-9,33,158682,158641,158690,158667,158687,bp,119.0,20,768.0,41,8,920.0
1292,2292.6578561378587,-0.7096774193548387,False,False,51,2,-3,158714,158690,158741,158698,158722,bp,249.90625,24,-3467.0,24,27,5868.0
1293,688.0788277297956,-0.7096774193548387,False,False,33,-11,11,158763,158741,158774,158748,158770,bp,81.46190476190476,22,-352.0,22,11,1079.0
1294,397.19541307435793,-0.7096774193548387,False,False,84,-6,-2,158815,158774,158858,158781,158834,bp,63.437306501547994,53,-2021.0,41,43,3406.0
1295,1035.1011973780396,-0.7096774193548387,True,True,83,14,-1,158899,158858,158941,158881,158913,bp,98.04365079365078,32,-1726.0,41,42,3520.0
1296,894.687987915985,-0.7096774193548387,True,True,67,10,-17,158966,158941,159008,158959,158987,bp,116.21428571428572,28,-355.0,25,42,2420.0
1297,1062.3050924498596,-0.7096774193548387,True,True,67,31,-15,159034,159008,159075,159025,159049,bp,152.83333333333331,24,-1414.0,26,41,3038.0
1298,537.9307950889823,-0.7096774193548387,False,False,84,-8,32,159133,159075,159159,159104,159138,bp,129.79655172413794,34,-1838.0,58,26,2365.0
1299,597.2697772602827,-0.7096774193548387,False,False,49,11,-33,159167,159159,159208,159164,159187,bp,78.4,23,-10.0,8,41,2349.0
1300,2427.3615461601225,-0.7096774193548387,False,False,61,-6,-9,159234,159208,159269,159221,159252,bp,186.1923076923077,31,-3358.0,26,35,5343.0
1301,911.3914265110741,-0.7096774193548387,True,False,85,-16,35,158267,158207,158292,158241,158278,bp,136.63636363636363,37,-672.0,60,25,4872.0
1302,1390.004443892002,-0.7096774193548387,True,False,49,-1,1,158317,158292,158341,158299,158323,bp,140.52777777777777,24,562.0,25,24,2025.0
1303,752.875499011835,-0.7096774193548387,False,False,34,19,-16,158350,158341,158375,158346,158370,bp,112.05,24,1273.0,9,25,1857.0
1304,2279.334009757033,-0.7096774193548387,False,False,100,2,16,158433,158375,158475,158413,158451,bp,154.34722222222226,38,-2098.0,58,42,6715.0
1305,1985.0493333889328,-0.7096774193548387,False,False,63,-8,-11,158501,158475,158538,158491,158521,bp,181.65,30,-55.0,26,37,5331.0
1306,368.2353718967582,-0.7096774193548387,False,False,26,24,-2,158550,158538,158564,158543,158557,bp,137.57142857142856,14,3392.0,12,14,371.0
1307,3299.9544738926124,-0.7096774193548387,False,False,93,0,-15,158603,158564,158657,158595,158631,bp,303.75,36,-3195.0,39,54,8962.0
1308,4720.749571793369,-0.7096774193548387,True,True,66,1,-14,158683,158657,158723,158667,158699,bp,319.625,32,-4695.0,26,40,9548.0
1309,3681.832675717887,-0.7096774193548387,True,True,68,5,-14,158750,158723,158791,158732,158768,bp,237.66666666666663,36,-3604.0,27,41,8526.0
1310,4942.272888752,-0.7096774193548387,True,True,67,4,-13,158818,158791,158858,158809,158839,bp,436.22222222222223,30,-5290.0,27,40,12301.0
1311,3772.461524624793,-0.7096774193548387,True,True,69,-2,-7,158889,158858,158927,158873,158905,bp,235.03125,32,-2431.0,31,38,5681.0
1312,1280.7441687441856,-0.7096774193548387,False,False,44,13,-6,158946,158927,158971,158935,158951,bp,148.66363636363639,16,-549.0,19,25,1219.0
1313,914.1489899467696,-0.7096774193548387,True,True,54,2,-6,158995,158971,159025,158980,159011,bp,75.59791666666666,31,-886.0,24,30,2994.0
1314,2503.667018946222,-0.7096774193548387,True,False,62,5,-4,159054,159025,159087,159044,159070,bp,184.825,26,-2051.0,29,33,5396.0
1315,845.2003261971319,-0.7096774193548387,True,False,104,-32,22,159150,159087,159191,159101,159168,bp,83.77437641723354,67,-2259.0,63,41,4023.0
1316,2455.013877986958,-0.7096774193548387,False,False,66,2,-18,159215,159191,159257,159203,159238,bp,187.00905797101453,35,-2298.0,24,42,8817.0
1317,585.9932000655625,3.466666666666667,True,False,66,21,50,162566,162508,162574,162550,162569,bp,179.95833333333337,19,2713.0,58,8,2042.0
1318,1020.9804476994568,3.466666666666667,True,True,84,-4,0,162616,162574,162658,162609,162647,bp,174.36175115207374,38,987.0,42,42,4028.0
1319,2387.2329245001997,3.466666666666667,True,True,67,35,-7,162688,162658,162725,162681,162708,bp,212.4,27,900.0,30,37,5356.0
1320,1504.6379645362326,3.466666666666667,False,False,100,-5,50,162800,162725,162825,162770,162809,bp,227.73333333333332,39,-3502.0,75,25,5185.0
1321,435.26189206480797,3.466666666666667,False,False,50,2,0,162850,162825,162875,162843,162862,bp,69.93452380952381,19,266.0,25,25,743.0
1322,2514.403610861003,3.466666666666667,False,False,51,5,-13,162894,162875,162926,162883,162907,bp,230.4055944055944,24,-2376.0,19,32,7411.0
1323,1572.949168942875,3.466666666666667,False,False,65,16,-17,162950,162926,162991,162936,162969,bp,125.00939849624059,33,-413.0,24,41,1925.0
1324,809.7519638410074,3.466666666666667,True,True,84,16,34,163050,162991,163075,163018,163057,bp,121.30357142857143,39,-1912.0,59,25,3060.0
1325,1548.2810768405045,3.466666666666667,False,False,84,6,32,163133,163075,163159,163112,163145,bp,133.32142857142856,33,-1193.0,58,26,5205.0
1326,1460.5903100008886,3.466666666666667,True,True,82,-11,20,163210,163159,163241,163184,163227,bp,93.18552036199095,43,-419.0,51,31,3659.0
1327,1388.387826713222,3.466666666666667,True,True,100,6,-42,163270,163241,163341,163259,163301,bp,139.34604105571847,42,-863.0,29,71,4678.0
1328,1336.1468993004225,3.466666666666667,False,False,51,-13,-1,163366,163341,163392,163349,163386,bp,97.79117647058823,37,-1022.0,25,26,2408.0
1329,557.4886493572882,3.466666666666667,True,True,49,21,-1,163416,163392,163441,163410,163423,bp,167.04761904761904,13,-235.0,24,25,2661.0
1330,1460.1456494365655,3.466666666666667,False,False,84,-1,2,163484,163441,163525,163457,163505,bp,133.78571428571428,48,-974.0,43,41,6976.0
1331,1135.1460763243695,3.466666666666667,True,True,73,-11,5,162546,162507,162580,162526,162568,bp,64.67954545454546,42,928.0,39,34,3038.0
1332,1516.6649489839554,3.466666666666667,True,True,78,-7,28,162633,162580,162658,162599,162641,bp,186.56985294117646,42,-835.0,53,25,5586.0
1333,2698.3789332082765,3.466666666666667,True,True,70,-6,14,162700,162658,162728,162676,162715,bp,180.15,39,-1647.0,42,28,6926.0
1334,1258.9275615206554,3.466666666666667,True,True,97,1,15,162784,162728,162825,162748,162803,bp,128.1827485380117,55,-3114.0,56,41,5140.0
1335,1317.3603636394525,3.466666666666667,True,True,66,41,16,162866,162825,162891,162859,162874,bp,204.42857142857144,15,-1103.0,41,25,2532.0
1336,205.9367370826997,3.466666666666667,True,False,66,13,20,162934,162891,162957,162930,162939,bp,185.55,9,-356.0,43,23,1469.0
1337,982.1257409037248,3.466666666666667,True,True,49,0,-29,162967,162957,163006,162961,162986,bp,133.75438596491227,25,-1534.0,10,39,1728.0
1338,707.4664083170785,3.466666666666667,True,True,34,6,-10,163018,163006,163040,163011,163030,bp,85.47619047619047,19,-1905.0,12,22,1132.0
1339,412.1628587231529,3.466666666666667,False,False,51,0,1,163066,163040,163091,163055,163079,bp,78.96153846153845,24,-1565.0,26,25,2417.0
1340,862.871352442766,3.466666666666667,True,False,67,-4,-15,163117,163091,163158,163103,163139,bp,83.26298701298701,36,-1583.0,26,41,2911.0
1341,390.32007125132253,3.466666666666667,True,False,40,25,14,163185,163158,163198,163171,163188,bp,100.46428571428572,17,-636.0,27,13,1216.0
1342,1044.6325555686562,3.466666666666667,True,False,74,-2,2,163236,163198,163272,163230,163255,bp,142.83771929824562,25,-1596.0,38,36,2833.0
1343,1333.8621770977295,3.466666666666667,True,False,40,16,-18,163283,163272,163312,163278,163297,bp,196.12857142857143,19,-1193.0,11,29,4126.0
1344,864.2772224627458,3.466666666666667,True,True,62,-9,18,163352,163312,163374,163332,163363,bp,74.37272727272727,31,585.0,40,22,1904.0
1345,978.3762519764064,3.466666666666667,True,True,67,-21,-15,163400,163374,163441,163385,163427,bp,70.58518518518521,42,34.0,26,41,3043.0
1346,748.2501893380693,3.466666666666667,True,False,101,14,-49,163467,163441,163542,163448,163497,bp,88.54210526315791,49,-799.0,26,75,3193.0
1347,1812.1717042352109,2.09375,False,False,105,6,37,166496,166425,166530,166479,166507,bp,224.49465240641712,28,-2875.0,71,34,5631.0
1348,1112.0189822406976,2.09375,False,False,62,53,-20,166551,166530,166592,166541,166564,bp,108.48461538461538,23,431.0,21,41,2798.0
1349,2904.3349547197213,2.09375,False,False,99,19,19,166651,166592,166691,166640,166660,bp,376.979797979798,20,-4334.0,59,40,7319.0
1350,981.9925168253418,2.09375,True,True,101,-3,-17,166733,166691,166792,166699,166756,bp,79.71675191815856,57,-761.0,42,59,5365.0
1351,1819.260906637912,2.09375,True,False,78,11,-4,166829,166792,166870,166810,166838,bp,202.30701754385964,28,-2057.0,37,41,3819.0
1352,976.1540831374033,2.09375,True,True,55,39,-29,166883,166870,166925,166877,166890,bp,249.80952380952382,13,-398.0,13,42,3975.0
1353,1125.1924043981314,2.09375,True,True,67,-16,27,166972,166925,166992,166942,166984,bp,102.425,42,-219.0,47,20,3818.0
1354,1103.507500980519,2.09375,False,False,83,-23,33,167050,166992,167075,167010,167060,bp,126.2625,50,-2579.0,58,25,3369.0
1355,812.6315076423297,2.09375,False,False,67,-2,-17,167100,167075,167142,167087,167124,bp,35.802884615384606,37,-766.0,25,42,2977.0
1356,256.29873894640264,2.09375,True,False,33,-1,17,167167,167142,167175,167159,167170,bp,198.3125,11,-167.0,25,8,1370.0
1357,390.1297343372848,2.09375,True,False,36,-16,16,167201,167175,167211,167180,167205,bp,85.17261904761905,25,-784.0,26,10,1028.0
1358,320.87228030770285,2.09375,False,False,65,28,-53,167217,167211,167276,167214,167239,bp,101.96969696969695,25,-455.0,6,59,2785.0
1359,1301.3080068144968,2.09375,True,True,66,5,-18,167300,167276,167342,167292,167323,bp,156.4538043478261,31,-1069.0,24,42,4079.0
1360,898.1950959180548,2.09375,True,True,83,11,27,167397,167342,167425,167359,167407,bp,118.7842105263158,48,-1549.0,55,28,3935.0
1361,349.697954008647,2.09375,False,False,33,-5,3,166465,166447,166480,166448,166473,bp,43.360294117647065,25,1415.0,18,15,1012.0
1362,1793.3022108255036,2.09375,False,False,45,7,1,166503,166480,166525,166493,166515,bp,151.41666666666669,22,-523.0,23,22,3909.0
1363,1579.3191576818328,2.09375,True,True,67,-15,17,166567,166525,166592,166544,166584,bp,119.46803069053708,40,-2335.0,42,25,4100.0
1364,2388.835241313645,2.09375,True,True,50,3,2,166618,166592,166642,166609,166634,bp,234.82986111111111,25,-3465.0,26,24,5437.0
1365,1116.0693271700095,2.09375,True,True,49,6,1,166667,166642,166691,166662,166683,bp,184.2875,21,-794.0,25,24,2765.0
1366,2042.486290388031,2.09375,True,False,73,25,-9,166723,166691,166764,166710,166736,bp,187.6923076923077,26,-2697.0,32,41,5089.0
1367,1066.8455924224195,2.09375,True,False,92,-11,18,166819,166764,166856,166787,166836,bp,100.34926470588236,49,-2022.0,55,37,4298.0
1368,1564.8785991859884,2.09375,True,False,53,12,1,166883,166856,166909,166874,166889,bp,207.0,15,-1571.0,27,26,2831.0
1369,817.7473814245993,2.09375,True,False,33,5,17,166934,166909,166942,166916,166938,bp,140.09722222222223,22,-1621.0,25,8,2033.0
1370,1572.5304039801754,2.09375,True,False,56,5,16,166978,166942,166998,166965,166986,bp,168.64423076923075,21,-2498.0,36,20,3864.0
1371,1543.4760208852567,2.09375,True,True,60,2,-14,167021,166998,167058,167012,167038,bp,143.8267973856209,26,-1822.0,23,37,3452.0
1372,862.2208055988551,2.09375,False,False,50,-3,2,167084,167058,167108,167066,167095,bp,73.54545454545455,29,-1315.0,26,24,1405.0
1373,436.34859443876684,2.09375,True,True,34,6,16,167133,167108,167142,167121,167138,bp,112.09166666666668,17,-1356.0,25,9,1712.0
1374,829.936399376407,2.09375,True,True,45,12,5,167167,167142,167187,167161,167175,bp,172.83333333333331,14,-2085.0,25,20,2328.0
1375,991.7537955468224,2.09375,True,True,56,37,-8,167211,167187,167243,167201,167220,bp,111.16666666666669,19,-1583.0,24,32,3086.0
1376,956.007861821963,2.09375,True,False,83,0,-1,167284,167243,167326,167276,167304,bp,198.8,28,-1777.0,41,42,5578.0
1377,1088.221764440415,2.09375,True,False,34,2,14,167350,167326,167360,167332,167354,bp,178.54166666666663,22,-27.0,24,10,1934.0
1378,732.7001681447107,2.09375,False,False,82,-7,-32,167385,167360,167442,167378,167417,bp,118.296875,39,-425.0,25,57,2310.0
1379,1835.1986413003344,-2.25,True,True,50,8,2,170284,170258,170308,170270,170297,bp,157.15384615384616,27,-2072.0,26,24,4545.0
1380,1353.8004971133278,-2.25,True,True,68,-5,12,170348,170308,170376,170332,170361,bp,118.08894230769229,29,-957.0,40,28,3177.0
1381,1061.0648316350957,-2.25,True,True,67,13,-17,170401,170376,170443,170385,170414,bp,107.42067307692308,29,-688.0,25,42,3606.0
1382,1220.2748371282487,-2.25,False,False,64,17,-12,170469,170443,170507,170456,170475,bp,190.28846153846158,19,-645.0,26,38,3136.0
1383,451.1375629723481,-2.25,False,False,35,-1,-13,170518,170507,170542,170511,170529,bp,121.61038961038959,18,1114.0,11,24,2174.0
1384,438.1202366171405,-2.25,False,False,34,-13,16,170567,170542,170576,170546,170573,bp,55.21428571428571,27,1159.0,25,9,970.0
1385,287.61409859244407,-2.25,True,False,33,16,15,170600,170576,170609,170587,170603,bp,170.4871794871795,16,348.0,24,9,1694.0
1386,677.9249343858903,-2.25,True,False,65,6,19,170651,170609,170674,170635,170654,bp,141.58333333333334,19,408.0,42,23,2135.0
1387,929.1638668614156,-2.25,True,False,36,5,-12,170686,170674,170710,170679,170697,bp,130.74025974025977,18,-248.0,12,24,1799.0
1388,129.73535888033732,-2.25,False,False,32,11,16,170734,170710,170742,170720,170739,bp,76.79285714285714,19,2.0,24,8,1069.0
1389,376.2041978479347,-2.25,False,False,50,-1,32,170783,170742,170792,170769,170787,bp,164.39285714285714,18,-1363.0,41,9,2123.0
1390,281.0973879782001,-2.25,True,True,83,-25,-3,170832,170792,170875,170804,170854,bp,23.686688311688318,50,-1474.0,40,43,1308.0
1391,361.827121063487,-2.25,False,False,67,-20,-47,170885,170875,170942,170879,170926,bp,140.66666666666669,47,-2571.0,10,57,3552.0
1392,362.5499027674617,-2.25,False,False,51,-8,-1,170967,170942,170993,170953,170980,bp,47.324175824175825,27,535.0,25,26,2092.0
1393,274.77311023437096,-2.25,False,False,33,-1,17,171018,170993,171026,170999,171023,bp,83.57894736842105,24,412.0,25,8,1056.0
1394,177.08913511044014,-2.25,False,False,72,-8,12,171068,171026,171098,171046,171081,bp,53.370629370629366,35,-2122.0,42,30,678.0
1395,218.22279826072716,-2.25,False,False,44,9,-2,171119,171098,171142,171108,171124,bp,90.01818181818182,16,-2079.0,21,23,1569.0
1396,811.6325499343704,-2.25,False,False,66,0,-20,171165,171142,171208,171149,171180,bp,104.97291666666666,31,-2389.0,23,43,3325.0
1397,697.4319664462769,-2.25,False,False,51,26,-31,171218,171208,171259,171211,171240,bp,94.79545454545456,29,-703.0,10,41,2170.0
1398,1744.9765193210276,-2.25,True,False,66,0,16,170284,170243,170309,170257,170291,bp,196.2063492063492,34,-395.0,41,25,4012.0
1399,1359.4388674095712,-2.25,True,True,50,-13,-2,170333,170309,170359,170325,170352,bp,167.1611842105263,27,-234.0,24,26,3049.0
1400,1294.2165110495841,-2.25,True,True,67,-4,-19,170383,170359,170426,170366,170407,bp,103.90808823529413,41,-1844.0,24,43,3909.0
1401,1738.0483040751003,-2.25,True,True,66,-5,-4,170457,170426,170492,170444,170479,bp,113.11713286713284,35,-1581.0,31,35,4183.0
1402,1604.3855111414216,-2.25,True,True,63,-4,-13,170517,170492,170555,170509,170538,bp,141.19345238095238,29,-869.0,25,38,2620.0
1403,1488.6347056269344,-2.25,True,False,41,12,-15,170568,170555,170596,170563,170590,bp,197.50454545454545,27,-1597.0,13,28,2648.0
1404,1601.624303314068,-2.25,True,False,73,11,11,170638,170596,170669,170629,170651,bp,204.3931623931624,22,-3493.0,42,31,3846.0
1405,824.1968226732016,-2.25,True,True,72,13,-18,170696,170669,170741,170684,170713,bp,130.80637254901958,29,-2442.0,27,45,3307.0
1406,714.6049933721328,-2.25,False,False,85,-3,-1,170783,170741,170826,170755,170795,bp,99.2738095238095,40,-1936.0,42,43,2742.0
1407,178.5904498210264,-2.25,False,False,55,8,-39,170834,170826,170881,170832,170855,bp,146.45238095238096,23,-139.0,8,47,1867.0
1408,160.4967650862995,-2.25,True,False,30,14,-12,170890,170881,170911,170886,170899,bp,117.06944444444444,13,468.0,9,21,1204.0
1409,1246.0899298134398,-2.25,False,False,47,7,-3,170933,170911,170958,170926,170948,bp,134.8238095238095,22,138.0,22,25,4326.0
1410,924.1288497991112,-2.25,False,False,68,-2,10,170997,170958,171026,170977,171013,bp,71.2625,36,148.0,39,29,1603.0
1411,244.19426942670086,-2.25,True,True,66,10,16,171067,171026,171092,171047,171071,bp,189.65,24,-1048.0,41,25,2460.0
1412,785.4479528337737,-2.25,True,True,49,3,1,171117,171092,171141,171105,171124,bp,127.07738095238096,19,-313.0,25,24,2487.0
1413,1321.9731548131488,-2.25,True,True,51,-3,3,171168,171141,171192,171146,171173,bp,183.45,27,-2105.0,27,24,2997.0
1414,750.0624643080579,-2.25,True,False,67,-13,5,171228,171192,171259,171197,171239,bp,85.04105571847508,42,-1491.0,36,31,2863.0
1415,244.5769886442273,1.3142857142857143,False,False,31,-5,13,174381,174359,174390,174369,174389,bp,-4.9375,20,-192.0,22,9,151.0
1416,716.8615050632193,1.3142857142857143,False,False,37,2,11,174414,174390,174427,174404,174420,bp,74.3,16,-1018.0,24,13,2080.0
1417,539.2720218019808,1.3142857142857143,True,True,79,-30,3,174468,174427,174506,174438,174490,bp,32.84848484848485,52,-666.0,41,38,2375.0
1418,1036.9382249430616,1.3142857142857143,False,False,53,25,-27,174519,174506,174559,174512,174530,bp,173.03246753246754,18,-1443.0,13,40,2328.0
1419,461.5919557803604,1.3142857142857143,False,False,51,8,-1,174584,174559,174610,174573,174595,bp,120.1818181818182,22,-207.0,25,26,2746.0
1420,401.5456450457258,1.3142857142857143,False,False,50,5,-10,174630,174610,174660,174625,174644,bp,117.26428571428569,19,964.0,20,30,696.0
1421,483.6250313978645,1.3142857142857143,False,False,49,-13,-1,174684,174660,174709,174668,174697,bp,62.947115384615394,29,-973.0,24,25,1306.0
1422,277.1905722237267,1.3142857142857143,True,True,34,6,-16,174718,174709,174743,174713,174730,bp,134.875,17,-1256.0,9,25,2567.0
1423,490.5400190890514,1.3142857142857143,True,True,49,1,1,174768,174743,174792,174753,174781,bp,11.082051282051284,28,-264.0,25,24,1708.0
1424,851.275289986277,1.3142857142857143,True,True,51,4,7,174821,174792,174843,174810,174838,bp,87.27005347593582,28,-918.0,29,22,1773.0
1425,328.27303867877595,1.3142857142857143,False,False,99,-14,-15,174885,174843,174942,174870,174924,bp,26.07435897435897,54,-263.0,42,57,2877.0
1426,885.6266388017692,1.3142857142857143,True,True,68,-6,18,174985,174942,175010,174964,174996,bp,120.22943722943724,32,-1706.0,43,25,3115.0
1427,379.89399736947433,1.3142857142857143,True,True,66,-12,16,175051,175010,175076,175022,175063,bp,44.553160919540225,41,-681.0,41,25,1422.0
1428,1399.9790590680545,1.3142857142857143,True,True,50,36,-2,175100,175076,175126,175092,175108,bp,198.4375,16,-2026.0,24,26,3636.0
1429,1939.200829893745,1.3142857142857143,True,True,83,3,25,175180,175126,175209,175160,175194,bp,186.75357142857143,34,-4557.0,54,29,6025.0
1430,2137.02960797892,1.3142857142857143,False,False,67,7,11,175248,175209,175276,175231,175256,bp,195.86764705882354,25,-3557.0,39,28,4187.0
1431,353.5971333693911,1.3142857142857143,False,False,50,-6,2,175302,175276,175326,175288,175315,bp,57.86263736263736,27,-686.0,26,24,1614.0
1432,267.40293857980646,1.3142857142857143,True,False,46,-12,36,174368,174327,174373,174339,174370,bp,164.96551724137933,31,-65.0,41,5,1181.0
1433,628.2567801027345,1.3142857142857143,True,True,52,-19,12,174405,174373,174425,174389,174420,bp,63.14375,31,-765.0,32,20,2659.0
1434,1305.203850100851,1.3142857142857143,True,True,71,-18,-17,174452,174425,174496,174432,174479,bp,111.27685185185186,47,-2192.0,27,44,5926.0
1435,1389.6364725255014,1.3142857142857143,True,True,62,-24,-18,174518,174496,174558,174508,174548,bp,139.21666666666667,40,-544.0,22,40,2583.0
1436,1445.389290239416,1.3142857142857143,True,True,51,-2,-21,174573,174558,174609,174564,174596,bp,176.26086956521735,32,-1968.0,15,36,5141.0
1437,1132.8173823186646,1.3142857142857143,True,False,46,4,10,174637,174609,174655,174626,174641,bp,185.75,15,-645.0,28,18,1918.0
1438,274.16808466636286,1.3142857142857143,True,False,25,26,1,174668,174655,174680,174660,174673,bp,195.625,13,-775.0,13,12,2797.0
1439,1419.1135453996592,1.3142857142857143,True,False,62,29,14,174718,174680,174742,174712,174725,bp,366.80952380952385,13,-2698.0,38,24,5310.0
1440,1566.785955561996,1.3142857142857143,True,False,65,0,11,174780,174742,174807,174767,174790,bp,177.2923076923077,23,-933.0,38,27,4227.0
1441,1435.531718098808,1.3142857142857143,True,False,35,6,-3,174823,174807,174842,174813,174833,bp,143.65,20,110.0,16,19,2623.0
1442,707.4842723306748,1.3142857142857143,True,True,51,6,3,174869,174842,174893,174859,174879,bp,102.3,20,621.0,27,24,1361.0
1443,188.2069532973943,1.3142857142857143,False,False,67,-20,7,174930,174893,174960,174905,174948,bp,13.243333333333332,43,381.0,37,30,1074.0
1444,997.7037418433853,1.3142857142857143,False,False,66,8,-16,174985,174960,175026,174971,174997,bp,139.6904761904762,26,-1724.0,25,41,3442.0
1445,1849.683797271686,1.3142857142857143,True,True,50,16,-12,175045,175026,175076,175031,175058,bp,168.26373626373623,27,-1989.0,19,31,5154.0
1446,1029.9959633659607,1.3142857142857143,True,True,71,-16,13,175118,175076,175147,175101,175138,bp,87.44117647058823,37,-1313.0,42,29,3417.0
1447,2481.019426345462,1.3142857142857143,True,True,58,16,-16,175168,175147,175205,175159,175185,bp,207.48039215686282,26,-2832.0,21,37,5085.0
1448,2386.1431208855233,1.3142857142857143,True,True,66,-1,2,175239,175205,175271,175227,175255,bp,159.94791666666669,28,-1906.0,34,32,5236.0
1449,2232.960237819081,1.3142857142857143,False,False,55,13,5,175301,175271,175326,175282,175309,bp,189.74342105263162,27,-3433.0,30,25,3093.0
1450,1243.8034700291075,0.8285714285714286,True,False,116,30,-32,178419,178377,178493,178404,178442,bp,130.23188405797103,38,412.0,42,74,4542.0
1451,1148.5997778591914,0.8285714285714286,True,False,51,-6,1,178519,178493,178544,178510,178536,bp,143.89215686274508,26,1105.0,26,25,2372.0
1452,707.9057683259015,0.8285714285714286,False,False,49,8,1,178569,178544,178593,178556,178580,bp,99.56293706293707,24,1873.0,25,24,2670.0
1453,2589.943043042349,0.8285714285714286,False,False,67,4,9,178631,178593,178660,178612,178639,bp,303.9901315789474,27,-2480.0,38,29,7219.0
1454,860.9015871273183,0.8285714285714286,False,False,22,12,20,178681,178660,178682,178670,178682,bp,8.227272727272727,12,2925.0,21,1,-35.0
1455,1158.0264680307728,0.8285714285714286,False,False,45,2,17,178713,178682,178727,178706,178721,bp,188.5625,15,730.0,31,14,3453.0
1456,786.1165733219386,0.8285714285714286,False,False,48,6,-8,178747,178727,178775,178738,178763,bp,99.05902777777777,25,2717.0,20,28,3130.0
1457,1155.0646921610662,0.8285714285714286,False,False,51,-17,23,178812,178775,178826,178794,178822,bp,108.27777777777777,28,-194.0,37,14,1170.0
1458,718.7412398148747,0.8285714285714286,False,False,66,18,-24,178847,178826,178892,178833,178857,bp,105.45714285714287,24,-403.0,21,45,3557.0
1459,2622.254484512883,0.8285714285714286,True,True,67,-5,-13,178919,178892,178959,178899,178936,bp,183.93676470588238,37,-2935.0,27,40,6902.0
1460,2375.7254340732684,0.8285714285714286,True,True,54,29,-2,178985,178959,179013,178968,178992,bp,220.92016806722685,24,-1442.0,26,28,4202.0
1461,2839.8337647499243,0.8285714285714286,True,True,79,1,9,179057,179013,179092,179045,179072,bp,224.34166666666667,27,-2944.0,44,35,6358.0
1462,2224.810449466016,0.8285714285714286,True,True,51,-4,1,179118,179092,179143,179100,179134,bp,136.4375,34,-964.0,26,25,4581.0
1463,1407.083939466259,0.8285714285714286,True,True,83,-4,-1,179184,179143,179226,179164,179206,bp,98.81590909090907,42,-1398.0,41,42,3366.0
1464,2042.6433083373597,0.8285714285714286,False,False,67,3,-15,179252,179226,179293,179244,179272,bp,270.1125,28,-3832.0,26,41,5192.0
1465,923.0290404169007,0.8285714285714286,False,False,67,9,-17,179318,179293,179360,179303,179330,bp,98.29166666666666,27,-1098.0,25,42,2691.0
1466,1212.6459732168025,0.8285714285714286,True,True,65,1,-17,179384,179360,179425,179366,179398,bp,116.42857142857143,32,-2539.0,24,41,2750.0
1467,1072.2874905158706,0.8285714285714286,True,True,50,-18,4,178403,178376,178426,178395,178421,bp,129.86111111111111,26,-929.0,27,23,2446.0
1468,326.8468880568426,0.8285714285714286,False,False,34,-6,-16,178435,178426,178460,178429,178450,bp,107.76666666666668,21,280.0,9,25,2558.0
1469,520.5660699705494,0.8285714285714286,False,False,33,5,17,178485,178460,178493,178465,178488,bp,82.98333333333333,23,828.0,25,8,855.0
1470,677.8229551846853,0.8285714285714286,False,False,50,-5,6,178521,178493,178543,178516,178537,bp,187.84375,21,-1255.0,28,22,2325.0
1471,1782.6883198355624,0.8285714285714286,True,True,51,6,-3,178567,178543,178594,178553,178579,bp,176.92857142857144,26,-2038.0,24,27,5820.0
1472,3072.115579644395,0.8285714285714286,True,True,61,12,-1,178624,178594,178655,178611,178636,bp,243.45512820512826,25,-3643.0,30,31,5362.0
1473,2055.0257658537626,0.8285714285714286,True,True,56,7,2,178684,178655,178711,178673,178699,bp,190.03939393939396,26,-2126.0,29,27,5827.0
1474,3809.398512667312,0.8285714285714286,True,True,66,1,6,178747,178711,178777,178732,178762,bp,254.96666666666667,30,-2699.0,36,30,8824.0
1475,3205.630594675913,0.8285714285714286,True,True,79,-13,-5,178814,178777,178856,178793,178836,bp,198.69913419913416,43,-3504.0,37,42,6930.0
1476,2115.275511852652,0.8285714285714286,True,True,71,-13,-13,178885,178856,178927,178866,178909,bp,135.2138157894737,43,-3334.0,29,42,4688.0
1477,875.8232225286798,0.8285714285714286,False,False,65,-18,-15,178952,178927,178992,178939,178976,bp,93.02243589743591,37,-1672.0,25,40,2925.0
1478,414.0310357333097,0.8285714285714286,False,False,30,-1,24,179019,178992,179022,178995,179021,bp,16.75,26,394.0,27,3,-187.0
1479,1658.7152735622285,0.8285714285714286,False,False,55,0,11,179055,179022,179077,179046,179068,bp,156.81196581196582,22,-2203.0,33,22,4563.0
1480,1840.4030588045246,0.8285714285714286,True,True,66,0,-8,179106,179077,179143,179090,179125,bp,155.45230263157896,35,-2610.0,29,37,5957.0
1481,1478.5284851396038,0.8285714285714286,True,True,55,23,-5,179168,179143,179198,179160,179180,bp,181.22916666666663,20,-16.0,25,30,2359.0
1482,590.3287044218528,0.8285714285714286,False,False,62,-16,42,179250,179198,179260,179223,179257,bp,73.54761904761905,34,-198.0,52,10,1414.0
1483,917.0232815227716,0.8285714285714286,False,False,67,-26,15,179301,179260,179327,179275,179320,bp,83.57692307692308,45,-1670.0,41,26,4060.0
1484,452.0899753429966,0.8285714285714286,False,False,32,14,16,179351,179327,179359,179339,179355,bp,98.95833333333331,16,1097.0,24,8,1509.0
1485,1550.1619984202482,-2.411764705882353,True,True,67,-9,17,182385,182343,182410,182365,182397,bp,144.23333333333332,32,-1225.0,42,25,3934.0
1486,1135.8682259580507,-2.411764705882353,False,False,34,9,16,182435,182410,182444,182420,182439,bp,160.29166666666669,19,-1138.0,25,9,1739.0
1487,569.385456969909,-2.411764705882353,True,True,50,-5,8,182473,182444,182494,182467,182485,bp,133.25,18,-1508.0,29,21,2022.0
1488,768.9250400302631,-2.411764705882353,True,True,49,-2,1,182519,182494,182543,182498,182524,bp,121.04761904761904,26,-1232.0,25,24,2009.0
1489,379.5143472999032,-2.411764705882353,True,False,34,12,-16,182552,182543,182577,182548,182564,bp,137.95833333333334,16,-655.0,9,25,1730.0
1490,989.7235988296063,-2.411764705882353,True,False,61,18,-13,182601,182577,182638,182592,182612,bp,174.9191919191919,20,-2009.0,24,37,2006.0
1491,1601.1108008390165,-2.411764705882353,True,True,73,10,-13,182668,182638,182711,182650,182685,bp,127.12745098039215,35,-3892.0,30,43,4881.0
1492,1326.1619117964835,-2.411764705882353,False,False,53,-14,27,182751,182711,182764,182730,182754,bp,121.61904761904762,24,-3170.0,40,13,1386.0
1493,490.0099139435037,-2.411764705882353,False,False,46,-4,-34,182770,182764,182810,182764,182791,bp,55.28571428571429,27,-1906.0,6,40,3905.0
1494,1784.5146445872167,-2.411764705882353,True,True,50,-6,-24,182823,182810,182860,182814,182851,bp,143.78174603174602,37,-1043.0,13,37,5288.0
1495,1676.0982970148834,-2.411764705882353,True,True,67,-11,17,182902,182860,182927,182882,182919,bp,121.90294117647059,37,-1367.0,42,25,3362.0
1496,1102.0820692369148,-2.411764705882353,False,False,66,4,-16,182952,182927,182993,182945,182970,bp,163.97619047619048,25,-680.0,25,41,4025.0
1497,688.4981273564625,-2.411764705882353,False,False,34,4,12,183016,182993,183027,182999,183021,bp,92.72352941176472,22,1826.0,23,11,1677.0
1498,1265.7230093502867,-2.411764705882353,True,True,56,-1,-6,183052,183027,183083,183047,183071,bp,156.48947368421054,24,1055.0,25,31,2690.0
1499,848.5775883648141,-2.411764705882353,False,False,77,9,-39,183102,183083,183160,183094,183131,bp,99.48922413793105,37,917.0,19,58,2242.0
1500,2132.096392765212,-2.411764705882353,False,False,50,21,0,183185,183160,183210,183177,183192,bp,308.0803571428571,15,-2339.0,25,25,4442.0
1501,2470.4755269667394,-2.411764705882353,True,False,83,25,-31,183236,183210,183293,183228,183258,bp,274.45454545454544,30,-3240.0,26,57,7645.0
1502,909.598525620737,-2.411764705882353,False,False,65,-33,21,183336,183293,183358,183313,183354,bp,96.3756038647343,41,-2712.0,43,22,1696.0
1503,2249.080801677279,-2.411764705882353,True,True,66,-5,8,182397,182360,182426,182377,182412,bp,164.25,35,1474.0,37,29,4894.0
1504,2716.4207988128155,-2.411764705882353,True,True,66,-3,-12,182453,182426,182492,182442,182474,bp,216.08008658008654,32,-559.0,27,39,5103.0
1505,3739.2828588487378,-2.411764705882353,False,False,52,4,-4,182516,182492,182544,182503,182525,bp,381.2649572649573,22,-3493.0,24,28,7862.0
1506,1094.4212943617752,-2.411764705882353,False,False,49,-22,-1,182568,182544,182593,182551,182586,bp,83.85130718954248,35,959.0,24,25,2356.0
1507,264.45508138055266,-2.411764705882353,False,False,50,8,0,182618,182593,182643,182599,182629,bp,32.57894736842105,30,1798.0,25,25,1683.0
1508,2302.7173398512077,-2.411764705882353,False,False,66,14,8,182680,182643,182709,182667,182691,bp,200.87062937062942,24,-242.0,37,29,5862.0
1509,5001.859941172005,-2.411764705882353,False,False,84,19,-10,182746,182709,182793,182729,182756,bp,399.5294117647058,27,-6457.0,37,47,9276.0
1510,4267.568774036496,-2.411764705882353,True,True,67,12,-17,182818,182793,182860,182802,182835,bp,282.83639705882354,33,-3899.0,25,42,11965.0
1511,4854.792276360272,-2.411764705882353,True,True,71,18,3,182897,182860,182931,182880,182905,bp,382.2683823529412,25,-2929.0,37,34,6939.0
1512,3140.4893519492102,-2.411764705882353,True,True,62,15,-8,182958,182931,182993,182948,182973,bp,272.75,25,-2785.0,27,35,6146.0
1513,2128.8936199140994,-2.411764705882353,True,True,51,11,13,183025,182993,183044,183013,183035,bp,186.2,22,221.0,32,19,4926.0
1514,1856.2142140679107,-2.411764705882353,False,False,82,14,0,183085,183044,183126,183068,183104,bp,112.32198142414862,36,202.0,41,41,3060.0
1515,4301.633133199856,-2.411764705882353,False,False,68,22,14,183167,183126,183194,183154,183177,bp,399.8884615384616,23,-5351.0,41,27,10028.0
1516,3471.901192018274,-2.411764705882353,True,True,83,7,1,183236,183194,183277,183222,183254,bp,255.07539682539684,32,-3173.0,42,41,8295.0
1517,3113.0455821070227,-2.411764705882353,True,True,66,10,-8,183306,183277,183343,183293,183322,bp,240.71875,29,-2442.0,29,37,6173.0
1518,1820.37502298288,-2.411764705882353,True,True,50,-7,4,183370,183343,183393,183361,183386,bp,221.01041666666663,25,-1891.0,27,23,2883.0
1519,1857.5334232357534,-2.3548387096774195,False,False,49,10,-1,186535,186511,186560,186518,186544,bp,159.8790849673203,26,-374.0,24,25,2439.0
1520,201.32686160273772,-2.3548387096774195,False,False,34,24,18,186586,186560,186594,186580,186589,bp,149.58333333333334,9,0.0,26,8,1026.0
1521,971.8036581596393,-2.3548387096774195,False,False,68,9,16,186636,186594,186662,186622,186643,bp,165.60714285714286,21,-1033.0,42,26,3879.0
1522,1700.0927486755445,-2.3548387096774195,True,True,65,9,-11,186689,186662,186727,186673,186704,bp,125.6,31,-726.0,27,38,4318.0
1523,1684.1126945842987,-2.3548387096774195,True,True,50,17,0,186752,186727,186777,186744,186759,bp,274.0178571428571,15,-1138.0,25,25,3348.0
1524,950.6698300955322,-2.3548387096774195,False,False,67,-6,-9,186806,186777,186844,186791,186826,bp,106.35,35,-1487.0,29,38,3621.0
1525,243.63059089469772,-2.3548387096774195,False,False,34,1,16,186869,186844,186878,186855,186875,bp,35.51190476190476,20,1119.0,25,9,1017.0
1526,883.5472598777131,-2.3548387096774195,False,False,66,1,-14,186904,186878,186944,186896,186930,bp,106.30769230769229,34,95.0,26,40,2252.0
1527,959.8841663525274,-2.3548387096774195,True,False,51,-9,21,186980,186944,186995,186965,186989,bp,106.56666666666666,24,-370.0,36,15,2181.0
1528,968.5020502793252,-2.3548387096774195,True,False,65,-6,-19,187018,186995,187060,187004,187039,bp,99.4761904761905,35,-841.0,23,42,4271.0
1529,1315.2084772679805,-2.3548387096774195,True,True,66,13,-22,187082,187060,187126,187068,187103,bp,69.96428571428571,35,607.0,22,44,2784.0
1530,1630.420866371767,-2.3548387096774195,True,True,84,7,4,187170,187126,187210,187151,187187,bp,116.7074303405573,36,-1093.0,44,40,4100.0
1531,3029.145509834692,-2.3548387096774195,True,True,67,18,-11,187238,187210,187277,187230,187256,bp,223.59722222222226,26,-1438.0,28,39,6331.0
1532,3412.385292336268,-2.3548387096774195,False,False,100,1,-22,187316,187277,187377,187300,187341,bp,296.5325,41,-6745.0,39,61,10997.0
1533,2526.2692387103343,-2.3548387096774195,False,False,83,49,-37,187400,187377,187460,187383,187407,bp,173.5168067226891,24,-326.0,23,60,3228.0
1534,2851.579034791701,-2.3548387096774195,False,False,67,3,15,186485,186444,186511,186473,186497,bp,271.2916666666667,24,-4000.0,41,26,7760.0
1535,2677.223463414738,-2.3548387096774195,True,True,65,4,-15,186536,186511,186576,186524,186557,bp,210.375,33,-2761.0,25,40,6069.0
1536,2855.2671909973797,-2.3548387096774195,True,True,68,19,-8,186606,186576,186644,186594,186620,bp,244.63690476190484,26,-3588.0,30,38,5503.0
1537,2178.765116609005,-2.3548387096774195,True,True,72,3,-12,186674,186644,186716,186665,186698,bp,199.2083333333333,33,-2996.0,30,42,4156.0
1538,2229.570610901877,-2.3548387096774195,True,True,61,8,9,186751,186716,186777,186734,186759,bp,207.6397058823529,25,-2921.0,35,26,4921.0
1539,1980.601435722539,-2.3548387096774195,True,True,62,-11,12,186814,186777,186839,186792,186825,bp,188.1136363636364,33,-3546.0,37,25,5352.0
1540,1165.0649710678406,-2.3548387096774195,True,True,54,-25,8,186870,186839,186893,186847,186886,bp,72.95516304347825,39,-1006.0,31,23,2880.0
1541,753.1421997998287,-2.3548387096774195,True,True,67,-17,-19,186917,186893,186960,186900,186941,bp,69.98651960784314,41,-1016.0,24,43,2566.0
1542,1179.456163789388,-2.3548387096774195,True,True,62,8,-22,186980,186960,187022,186965,186993,bp,129.53333333333333,28,-1675.0,20,42,3556.0
1543,2130.1068135573746,-2.3548387096774195,True,False,39,15,-11,187036,187022,187061,187029,187048,bp,274.8154761904762,19,-2316.0,14,25,5631.0
1544,3953.7857918654054,-2.3548387096774195,True,False,66,17,6,187097,187061,187127,187082,187108,bp,338.6636363636364,26,-4787.0,36,30,8895.0
1545,3401.3985801741746,-2.3548387096774195,False,False,66,13,10,187165,187127,187193,187151,187177,bp,277.3988095238095,26,-3826.0,38,28,6489.0
1546,1668.4183926416931,-2.3548387096774195,False,False,80,16,6,187236,187193,187273,187216,187242,bp,193.175,26,-515.0,43,37,4379.0
1547,3095.0359301905482,-2.3548387096774195,True,True,71,-10,-21,187298,187273,187344,187284,187322,bp,239.87202380952382,38,-4251.0,25,46,8645.0
1548,1986.7642749966187,-2.3548387096774195,False,False,36,26,8,187366,187344,187380,187350,187370,bp,112.84375,20,-86.0,22,14,1181.0
1549,1275.7585673001606,-2.3548387096774195,False,False,80,17,32,187436,187380,187460,187416,187443,bp,165.32857142857142,27,-2995.0,56,24,3546.0
1550,1755.0530403630949,-2.935483870967742,False,False,81,2,29,190568,190513,190594,190539,190573,bp,267.8551724137931,34,-1808.0,55,26,5326.0
1551,579.9152964801557,-2.935483870967742,False,False,68,-13,16,190636,190594,190662,190609,190649,bp,36.38319088319089,40,1301.0,42,26,1357.0
1552,1949.9600763714707,-2.935483870967742,False,False,82,7,-34,190686,190662,190744,190676,190710,bp,214.14166666666665,34,-2589.0,24,58,7274.0
1553,3221.6429655216875,-2.935483870967742,True,True,67,-3,-15,190770,190744,190811,190751,190789,bp,202.63157894736844,38,-1805.0,26,41,8576.0
1554,5379.763532856595,-2.935483870967742,True,True,61,32,-7,190838,190811,190872,190824,190849,bp,402.90259740259734,25,-4439.0,27,34,9260.0
1555,2359.527273645448,-2.935483870967742,True,True,89,10,19,190926,190872,190961,190906,190940,bp,218.6892857142857,34,-3679.0,54,35,7163.0
1556,1221.6819110372828,-2.935483870967742,True,True,83,-26,-7,190999,190961,191044,190984,191033,bp,93.69607843137257,49,-257.0,38,45,2915.0
1557,1106.2274859162674,-2.935483870967742,True,True,51,-7,1,191070,191044,191095,191056,191089,bp,102.40789473684212,33,-664.0,26,25,2577.0
1558,816.1803316222232,-2.935483870967742,True,True,60,18,14,191132,191095,191155,191115,191140,bp,102.95220588235294,25,-700.0,37,23,2125.0
1559,701.1886261429474,-2.935483870967742,True,True,89,-2,-25,191187,191155,191244,191183,191219,bp,154.421875,36,-520.0,32,57,3742.0
1560,1172.7572264884254,-2.935483870967742,False,False,35,-1,17,191270,191244,191279,191253,191275,bp,143.51764705882354,22,-739.0,26,9,1639.0
1561,405.368575275449,-2.935483870967742,False,False,98,12,-46,191305,191279,191377,191296,191337,bp,68.44097222222223,41,-394.0,26,72,3582.0
1562,1063.4583136476288,-2.935483870967742,False,False,51,5,1,191403,191377,191428,191390,191415,bp,121.01602564102564,25,1581.0,26,25,3208.0
1563,1825.2264854395034,-2.935483870967742,True,True,83,-14,1,191470,191428,191511,191445,191493,bp,129.42347826086956,48,-541.0,42,41,6419.0
1564,3355.468333084648,-2.935483870967742,False,False,67,2,9,191549,191511,191578,191527,191560,bp,259.27272727272725,33,-2722.0,38,29,7929.0
1565,1878.6540823388445,-2.935483870967742,True,True,67,0,15,190619,190578,190645,190599,190631,bp,130.89166666666668,32,973.0,41,26,3803.0
1566,1307.5344472487013,-2.935483870967742,True,True,82,-14,10,190691,190645,190727,190663,190708,bp,106.93067226890757,45,78.0,46,36,4328.0
1567,953.991582271232,-2.935483870967742,True,True,78,-33,-28,190752,190727,190805,190739,190793,bp,109.6378986866792,54,-56.0,25,53,3274.0
1568,1152.9123227091022,-2.935483870967742,True,True,72,11,-10,190836,190805,190877,190814,190850,bp,73.61363636363636,36,787.0,31,41,2490.0
1569,1403.9091941075535,-2.935483870967742,True,True,66,10,-14,190903,190877,190943,190897,190921,bp,228.58333333333331,24,-698.0,26,40,3744.0
1570,2101.6507454823677,-2.935483870967742,False,False,51,8,-1,190968,190943,190994,190955,190976,bp,255.5769230769231,21,-1842.0,25,26,5323.0
1571,1048.5196249710164,-2.935483870967742,False,False,50,-8,2,191020,190994,191044,191005,191037,bp,71.46666666666667,32,825.0,26,24,2237.0
1572,1266.3553930455962,-2.935483870967742,True,True,50,-10,4,191071,191044,191094,191061,191084,bp,179.01538461538465,23,-1246.0,27,23,2683.0
1573,384.7115155314241,-2.935483870967742,True,True,32,-3,-14,191103,191094,191126,191097,191117,bp,148.22619047619048,20,-776.0,9,23,2724.0
1574,1569.736777102077,-2.935483870967742,True,True,52,-13,-8,191148,191126,191178,191134,191165,bp,103.81512605042015,31,-686.0,22,30,3622.0
1575,248.2943367340847,-2.935483870967742,True,False,32,14,-14,191187,191178,191210,191183,191193,bp,306.2083333333333,10,208.0,9,23,2978.0
1576,1987.8683820705228,-2.935483870967742,True,False,57,-10,-3,191237,191210,191267,191217,191253,bp,129.56875,36,-1130.0,27,30,4489.0
1577,2431.573172728249,-2.935483870967742,False,False,65,21,-25,191287,191267,191332,191279,191306,bp,289.60526315789474,27,-2580.0,20,45,6149.0
1578,544.0274949339126,-2.935483870967742,False,False,79,-19,31,191387,191332,191411,191354,191393,bp,63.97727272727273,39,1162.0,55,24,1702.0
1579,346.2593860711612,-2.935483870967742,False,False,16,18,0,191419,191411,191427,191413,191423,bp,126.875,10,2108.0,8,8,1451.0
1580,1058.42582286915,-2.935483870967742,False,False,95,16,-9,191470,191427,191522,191451,191491,bp,95.05513784461151,40,382.0,43,52,3587.0
1581,948.7867407151821,2.225806451612903,True,True,82,5,10,194508,194462,194544,194485,194521,bp,97.938127090301,36,1200.0,46,36,3507.0
1582,2577.529537878189,2.225806451612903,True,False,51,44,3,194571,194544,194595,194562,194588,bp,263.359477124183,26,-1666.0,27,24,5110.0
1583,3374.074142230102,2.225806451612903,True,False,104,-4,50,194672,194595,194699,194658,194685,bp,327.18406593406587,27,-6384.0,77,27,7755.0
1584,2843.471753110742,2.225806451612903,True,False,62,24,-20,194720,194699,194761,194708,194731,bp,279.8257575757576,23,-4134.0,21,41,7364.0
1585,1516.365284989307,2.225806451612903,False,False,67,-7,11,194800,194761,194828,194778,194814,bp,119.65259740259741,36,-2131.0,39,28,2348.0
1586,1702.0723822627995,2.225806451612903,False,False,67,10,-15,194854,194828,194895,194843,194873,bp,169.3373205741627,30,-4502.0,26,41,4696.0
1587,2242.0213266214473,2.225806451612903,True,False,51,22,5,194923,194895,194946,194913,194938,bp,170.56666666666666,25,-3469.0,28,23,5472.0
1588,1218.1813484087568,2.225806451612903,True,False,132,16,16,195020,194946,195078,194985,195035,bp,179.88095238095238,50,-6630.0,74,58,7197.0
1589,1596.4282453622595,2.225806451612903,False,False,66,-9,18,195120,195078,195144,195101,195132,bp,158.71052631578948,31,-3960.0,42,24,4828.0
1590,982.8676052680856,2.225806451612903,False,False,51,-5,1,195170,195144,195195,195154,195187,bp,62.90625,33,-1327.0,26,25,2565.0
1591,1360.128987163118,2.225806451612903,True,False,50,-9,20,195230,195195,195245,195215,195237,bp,135.8047619047619,22,-1861.0,35,15,2961.0
1592,427.1907065201469,2.225806451612903,False,False,29,11,-3,195258,195245,195274,195250,195266,bp,119.75,16,-564.0,13,16,2548.0
1593,2343.8934323040994,2.225806451612903,False,False,54,13,4,195303,195274,195328,195293,195314,bp,246.5590909090909,21,-3225.0,29,25,5319.0
1594,771.9699460924445,2.225806451612903,False,False,67,-3,17,195370,195328,195395,195348,195382,bp,80.58333333333333,34,221.0,42,25,4003.0
1595,2755.1841945365773,2.225806451612903,True,True,50,10,0,195420,195395,195445,195413,195433,bp,310.52747252747247,20,-1476.0,25,25,5825.0
1596,1569.5246208402357,2.225806451612903,False,False,67,8,-17,195470,195445,195512,195463,195489,bp,250.67669172932327,26,-795.0,25,42,3100.0
1597,458.43169213222274,2.225806451612903,False,False,32,6,14,194536,194513,194545,194519,194539,bp,165.72549019607843,20,1926.0,23,9,1808.0
1598,1682.9572378631533,2.225806451612903,False,False,66,-7,16,194586,194545,194611,194565,194602,bp,118.41815476190477,37,-1129.0,41,25,3962.0
1599,2289.756152410923,2.225806451612903,True,True,73,-16,-1,194647,194611,194684,194632,194672,bp,165.8,40,-3033.0,36,37,5994.0
1600,1945.0863513932386,2.225806451612903,True,True,61,0,11,194720,194684,194745,194696,194732,bp,132.125,36,-1122.0,36,25,4481.0
1601,2623.707220672707,2.225806451612903,True,True,65,2,5,194780,194745,194810,194768,194792,bp,233.875,24,-3142.0,35,30,4907.0
1602,1155.4794188053736,2.225806451612903,True,True,85,-22,-33,194836,194810,194895,194818,194871,bp,95.01349206349207,53,-2631.0,26,59,4926.0
1603,2431.5108640908475,2.225806451612903,True,True,67,6,-29,194914,194895,194962,194902,194934,bp,157.39166666666668,32,-2307.0,19,48,4470.0
1604,3080.088152741988,2.225806451612903,True,True,66,1,-14,194988,194962,195028,194972,195006,bp,215.5208333333333,34,-4632.0,26,40,7848.0
1605,3071.026115435971,2.225806451612903,True,True,63,23,-11,195054,195028,195091,195041,195076,bp,203.37587412587413,35,-3164.0,26,37,6033.0
1606,1896.0882855021607,2.225806451612903,True,True,87,5,25,195147,195091,195178,195134,195165,bp,170.77777777777774,31,-2411.0,56,31,4138.0
1607,2027.1022630153088,2.225806451612903,True,True,82,-8,4,195221,195178,195260,195201,195237,bp,174.4625,36,-4461.0,43,39,6421.0
1608,2119.2210059739296,2.225806451612903,True,True,58,-8,-14,195282,195260,195318,195265,195303,bp,126.44537815126051,38,-1953.0,22,36,5536.0
1609,1013.8220943804778,2.225806451612903,False,False,77,-6,1,195357,195318,195395,195333,195371,bp,59.50595238095239,38,-993.0,39,38,1800.0
1610,2239.3199145095473,2.225806451612903,False,False,49,4,-5,195417,195395,195444,195403,195428,bp,236.72727272727272,25,-3849.0,22,27,6412.0
1611,1018.4968008170225,2.225806451612903,False,False,52,-17,0,195470,195444,195496,195457,195488,bp,77.16025641025641,31,-164.0,26,26,2511.0
1612,2740.344254534027,-0.6774193548387096,True,True,83,19,3,198355,198312,198395,198336,198370,bp,193.13333333333333,34,-2501.0,43,40,7258.0
1613,5052.151661903245,-0.6774193548387096,True,True,100,43,-26,198432,198395,198495,198423,198444,bp,550.3472222222222,21,-6679.0,37,63,10235.0
1614,3034.508761615822,-0.6774193548387096,True,True,67,14,-15,198521,198495,198562,198508,198538,bp,227.67647058823533,30,-3514.0,26,41,6064.0
1615,3662.3033495070454,-0.6774193548387096,True,True,66,31,6,198598,198562,198628,198582,198609,bp,282.78125,27,-3837.0,36,30,8116.0
1616,4077.287034933361,-0.6774193548387096,True,True,84,19,16,198678,198628,198712,198667,198692,bp,334.0681818181818,25,-4223.0,50,34,7567.0
1617,2117.2408793228533,-0.6774193548387096,True,False,100,32,-16,198754,198712,198812,198736,198761,bp,200.6706349206349,25,-1928.0,42,58,3984.0
1618,1424.752855324311,-0.6774193548387096,True,False,50,3,-6,198834,198812,198862,198818,198842,bp,149.21875,24,-299.0,22,28,3784.0
1619,368.589106985314,-0.6774193548387096,False,False,33,-3,5,198881,198862,198895,198869,198892,bp,60.91666666666666,23,1382.0,19,14,666.0
1620,2479.013970907379,-0.6774193548387096,False,False,51,22,1,198921,198895,198946,198912,198936,bp,262.1777777777778,24,-3696.0,26,25,5263.0
1621,2122.2952416923504,-0.6774193548387096,True,False,100,28,-8,198992,198946,199046,198982,199015,bp,222.51304347826087,33,-4433.0,46,54,6638.0
1622,1777.4739517994824,-0.6774193548387096,True,False,100,28,-16,199088,199046,199146,199076,199110,bp,190.15151515151518,34,-4103.0,42,58,5788.0
1623,1518.8965261347,-0.6774193548387096,True,False,50,24,32,199187,199146,199196,199172,199191,bp,224.85833333333332,19,-2373.0,41,9,2828.0
1624,1075.2144103155954,-0.6774193548387096,True,False,96,-2,20,199254,199196,199292,199234,199269,bp,101.4,35,-2301.0,58,38,3953.0
1625,1172.1644681957291,-0.6774193548387096,True,True,70,-3,-14,199320,199292,199362,199302,199342,bp,85.97727272727272,40,-1833.0,28,42,3258.0
1626,470.68897937012935,-0.6774193548387096,False,False,61,0,-31,198349,198334,198395,198343,198373,bp,70.91666666666667,30,3193.0,15,46,1673.0
1627,1197.7239166868465,-0.6774193548387096,False,False,68,-6,-18,198420,198395,198463,198403,198439,bp,110.030959752322,36,1127.0,25,43,3829.0
1628,1143.0722000811058,-0.6774193548387096,True,True,49,2,-11,198482,198463,198512,198469,198498,bp,95.9783653846154,29,1931.0,19,30,2446.0
1629,1400.5436291696094,-0.6774193548387096,True,True,50,11,2,198538,198512,198562,198529,198551,bp,164.0897435897436,22,633.0,26,24,3009.0
1630,1085.1383432452851,-0.6774193548387096,True,True,51,21,11,198593,198562,198613,198584,198606,bp,104.05982905982907,22,1247.0,31,20,1732.0
1631,1680.9785017313638,-0.6774193548387096,True,True,82,-4,12,198660,198613,198695,198649,198677,bp,146.47326203208556,28,236.0,47,35,5435.0
1632,760.5166056460585,-0.6774193548387096,False,False,32,9,-6,198708,198695,198727,198701,198716,bp,171.15178571428572,15,2611.0,13,19,932.0
1633,1995.266829354548,-0.6774193548387096,False,False,52,28,2,198754,198727,198779,198740,198762,bp,218.92857142857144,22,-581.0,27,25,4796.0
1634,2391.347087605911,-0.6774193548387096,True,True,69,4,15,198821,198779,198848,198812,198837,bp,237.00694444444446,25,-1456.0,42,27,5305.0
1635,700.2166710648728,-0.6774193548387096,True,False,47,2,25,198884,198848,198895,198866,198889,bp,110.24444444444444,23,1171.0,36,11,2232.0
1636,1574.5916332289014,-0.6774193548387096,True,False,51,19,1,198921,198895,198946,198914,198938,bp,208.96218487394958,24,-490.0,26,25,4272.0
1637,1408.6360821292374,-0.6774193548387096,True,False,83,-13,39,199007,198946,199029,198981,199021,bp,116.9010989010989,40,-1312.0,61,22,4205.0
1638,1312.3603741192724,-0.6774193548387096,True,True,65,-10,-13,199055,199029,199094,199048,199080,bp,176.3114285714286,32,-1030.0,26,39,3302.0
1639,858.9661193326674,-0.6774193548387096,True,False,50,10,4,199121,199094,199144,199102,199125,bp,149.32894736842104,23,-637.0,27,23,2330.0
1640,560.6550853610266,-0.6774193548387096,True,False,85,23,-33,199170,199144,199229,199158,199192,bp,102.08333333333331,34,-1613.0,26,59,3281.0
1641,1469.6941682535698,-0.6774193548387096,True,True,67,7,-17,199254,199229,199296,199249,199273,bp,193.66315789473686,24,-1118.0,25,42,4050.0
1642,806.0251799844733,-0.6774193548387096,False,False,67,-33,15,199337,199296,199363,199304,199355,bp,75.29797979797979,51,-892.0,41,26,3675.0
1643,541.7986490077653,0.125,True,True,45,-3,7,204072,204046,204091,204061,204082,bp,158.86363636363637,21,-4022.0,26,19,2342.0
1644,248.18034615815637,0.125,True,False,52,16,-22,204106,204091,204143,204100,204122,bp,104.03125,22,-3482.0,15,37,2802.0
1645,730.3238385299411,0.125,False,False,53,6,-3,204168,204143,204196,204160,204181,bp,128.15865384615384,21,-3129.0,25,28,2654.0
1646,544.5690447126118,0.125,False,False,35,12,15,204221,204196,204231,204208,204226,bp,167.23076923076925,18,-1292.0,25,10,2812.0
1647,179.45751152081868,0.125,False,False,64,-18,50,204288,204231,204295,204256,204291,bp,66.609375,35,-588.0,57,7,986.0
1648,691.9855297798044,0.125,False,False,51,7,3,204322,204295,204346,204308,204334,bp,117.13690476190477,26,-2261.0,27,24,2288.0
1649,551.9345290391461,0.125,True,False,83,-46,23,204399,204346,204429,204367,204422,bp,57.49184782608695,55,-3473.0,53,30,2894.0
1650,564.0283094051667,0.125,True,False,33,-5,-21,204435,204429,204462,204431,204451,bp,279.1875,20,-3114.0,6,27,3835.0
1651,596.0623398678082,0.125,True,False,34,-17,18,204488,204462,204496,204466,204491,bp,137.45454545454544,25,-1470.0,26,8,1823.0
1652,130.32453908501355,0.125,True,False,33,8,-15,204505,204496,204529,204499,204517,bp,57.33333333333334,18,-719.0,9,24,1582.0
1653,686.095360861954,0.125,False,False,40,-11,16,204557,204529,204569,204543,204562,bp,172.42857142857144,19,-1902.0,28,12,2568.0
1654,212.95135532160648,0.125,False,False,43,-5,-15,204583,204569,204612,204570,204599,bp,49.59855769230769,29,-445.0,14,29,1910.0
1655,615.4878225086942,0.125,False,False,34,10,16,204637,204612,204646,204623,204642,bp,137.50714285714287,19,-1784.0,25,9,1941.0
1656,579.116445577324,0.125,False,False,64,-16,52,204704,204646,204710,204671,204706,bp,156.81060606060606,35,-5224.0,58,6,1445.0
1657,466.145738382138,0.125,False,False,51,1,5,204738,204710,204761,204725,204744,bp,129.31410256410254,19,-4392.0,28,23,3309.0
1658,1075.0112417252972,0.125,False,False,48,6,-2,204784,204761,204809,204764,204790,bp,134.53333333333333,26,-2588.0,23,25,2935.0
1659,489.0724976849266,0.125,True,False,43,-1,7,204834,204809,204852,204822,204838,bp,76.45833333333333,16,-1653.0,25,18,1126.0
1660,228.24636793212238,0.125,False,False,44,11,-36,204856,204852,204896,204853,204874,bp,109.08333333333331,21,-1212.0,4,40,3277.0
1661,704.321604282788,0.125,True,False,66,-31,18,204938,204896,204962,204906,204951,bp,64.17307692307692,45,-946.0,42,24,1976.0
1662,341.13050852841013,0.125,True,False,30,-7,-12,204971,204962,204992,204965,204984,bp,126.74358974358977,19,-686.0,9,21,2514.0
1663,347.03277998855566,0.125,True,True,38,11,-14,205004,204992,205030,204996,205011,bp,96.4375,15,200.0,12,26,1347.0
1664,258.82178604284917,0.125,True,True,32,15,-8,205042,205030,205062,205037,205045,bp,189.3,8,-164.0,12,20,1460.0
1665,205.49750430863685,0.125,False,False,106,-2,-34,204132,204096,204202,204123,204167,bp,144.4031746031746,44,-4103.0,36,70,4012.0
1666,541.5637980572918,0.125,False,False,44,-9,-6,204221,204202,204246,204209,204235,bp,53.61309523809525,26,-1294.0,19,25,2121.0
1667,621.4334586156698,0.125,True,False,33,-7,7,204266,204246,204279,204252,204272,bp,131.86904761904762,20,-1681.0,20,13,1940.0
1668,235.5568734444886,0.125,True,False,33,-16,-9,204291,204279,204312,204285,204308,bp,113.15196078431372,23,-1758.0,12,21,1842.0
1669,690.5482007979911,0.125,True,False,34,3,16,204337,204312,204346,204315,204341,bp,163.6818181818182,26,-2225.0,25,9,2386.0
1670,472.20901802975266,0.125,True,False,78,-27,38,204404,204346,204424,204370,204416,bp,48.76960784313725,46,-3454.0,58,20,2351.0
1671,822.817141777132,0.125,False,False,59,0,-31,204438,204424,204483,204435,204460,bp,196.72727272727272,25,-2550.0,14,45,4107.0
1672,285.5602694885096,0.125,False,False,30,48,-14,204491,204483,204513,204485,204492,bp,165.75,7,260.0,8,22,1009.0
1673,1093.105604307166,0.125,False,False,67,12,17,204555,204513,204580,204547,204576,bp,171.21428571428572,29,-2698.0,42,25,2480.0
1674,812.7313726336754,0.125,True,True,82,-1,28,204635,204580,204662,204617,204648,bp,129.28632478632477,31,-3313.0,55,27,2837.0
1675,1231.531839385812,0.125,True,False,72,-6,-22,204687,204662,204734,204678,204710,bp,163.93719806763286,32,-4936.0,25,47,3244.0
1676,245.21101844703705,0.125,True,False,16,7,-2,204741,204734,204750,204736,204745,bp,308.05,9,-3890.0,7,9,2329.0
1677,406.73004132227095,0.125,False,False,78,14,-34,204772,204750,204828,204761,204791,bp,108.51196172248804,30,-3482.0,22,56,2915.0
1678,278.9700424622925,0.125,False,False,29,8,-3,204841,204828,204857,204835,204846,bp,175.71666666666667,11,-1899.0,13,16,2112.0
1679,977.7601225481308,0.125,True,True,45,23,-17,204871,204857,204902,204865,204878,bp,202.5833333333333,13,-2515.0,14,31,3087.0
1680,798.5027431773303,0.125,True,True,57,16,-19,204921,204902,204959,204914,204932,bp,216.41558441558442,18,-2377.0,19,38,2704.0
1681,801.7535012824486,0.125,False,False,37,27,-13,204971,204959,204996,204966,204977,bp,279.1333333333333,11,-2014.0,12,25,3761.0
1682,537.822218138071,0.125,False,False,83,-37,21,205048,204996,205079,205015,205073,bp,36.694545454545455,58,-65.0,52,31,2892.0
1683,1105.5407437560373,1.65625,True,False,49,0,-1,206504,206480,206529,206487,206509,bp,146.22352941176467,22,1860.0,24,25,2001.0
1684,379.43065710369024,1.65625,False,False,34,16,-16,206538,206529,206563,206531,206549,bp,87.35714285714286,18,2160.0,9,25,826.0
1685,1392.6137650767307,1.65625,False,False,72,-14,10,206604,206563,206635,206583,206623,bp,107.04761904761904,40,-1346.0,41,31,4599.0
1686,2410.946962943343,1.65625,True,True,46,2,-4,206656,206635,206681,206649,206673,bp,217.99159663865544,24,-718.0,21,25,4313.0
1687,567.6790350984479,1.65625,False,False,37,13,11,206705,206681,206718,206699,206707,bp,218.0,8,1241.0,24,13,907.0
1688,150.91676940655591,1.65625,False,False,22,4,12,206735,206718,206740,206728,206738,bp,56.523809523809526,10,1302.0,17,5,303.0
1689,756.2985902360898,1.65625,False,False,40,37,-10,206755,206740,206780,206752,206774,bp,120.74561403508771,22,752.0,15,25,2341.0
1690,1490.2387932497104,1.65625,True,True,115,20,33,206854,206780,206895,206833,206872,bp,117.12698412698411,39,-896.0,74,41,5380.0
1691,2956.798580267203,1.65625,True,True,84,14,12,206943,206895,206979,206931,206958,bp,293.75,27,-2966.0,48,36,8171.0
1692,1658.0540437976267,1.65625,False,False,67,-6,19,207022,206979,207046,206999,207035,bp,145.4247491638796,36,-2335.0,43,24,3314.0
1693,791.6420235771367,1.65625,True,False,84,23,-28,207074,207046,207130,207065,207100,bp,127.13247863247864,35,-2022.0,28,56,3857.0
1694,2238.707556121737,1.65625,True,True,67,26,15,207171,207130,207197,207158,207183,bp,212.79166666666669,25,-3678.0,41,26,5157.0
1695,2942.6738573495677,1.65625,True,True,82,50,12,207244,207197,207279,207234,207259,bp,280.73333333333335,25,-4725.0,47,35,7468.0
1696,2653.758714351676,1.65625,True,True,101,30,39,207349,207279,207380,207334,207360,bp,258.27575757575755,26,-4491.0,70,31,6726.0
1697,1565.5651732945284,1.65625,False,False,99,-19,23,207441,207380,207479,207416,207459,bp,151.71111111111108,43,-5198.0,61,38,6010.0
1698,1027.8954832163072,1.65625,True,True,66,-5,-14,206505,206479,206545,206486,206522,bp,83.74922600619195,36,-784.0,26,40,3375.0
1699,2366.979485421709,1.65625,True,True,52,-3,-8,206567,206545,206597,206553,206581,bp,221.5,28,-3379.0,22,30,6018.0
1700,2030.3675128968814,1.65625,True,True,49,-2,-11,206616,206597,206646,206606,206631,bp,192.05,25,-1740.0,19,30,4943.0
1701,1912.1179102907865,1.65625,True,True,56,22,-18,206665,206646,206702,206654,206674,bp,216.59595959595958,20,-1134.0,19,37,4431.0
1702,3790.933155431452,1.65625,True,True,61,15,-11,206727,206702,206763,206716,206741,bp,324.0422077922078,25,-3948.0,25,36,8635.0
1703,4159.467958483234,1.65625,False,False,56,8,6,206794,206763,206819,206781,206805,bp,355.42307692307685,24,-3957.0,31,25,7676.0
1704,938.7267311810364,1.65625,False,False,61,1,9,206854,206819,206880,206837,206866,bp,107.10049019607844,29,508.0,35,26,2293.0
1705,972.5419446920977,1.65625,True,True,50,20,-2,206904,206880,206930,206896,206911,bp,216.3392857142857,15,-375.0,24,26,2831.0
1706,939.7253955876539,1.65625,False,False,66,6,16,206971,206930,206996,206946,206977,bp,116.66666666666669,31,274.0,41,25,2695.0
1707,3706.071742893253,1.65625,False,False,66,16,-12,207023,206996,207062,207014,207039,bp,371.90625,25,-4901.0,27,39,8939.0
1708,3179.715018372167,1.65625,True,True,67,7,-9,207091,207062,207129,207080,207111,bp,246.0818181818182,31,-2838.0,29,38,6681.0
1709,4749.585828678661,1.65625,True,True,65,24,-3,207160,207129,207194,207149,207173,bp,409.8986013986014,24,-6348.0,31,34,9064.0
1710,2146.634926005539,1.65625,False,False,70,2,18,207238,207194,207264,207221,207243,bp,234.7,22,-3141.0,44,26,2927.0
1711,297.5000329355962,1.65625,False,False,32,19,-18,207271,207264,207296,207267,207278,bp,87.875,11,-542.0,7,25,1990.0
1712,544.1476107594968,1.65625,True,False,84,6,-32,207322,207296,207380,207308,207350,bp,63.32142857142857,42,-1075.0,26,58,2707.0
1713,553.688334306959,1.65625,True,False,50,-10,32,207421,207380,207430,207398,207425,bp,139.11413043478262,27,-736.0,41,9,2303.0
1714,848.3437348400928,1.65625,True,False,67,23,-17,207455,207430,207497,207442,207469,bp,89.76923076923076,27,-503.0,25,42,3569.0
1715,867.8295450619943,-4.0,False,False,71,-20,39,210352,210297,210368,210325,210357,bp,121.56296296296296,32,-107.0,55,16,1972.0
1716,486.52425533887487,-4.0,False,False,42,19,-36,210371,210368,210410,210369,210391,bp,106.725,22,1548.0,3,39,3444.0
1717,2009.2074509006077,-4.0,True,True,76,11,-20,210438,210410,210486,210432,210462,bp,201.3125,30,1475.0,28,48,5674.0
1718,2960.9612647982044,-4.0,False,False,60,-2,10,210521,210486,210546,210503,210534,bp,204.74786324786322,31,364.0,35,25,6131.0
1719,948.7619545580574,-4.0,False,False,50,13,4,210573,210546,210596,210563,210584,bp,97.15,21,4159.0,27,23,655.0
1720,665.4636804154434,-4.0,False,False,50,5,2,210622,210596,210646,210618,210636,bp,199.7142857142857,18,2467.0,26,24,1825.0
1721,1315.4816580470667,-4.0,False,False,67,-10,15,210687,210646,210713,210659,210693,bp,163.51785714285714,34,-439.0,41,26,3034.0
1722,739.8540868614958,-4.0,True,True,46,-1,-18,210727,210713,210759,210717,210741,bp,82.57142857142857,24,878.0,14,32,2116.0
1723,1053.8728473983028,-4.0,False,False,44,4,-22,210770,210759,210803,210764,210793,bp,91.8840579710145,29,1817.0,11,33,3209.0
1724,2129.2858758071384,-4.0,False,False,60,4,10,210838,210803,210863,210826,210848,bp,238.45833333333331,22,-1434.0,35,25,3873.0
1725,333.27570152919793,-4.0,False,False,50,-16,0,210888,210863,210913,210874,210907,bp,50.48496240601504,33,1025.0,25,25,1364.0
1726,544.1903797558115,-4.0,False,False,49,-2,1,210938,210913,210962,210924,210950,bp,56.39285714285714,26,-481.0,25,24,1580.0
1727,218.9639625766159,-4.0,True,True,33,11,19,210988,210962,210995,210974,210990,bp,181.35714285714286,16,-1306.0,26,7,1744.0
1728,819.3120827500239,-4.0,False,False,68,1,18,211038,210995,211063,211017,211050,bp,117.53571428571428,33,-1294.0,43,25,3725.0
1729,1226.454619624942,-4.0,True,True,67,-4,-13,211090,211063,211130,211084,211111,bp,192.9642857142857,27,-1396.0,27,40,2176.0
1730,458.6986442026472,-4.0,True,True,49,10,-31,211139,211130,211179,211134,211156,bp,119.68235294117649,22,-718.0,9,40,2983.0
1731,1488.0122036511636,-4.0,False,False,51,6,-7,211201,211179,211230,211188,211209,bp,159.0480769230769,21,-1498.0,22,29,3018.0
1732,425.07070625621435,-4.0,False,False,33,28,-15,211239,211230,211263,211236,211245,bp,189.33333333333331,9,476.0,9,24,2291.0
1733,2228.6915253166344,-4.0,False,False,79,14,-7,211299,211263,211342,211282,211310,bp,197.83155080213902,28,-2562.0,36,43,5459.0
1734,593.0001658472931,-4.0,True,False,80,-21,42,210357,210296,210376,210318,210361,bp,179.36217948717945,43,-663.0,61,19,3049.0
1735,490.8680372855539,-4.0,True,False,36,16,-12,210388,210376,210412,210383,210393,bp,259.7,10,223.0,12,24,3514.0
1736,1115.042954463434,-4.0,False,False,65,-8,-45,210422,210412,210477,210419,210459,bp,241.31981981981983,40,1415.0,10,55,4979.0
1737,2731.6116371388503,-4.0,True,True,53,6,3,210505,210477,210530,210491,210521,bp,188.1875,30,107.0,28,25,4837.0
1738,3002.47529119552,-4.0,True,True,67,-2,19,210573,210530,210597,210557,210586,bp,226.35336538461542,29,-1780.0,43,24,6185.0
1739,2483.404558487763,-4.0,True,True,66,12,-16,210622,210597,210663,210613,210641,bp,211.08479532163742,28,-660.0,25,41,4332.0
1740,1608.7415332209034,-4.0,True,True,84,2,-28,210691,210663,210747,210681,210722,bp,177.75967741935486,41,-1742.0,28,56,4590.0
1741,2329.882495559701,-4.0,True,True,65,8,5,210782,210747,210812,210765,210793,bp,202.52139037433156,28,-1362.0,35,30,6351.0
1742,4345.373836748572,-4.0,True,True,66,9,-12,210839,210812,210878,210829,210856,bp,385.80294117647054,27,-4336.0,27,39,9141.0
1743,3540.627097627257,-4.0,False,False,83,10,-29,210905,210878,210961,210892,210924,bp,273.62145748987854,32,-4611.0,27,56,5796.0
1744,1365.3319344043448,-4.0,False,False,37,3,7,210983,210961,210998,210966,210989,bp,124.05882352941177,23,-1280.0,22,15,2696.0
1745,1315.4287643291407,-4.0,True,False,81,12,-1,211038,210998,211079,211015,211044,bp,172.2644927536232,29,-2601.0,40,41,3488.0
1746,209.7105419532283,-4.0,False,False,31,-9,-9,211090,211079,211110,211085,211105,bp,117.43333333333334,20,-874.0,11,20,1289.0
1747,1415.2191435606867,-4.0,False,False,53,-20,5,211139,211110,211163,211116,211153,bp,123.20341614906832,37,-2794.0,29,24,4534.0
1748,1273.3202506967266,-4.0,True,True,49,-5,3,211189,211163,211212,211170,211197,bp,165.50328947368422,27,-1522.0,26,23,3204.0
1749,1819.4627514212195,-4.0,True,True,51,2,-9,211233,211212,211263,211219,211247,bp,199.64285714285717,28,-2512.0,21,30,5267.0
1750,1856.4431677539985,-4.0,True,True,68,10,-16,211289,211263,211331,211277,211307,bp,189.63888888888889,30,-3344.0,26,42,4564.0
1751,2919.4137925969317,-1.09375,True,True,72,45,24,214528,214480,214552,214517,214541,bp,238.07342657342656,24,-2095.0,48,24,5091.0
1752,1765.7379823610654,-1.09375,True,True,94,24,44,214621,214552,214646,214610,214628,bp,199.77272727272725,18,-1326.0,69,25,4107.0
1753,1359.2737396015418,-1.09375,True,True,84,-9,28,214702,214646,214730,214670,214712,bp,124.471875,42,-638.0,56,28,3813.0
1754,1935.6398104797672,-1.09375,True,True,67,-10,-15,214756,214730,214797,214745,214781,bp,176.5581818181818,36,-1564.0,26,41,6817.0
1755,2662.1882620698952,-1.09375,True,False,49,12,-1,214821,214797,214846,214807,214830,bp,232.65079365079367,23,-624.0,24,25,4349.0
1756,1313.1349823759324,-1.09375,False,False,100,18,-16,214888,214846,214946,214865,214906,bp,119.05797101449276,41,-987.0,42,58,5219.0
1757,544.9703102962085,-1.09375,False,False,34,26,16,214971,214946,214980,214965,214976,bp,163.38333333333333,11,2690.0,25,9,2077.0
1758,1101.7652596337114,-1.09375,True,False,66,10,16,215021,214980,215046,215013,215033,bp,163.25,20,1633.0,41,25,2766.0
1759,1378.0363013203664,-1.09375,True,True,82,-15,0,215087,215046,215128,215063,215105,bp,106.22916666666669,42,-438.0,41,41,3831.0
1760,1720.948043705996,-1.09375,True,True,51,9,-21,215143,215128,215179,215132,215153,bp,172.04545454545456,21,-563.0,15,36,2667.0
1761,862.8294564926966,-1.09375,False,False,34,-1,6,215199,215179,215213,215183,215208,bp,78.94097222222223,25,187.0,20,14,1896.0
1762,1258.2427119555834,-1.09375,False,False,67,-10,-15,215239,215213,215280,215232,215265,bp,199.20054945054943,33,-1935.0,26,41,3552.0
1763,648.4073140109624,-1.09375,True,False,39,-3,11,215305,215280,215319,215288,215311,bp,95.90686274509804,23,-755.0,25,14,1647.0
1764,808.0963753492035,-1.09375,False,False,78,12,-40,215338,215319,215397,215331,215361,bp,154.95652173913044,30,-1677.0,19,59,4265.0
1765,813.1064675303177,-1.09375,False,False,63,-7,-15,215421,215397,215460,215403,215440,bp,61.938596491228076,37,817.0,24,39,2690.0
1766,1760.8586132053827,-1.09375,True,False,37,8,7,215482,215460,215497,215470,215489,bp,187.36309523809524,19,-555.0,22,15,3453.0
1767,2992.2518025400714,-1.09375,True,True,79,-3,3,214521,214480,214559,214497,214535,bp,197.9315476190476,38,-2959.0,41,38,6969.0
1768,3463.076964285305,-1.09375,False,False,87,41,-31,214587,214559,214646,214570,214595,bp,293.49264705882354,25,-4568.0,28,59,5758.0
1769,420.84257957347313,-1.09375,False,False,86,5,0,214689,214646,214732,214661,214703,bp,53.01785714285714,42,-205.0,43,43,2026.0
1770,4231.520733664049,-1.09375,False,False,65,7,-7,214761,214732,214797,214750,214775,bp,366.038961038961,25,-4970.0,29,36,11741.0
1771,4027.9536579872747,-1.09375,True,True,51,-4,-3,214821,214797,214848,214807,214837,bp,271.8571428571429,30,-1953.0,24,27,6919.0
1772,2683.594958396357,-1.09375,True,True,64,1,-8,214876,214848,214912,214863,214894,bp,211.09401709401712,31,-2361.0,28,36,4632.0
1773,1062.2090345138536,-1.09375,True,True,68,-7,-12,214940,214912,214980,214926,214966,bp,127.18131868131869,40,-1019.0,28,40,5029.0
1774,1947.331867497378,-1.09375,True,True,61,6,13,215017,214980,215041,214999,215026,bp,173.91666666666663,27,697.0,37,24,4685.0
1775,2099.8891992851723,-1.09375,True,True,67,14,-7,215071,215041,215108,215059,215080,bp,245.27777777777774,21,-806.0,30,37,4104.0
1776,1840.4284732847254,-1.09375,True,True,54,1,4,215137,215108,215162,215115,215146,bp,162.4267676767677,31,-1442.0,29,25,4165.0
1777,1208.6562565119286,-1.09375,True,True,57,-2,-5,215188,215162,215219,215178,215208,bp,95.35,30,305.0,26,31,3184.0
1778,2499.945821324808,-1.09375,True,True,61,-4,11,215255,215219,215280,215236,215265,bp,212.2815789473684,29,-2115.0,36,25,5205.0
1779,2350.250659969932,-1.09375,True,True,67,-5,-15,215306,215280,215347,215290,215326,bp,180.85,36,-2881.0,26,41,7373.0
1780,1968.8511763211402,-1.09375,True,True,45,6,3,215371,215347,215392,215357,215377,bp,196.3690476190476,20,-351.0,24,21,2993.0
1781,2635.4212137605546,-1.09375,True,True,55,12,-9,215415,215392,215447,215403,215428,bp,230.6442307692308,25,-2738.0,23,32,6399.0
1782,4245.368288705645,-1.09375,False,False,55,10,-1,215474,215447,215502,215465,215485,bp,475.16666666666674,20,-5913.0,27,28,9397.0
1783,1096.5422285808413,-2.15625,False,False,51,11,1,218438,218412,218463,218420,218444,bp,190.13888888888889,24,-1747.0,26,25,3672.0
1784,2280.3131237948946,-2.15625,True,True,56,18,-6,218488,218463,218519,218479,218498,bp,288.12777777777774,19,-3249.0,25,31,5991.0
1785,2085.7534485138353,-2.15625,True,True,60,23,0,218549,218519,218579,218535,218560,bp,160.25324675324674,25,-595.0,30,30,4809.0
1786,2778.2961883116936,-2.15625,True,True,84,14,0,218621,218579,218663,218608,218640,bp,210.73886639676118,32,-2236.0,42,42,6884.0
1787,3427.3729120674902,-2.15625,True,True,67,9,9,218701,218663,218730,218686,218712,bp,292.5848484848485,26,-1947.0,38,29,7974.0
1788,2587.9091263117834,-2.15625,True,True,66,12,6,218766,218730,218796,218747,218780,bp,172.88533834586465,33,-82.0,36,30,4840.0
1789,2202.339896580524,-2.15625,True,True,83,7,1,218838,218796,218879,218825,218856,bp,191.30128205128204,31,-1449.0,42,41,5597.0
1790,4703.228902197176,-2.15625,True,False,53,31,-3,218904,218879,218932,218894,218916,bp,427.825,22,-5752.0,25,28,8910.0
1791,2815.5913439676533,-2.15625,True,False,94,9,-6,218976,218932,219026,218969,218997,bp,317.8571428571429,28,-2845.0,44,50,8232.0
1792,2173.1724771678987,-2.15625,True,False,54,10,-20,219043,219026,219080,219034,219066,bp,189.98309178743958,32,698.0,17,37,3753.0
1793,2095.8759963170583,-2.15625,True,True,66,-6,18,219122,219080,219146,219108,219137,bp,165.13571428571433,29,-722.0,42,24,4403.0
1794,1411.8282868574381,-2.15625,True,True,51,8,1,219172,219146,219197,219160,219190,bp,107.97222222222223,30,-115.0,26,25,2766.0
1795,852.767786341382,-2.15625,True,True,84,-19,-2,219238,219197,219281,219228,219272,bp,112.32941176470587,44,-770.0,41,43,3924.0
1796,1285.170290931114,-2.15625,True,True,82,4,-34,219305,219281,219363,219297,219332,bp,157.50694444444446,35,-179.0,24,58,2526.0
1797,2048.3191578977126,-2.15625,True,False,51,3,-3,219387,219363,219414,219371,219393,bp,243.8125,22,-2592.0,24,27,4518.0
1798,1219.592764665893,-2.15625,True,True,67,-21,21,218440,218396,218463,218415,218456,bp,99.21,41,1134.0,44,23,3667.0
1799,2498.31803337735,-2.15625,False,False,51,15,-1,218488,218463,218514,218476,218496,bp,310.41666666666663,20,-1376.0,25,26,5745.0
1800,1503.9208283789944,-2.15625,False,False,66,-8,18,218556,218514,218580,218531,218567,bp,126.17090909090908,36,1734.0,42,24,4273.0
1801,1984.4470251255616,-2.15625,False,False,50,-2,0,218605,218580,218630,218595,218615,bp,248.05,20,-380.0,25,25,3142.0
1802,355.2961714806845,-2.15625,True,False,33,33,-17,218638,218630,218663,218633,218643,bp,243.7,10,465.0,8,25,2629.0
1803,1820.231798314436,-2.15625,True,False,67,11,9,218701,218663,218730,218686,218713,bp,156.84166666666667,27,14.0,38,29,5243.0
1804,2438.112983385963,-2.15625,True,True,70,-6,16,218773,218730,218800,218751,218785,bp,208.8560606060606,34,-1945.0,43,27,5758.0
1805,1630.6430437265192,-2.15625,True,True,79,-14,-1,218839,218800,218879,218813,218857,bp,108.30128205128204,44,-1326.0,39,40,4225.0
1806,2771.153441107271,-2.15625,True,True,50,3,-2,218903,218879,218929,218887,218915,bp,200.94791666666669,28,-2076.0,24,26,5992.0
1807,2068.039351457779,-2.15625,False,False,67,13,-15,218955,218929,218996,218946,218968,bp,270.1837606837607,22,-1782.0,26,41,5119.0
1808,520.9078546971148,-2.15625,False,False,34,4,4,219015,218996,219030,219003,219025,bp,66.71666666666667,22,1511.0,19,15,1649.0
1809,1087.3018105189217,-2.15625,True,False,66,9,-10,219058,219030,219096,219051,219073,bp,135.17142857142858,22,563.0,28,38,2439.0
1810,1775.1594096827332,-2.15625,True,True,67,9,-17,219121,219096,219163,219104,219131,bp,197.75,27,-1713.0,25,42,4704.0
1811,1932.826270560317,-2.15625,True,True,50,7,-24,219176,219163,219213,219167,219193,bp,166.88888888888889,26,-140.0,13,37,4988.0
1812,2109.0483403817498,-2.15625,True,True,68,26,-18,219238,219213,219281,219226,219260,bp,173.67045454545456,34,-1120.0,25,43,3873.0
1813,447.40886958370595,-2.15625,True,False,89,5,27,219339,219281,219370,219320,219348,bp,92.43567251461988,28,59.0,58,31,2559.0
1814,1119.7393836255883,-2.15625,True,True,57,-15,-21,219388,219370,219427,219381,219415,bp,157.3941798941799,34,-604.0,18,39,2922.0
1815,2763.4896687570385,-2.71875,True,True,79,32,-29,222772,222747,222826,222764,222791,bp,281.3092105263158,27,-3668.0,25,54,5532.0
1816,887.7849288983805,-2.71875,False,False,67,-10,23,222871,222826,222893,222850,222879,bp,68.05357142857143,29,-1548.0,45,22,804.0
1817,854.0049290869266,-2.71875,False,False,36,9,-10,222906,222893,222929,222898,222921,bp,102.54166666666666,23,-2153.0,13,23,2396.0
1818,2896.879582911063,-2.71875,False,False,83,12,3,222972,222929,223012,222953,222986,bp,221.50751879699246,33,-5400.0,43,40,8111.0
1819,1930.6812773490728,-2.71875,False,False,69,10,-11,223041,223012,223081,223031,223067,bp,163.06923076923078,36,-2662.0,29,40,3072.0
1820,2726.557099391276,-2.71875,False,False,83,2,7,223126,223081,223164,223113,223143,bp,246.23303167420812,30,-5867.0,45,38,8479.0
1821,701.6172137987787,-2.71875,False,False,50,-12,34,223206,223164,223214,223175,223211,bp,46.60967741935484,36,-136.0,42,8,689.0
1822,820.4602523868542,-2.71875,False,False,83,-13,31,223271,223214,223297,223235,223282,bp,138.52651515151516,47,-3235.0,57,26,5072.0
1823,2085.3148712538227,-2.71875,True,True,65,23,-3,223328,223297,223362,223316,223345,bp,133.30637254901958,29,-2827.0,31,34,2467.0
1824,2066.3975768605746,-2.71875,True,True,89,21,-3,223405,223362,223451,223397,223423,bp,258.7916666666667,26,-4628.0,43,46,8234.0
1825,3205.693727784949,-2.71875,False,False,79,0,-5,223488,223451,223530,223470,223502,bp,244.0873015873016,32,-5172.0,37,42,6157.0
1826,1205.4533272770407,-2.71875,False,False,66,4,-16,223555,223530,223596,223534,223567,bp,91.92857142857142,33,-1429.0,25,41,2526.0
1827,2723.0353668540324,-2.71875,False,False,56,-3,-12,223618,223596,223652,223604,223635,bp,217.47478991596643,31,-4726.0,22,34,7189.0
1828,1929.7042555542291,-2.71875,True,True,60,11,-22,223671,223652,223712,223663,223684,bp,199.66346153846158,21,-1328.0,19,41,4317.0
1829,1441.7814785740366,-2.71875,True,False,83,6,1,222755,222713,222796,222733,222765,bp,123.73636363636362,32,618.0,42,41,2976.0
1830,1445.0855003794873,-2.71875,False,False,39,-3,-15,222808,222796,222835,222803,222823,bp,202.86666666666667,20,703.0,12,27,3768.0
1831,384.45495113976983,-2.71875,False,False,28,11,2,222850,222835,222863,222840,222859,bp,82.03888888888889,19,3036.0,15,13,1566.0
1832,1410.5599074871868,-2.71875,False,False,62,13,12,222900,222863,222925,222889,222909,bp,150.64646464646466,20,791.0,37,25,2521.0
1833,756.4404176007097,-2.71875,True,False,94,-14,-34,222955,222925,223019,222942,222994,bp,82.12820512820512,52,185.0,30,64,3674.0
1834,1602.213280650257,-2.71875,True,True,72,4,-12,223049,223019,223091,223032,223067,bp,105.41503267973856,35,-808.0,30,42,3022.0
1835,1110.7574719764484,-2.71875,True,False,75,-32,-5,223126,223091,223166,223106,223155,bp,62.34051724137931,49,-777.0,35,40,4069.0
1836,1210.4227427359829,-2.71875,True,False,30,3,12,223187,223166,223196,223172,223191,bp,210.25,19,-664.0,21,9,2379.0
1837,363.45172842901405,-2.71875,True,True,34,2,16,223221,223196,223230,223213,223225,bp,209.0,12,-891.0,25,9,2073.0
1838,1457.9476430537889,-2.71875,False,False,82,-14,-28,223257,223230,223312,223239,223286,bp,81.3917624521073,47,-1157.0,27,55,5875.0
1839,2700.0258426677296,-2.71875,True,True,47,-3,5,223338,223312,223359,223319,223346,bp,222.858552631579,27,-1529.0,26,21,4262.0
1840,1270.851727115361,-2.71875,False,False,60,1,-2,223388,223359,223419,223370,223402,bp,144.0079365079365,32,-2298.0,29,31,3073.0
1841,1029.653305650014,-2.71875,False,False,44,14,-4,223439,223419,223463,223435,223450,bp,195.6136363636364,15,-498.0,20,24,4667.0
1842,1784.704474500944,-2.71875,True,True,64,-4,10,223500,223463,223527,223479,223516,bp,109.07291666666666,37,-609.0,37,27,3302.0
1843,1329.3811364495239,-2.71875,False,False,70,-12,18,223571,223527,223597,223549,223580,bp,194.74747474747474,31,-2663.0,44,26,5509.0
1844,343.5915576648956,-2.71875,False,False,32,8,-16,223605,223597,223629,223599,223612,bp,190.35714285714286,13,945.0,8,24,2807.0
1845,565.6509084637149,-2.71875,True,False,29,9,-9,223639,223629,223658,223633,223645,bp,191.41666666666669,12,1383.0,10,19,2076.0
1846,1245.7750180508735,-2.71875,True,False,53,-4,-25,223672,223658,223711,223666,223694,bp,183.98484848484847,28,395.0,14,39,2650.0
1847,2806.633212635256,-2.0526315789473686,False,False,66,1,-4,226478,226447,226513,226463,226493,bp,226.2,30,-3703.0,31,35,5387.0
1848,1152.9822741337096,-2.0526315789473686,False,False,53,15,-3,226538,226513,226566,226524,226546,bp,138.53571428571428,22,-496.0,25,28,3617.0
1849,440.6654043777716,-2.0526315789473686,False,False,33,20,11,226588,226566,226599,226583,226591,bp,164.63333333333333,8,1689.0,22,11,1279.0
1850,357.7641183315517,-2.0526315789473686,True,False,35,14,13,226623,226599,226634,226619,226627,bp,152.625,8,1973.0,24,11,1478.0
1851,463.1410199962007,-2.0526315789473686,True,False,63,3,-19,226656,226634,226697,226649,226677,bp,94.76190476190477,28,1069.0,22,41,1200.0
1852,370.0402833944872,-2.0526315789473686,True,True,47,-15,3,226722,226697,226744,226708,226736,bp,55.46428571428571,28,398.0,25,22,996.0
1853,399.83098615776726,-2.0526315789473686,True,True,69,-24,-13,226772,226744,226813,226749,226795,bp,47.73913043478261,46,-274.0,28,41,2621.0
1854,382.8975247244159,-2.0526315789473686,True,True,51,18,-33,226822,226813,226864,226817,226840,bp,175.65,23,-370.0,9,42,1558.0
1855,468.0762791759809,-2.0526315789473686,True,True,50,12,-4,226887,226864,226914,226881,226900,bp,154.00641025641025,19,-1221.0,23,27,1794.0
1856,173.40354867672661,-2.0526315789473686,True,True,34,6,14,226938,226914,226948,226931,226941,bp,105.0238095238095,10,-540.0,24,10,904.0
1857,238.6256865380632,-2.0526315789473686,True,True,48,-8,0,226972,226948,226996,226957,226983,bp,50.03030303030303,26,-850.0,24,24,1307.0
1858,574.3555945195743,-2.0526315789473686,False,False,67,-16,-47,227006,226996,227063,227001,227042,bp,144.40277777777774,41,-1735.0,10,57,2440.0
1859,265.6377332209543,-2.0526315789473686,False,False,66,-10,-48,227072,227063,227129,227067,227109,bp,66.14594594594595,42,150.0,9,57,3680.0
1860,582.0532774708255,-2.0526315789473686,True,False,50,-11,4,227156,227129,227179,227141,227168,bp,52.49166666666666,27,1318.0,27,23,1484.0
1861,308.75107332194307,-2.0526315789473686,True,True,34,3,-14,227189,227179,227213,227184,227200,bp,123.9090909090909,16,1254.0,10,24,2072.0
1862,480.67802473021584,-2.0526315789473686,False,False,34,7,18,227239,227213,227247,227219,227243,bp,101.175,24,683.0,26,8,1267.0
1863,579.1921478527148,-2.0526315789473686,False,False,66,-6,18,227289,227247,227313,227274,227306,bp,42.33725490196078,32,891.0,42,24,2649.0
1864,1023.1750856552163,-2.0526315789473686,True,True,68,-5,6,227350,227313,227381,227332,227367,bp,88.70261437908495,35,-11.0,37,31,2578.0
1865,768.2986923774289,-2.0526315789473686,True,True,66,0,-16,227406,227381,227447,227397,227425,bp,67.41812865497076,28,1234.0,25,41,2108.0
1866,2011.8788588345112,-2.0526315789473686,False,False,65,15,-9,226476,226448,226513,226465,226483,bp,237.30519480519482,18,-2731.0,28,37,3297.0
1867,881.2889648740518,-2.0526315789473686,False,False,68,-19,-46,226524,226513,226581,226516,226560,bp,96.79166666666666,44,-964.0,11,57,5027.0
1868,1270.5908994302374,-2.0526315789473686,False,False,33,-9,11,226603,226581,226614,226585,226607,bp,137.97222222222223,22,-239.0,22,11,1576.0
1869,510.6278573731746,-2.0526315789473686,False,False,35,-12,7,226635,226614,226649,226620,226643,bp,102.29166666666666,23,-1639.0,21,14,1487.0
1870,861.6594022953525,-2.0526315789473686,False,False,71,-4,-25,226672,226649,226720,226654,226690,bp,90.30555555555556,36,-3580.0,23,48,2536.0
1871,336.8024625356756,-2.0526315789473686,False,False,72,-8,-46,226733,226720,226792,226722,226769,bp,49.94570707070707,47,-2063.0,13,59,2618.0
1872,812.3725288511116,-2.0526315789473686,True,True,54,-2,6,226822,226792,226846,226808,226840,bp,59.420634920634924,32,-1761.0,30,24,2495.0
1873,648.0446245649829,-2.0526315789473686,True,False,68,-23,40,226900,226846,226914,226870,226906,bp,128.53333333333333,36,-1737.0,54,14,2613.0
1874,278.27773371864,-2.0526315789473686,False,False,30,11,0,226929,226914,226944,226919,226936,bp,140.62142857142857,17,-1178.0,15,15,1793.0
1875,1350.7796033733748,-2.0526315789473686,False,False,54,14,4,226973,226944,226998,226964,226980,bp,251.32539682539684,16,-3170.0,29,25,3765.0
1876,545.3659632808445,-2.0526315789473686,False,False,39,0,15,227025,226998,227037,227010,227027,bp,144.86666666666667,17,-1234.0,27,12,1475.0
1877,109.5294917769587,-2.0526315789473686,False,False,26,4,10,227055,227037,227063,227044,227059,bp,128.86363636363637,15,-474.0,18,8,1615.0
1878,522.2408730782165,-2.0526315789473686,True,True,54,2,-2,227089,227063,227117,227078,227101,bp,91.3030303030303,23,-671.0,26,28,2451.0
1879,529.9337577617746,-2.0526315789473686,True,True,46,-13,-2,227139,227117,227163,227126,227158,bp,60.39271255060729,32,397.0,22,24,1821.0
1880,389.623683865,-2.0526315789473686,False,False,50,0,34,227205,227163,227213,227177,227207,bp,102.21428571428572,30,-302.0,42,8,1040.0
1881,1081.2691606105236,-2.0526315789473686,False,False,68,-16,16,227255,227213,227281,227237,227272,bp,86.6062091503268,35,-1983.0,42,26,3679.0
1882,1271.769136681322,-2.0526315789473686,True,True,55,0,-5,227306,227281,227336,227291,227320,bp,106.93571428571428,29,-592.0,25,30,3612.0
1883,880.9208686274777,-2.0526315789473686,False,False,40,-2,24,227368,227336,227376,227349,227372,bp,101.42763157894736,23,157.0,32,8,1419.0
1884,909.751111343616,-2.0526315789473686,False,False,58,20,4,227407,227376,227434,227393,227415,bp,133.375,22,-1865.0,31,27,2549.0
1885,2402.1087087338565,-10.533333333333333,True,True,66,4,-10,230309,230281,230347,230296,230329,bp,151.18653846153848,33,-7.0,28,38,5233.0
1886,2478.1614702632182,-10.533333333333333,True,True,83,6,-7,230385,230347,230430,230366,230399,bp,186.36466165413532,33,-411.0,38,45,6238.0
1887,1704.95190019519,-10.533333333333333,True,False,84,14,-34,230455,230430,230514,230438,230479,bp,153.875,41,-699.0,25,59,4832.0
1888,907.9768182739003,-10.533333333333333,True,False,94,-28,22,230572,230514,230608,230534,230590,bp,81.22807017543859,56,-1068.0,58,36,3874.0
1889,1411.0313230585905,-10.533333333333333,True,False,39,-10,21,230638,230608,230647,230618,230641,bp,254.5,23,-1196.0,30,9,2869.0
1890,544.967800785342,-10.533333333333333,True,False,67,2,-19,230671,230647,230714,230654,230685,bp,100.63865546218487,31,-1445.0,24,43,2318.0
1891,536.4163707675009,-10.533333333333333,False,False,50,0,-32,230723,230714,230764,230718,230744,bp,142.46190476190475,26,-733.0,9,41,3707.0
1892,875.4800092601419,-10.533333333333333,True,True,50,11,-26,230776,230764,230814,230770,230795,bp,152.13596491228068,25,635.0,12,38,3995.0
1893,1176.260111798895,-10.533333333333333,False,False,83,15,-33,230839,230814,230897,230831,230865,bp,159.53365384615384,34,1680.0,25,58,3071.0
1894,3279.775659541527,-10.533333333333333,False,False,66,33,-12,230924,230897,230963,230914,230934,bp,381.25,20,-1828.0,27,39,7700.0
1895,1658.3478344821976,-10.533333333333333,False,False,83,-14,7,231008,230963,231046,230987,231029,bp,148.83333333333334,42,-1760.0,45,38,5096.0
1896,444.0256639399942,-10.533333333333333,False,False,40,4,12,231072,231046,231086,231057,231077,bp,59.66666666666666,20,2258.0,26,14,1406.0
1897,1536.797476699129,-10.533333333333333,True,False,48,30,-8,231106,231086,231134,231101,231124,bp,190.25555555555556,23,1089.0,20,28,3059.0
1898,1013.1831256337372,-10.533333333333333,True,False,91,-5,19,231189,231134,231225,231177,231212,bp,123.05978260869566,35,204.0,55,36,3573.0
1899,2073.8099361935183,-10.533333333333333,False,False,72,-1,-10,231256,231225,231297,231242,231276,bp,196.75357142857143,34,-2316.0,31,41,7363.0
1900,3431.227099810976,-10.533333333333333,True,True,66,3,-14,230305,230279,230345,230289,230324,bp,220.96217105263162,35,-3724.0,26,40,9101.0
1901,5044.225871289209,-10.533333333333333,True,True,72,13,-12,230375,230345,230417,230362,230392,bp,401.0180995475112,30,-6448.0,30,42,11513.0
1902,3505.856614088072,-10.533333333333333,True,True,81,-7,-5,230455,230417,230498,230435,230481,bp,235.35384615384612,46,-5369.0,38,43,10335.0
1903,2695.6207370711445,-10.533333333333333,False,False,83,23,-3,230538,230498,230581,230520,230553,bp,167.86666666666667,33,-2488.0,40,43,3522.0
1904,3337.248519466935,-10.533333333333333,False,False,78,-3,2,230621,230581,230659,230609,230641,bp,264.525,32,-6045.0,40,38,9835.0
1905,2069.504911220572,-10.533333333333333,False,False,68,-5,-16,230685,230659,230727,230670,230704,bp,118.55087719298244,34,-348.0,26,42,3218.0
1906,862.8366574369554,-10.533333333333333,False,False,53,4,-27,230740,230727,230780,230733,230764,bp,130.52678571428572,31,147.0,13,40,1456.0
1907,1253.0299764830004,-10.533333333333333,False,False,84,19,-32,230806,230780,230864,230799,230834,bp,196.28571428571428,35,-2510.0,26,58,5991.0
1908,1716.385393333195,-10.533333333333333,True,False,82,-5,2,230906,230864,230946,230888,230923,bp,127.42156862745097,35,-1195.0,42,40,4512.0
1909,2132.905250532489,-10.533333333333333,True,False,48,6,-8,230966,230946,230994,230953,230973,bp,220.74725274725282,20,-2142.0,20,28,3593.0
1910,1450.2940521868163,-10.533333333333333,True,False,53,12,-29,231006,230994,231047,230999,231019,bp,201.63186813186815,20,-1258.0,12,41,4473.0
1911,1136.6364547933479,-10.533333333333333,True,False,50,-27,2,231073,231047,231097,231051,231090,bp,84.92245989304814,39,-501.0,26,24,2816.0
1912,502.0330370002711,-10.533333333333333,True,False,35,-7,-11,231109,231097,231132,231102,231123,bp,116.03571428571428,21,-22.0,12,23,1969.0
1913,390.33385573823614,-10.533333333333333,True,False,99,-44,-53,231155,231132,231231,231137,231209,bp,34.648148148148145,72,174.0,23,76,2344.0
1914,906.65400923416,-10.533333333333333,True,False,50,-2,-2,231255,231231,231281,231237,231269,bp,84.02777777777777,32,-150.0,24,26,1803.0
1915,380.43768296121215,3.588235294117647,False,False,54,-6,40,234740,234693,234747,234714,234743,bp,96.67307692307692,29,-64.0,47,7,1335.0
1916,400.9437075314432,3.588235294117647,True,True,63,-7,23,234790,234747,234810,234766,234795,bp,76.57916666666667,29,-727.0,43,20,1153.0
1917,399.78699787871943,3.588235294117647,True,False,54,17,-30,234822,234810,234864,234817,234844,bp,121.06363636363636,27,-964.0,12,42,2201.0
1918,2185.7210153385813,3.588235294117647,True,True,66,25,16,234905,234864,234930,234888,234916,bp,205.6042780748663,28,-3060.0,41,25,6099.0
1919,1711.3007092807916,3.588235294117647,False,False,101,9,17,234989,234930,235031,234969,235008,bp,148.65394736842106,39,-3331.0,59,42,5525.0
1920,1355.1014431367364,3.588235294117647,False,False,66,13,16,235072,235031,235097,235056,235082,bp,97.10625,26,-4.0,41,25,3917.0
1921,1348.9556406660604,3.588235294117647,True,True,80,8,4,235139,235097,235177,235121,235158,bp,86.55555555555556,37,-324.0,42,38,2399.0
1922,984.1434416361283,3.588235294117647,True,False,87,-7,35,235238,235177,235264,235203,235245,bp,133.62857142857143,42,-1736.0,61,26,3429.0
1923,1929.4387015717246,3.588235294117647,True,False,50,11,0,235289,235264,235314,235280,235306,bp,185.52941176470588,26,-2332.0,25,25,4728.0
1924,1002.5169833146884,3.588235294117647,False,False,100,15,6,235367,235314,235414,235343,235377,bp,84.93333333333334,34,-1086.0,53,47,1710.0
1925,287.37499751682674,3.588235294117647,True,False,34,16,8,235435,235414,235448,235426,235443,bp,89.7013888888889,17,-648.0,21,13,1461.0
1926,1069.9286474141215,3.588235294117647,True,False,66,27,16,235489,235448,235514,235476,235495,bp,137.5320512820513,19,-946.0,41,25,3449.0
1927,1846.6799392104328,3.588235294117647,False,False,83,-10,5,235558,235514,235597,235541,235577,bp,153.32352941176467,36,-2737.0,44,39,6376.0
1928,1170.5065269844142,3.588235294117647,False,False,40,-3,10,235622,235597,235637,235603,235629,bp,106.43609022556393,26,1239.0,25,15,2114.0
1929,788.7901745155976,3.588235294117647,False,False,43,0,21,235669,235637,235680,235652,235675,bp,66.20098039215686,23,-154.0,32,11,243.0
1930,462.25803960577497,3.588235294117647,False,False,50,-13,4,235707,235680,235730,235698,235726,bp,87.43567251461988,28,-1880.0,27,23,2422.0
1931,457.98642849337614,3.588235294117647,True,True,33,-11,-15,234756,234747,234780,234751,234774,bp,149.53333333333333,23,-264.0,9,24,2323.0
1932,771.0243838264901,3.588235294117647,False,False,34,-6,-14,234790,234780,234814,234786,234806,bp,159.09375,20,343.0,10,24,2609.0
1933,258.3191288478899,3.588235294117647,False,False,33,18,-9,234826,234814,234847,234820,234834,bp,124.16666666666669,14,1723.0,12,21,1680.0
1934,1622.9485010007502,3.588235294117647,False,False,83,-1,3,234890,234847,234930,234866,234907,bp,118.23161764705885,41,-1306.0,43,40,4919.0
1935,2519.775529032561,3.588235294117647,True,True,67,16,-17,234955,234930,234997,234947,234974,bp,240.53289473684208,27,-1673.0,25,42,5045.0
1936,2534.3139384117026,3.588235294117647,False,False,66,1,-6,235027,234997,235063,235017,235043,bp,223.78125,26,-1909.0,30,36,4711.0
1937,495.91093598140105,3.588235294117647,False,False,40,10,10,235088,235063,235103,235070,235092,bp,97.5,22,1050.0,25,15,1390.0
1938,1505.6206499850919,3.588235294117647,False,False,61,-9,11,235139,235103,235164,235124,235157,bp,96.50555555555556,33,-780.0,36,25,4860.0
1939,1389.9834586974405,3.588235294117647,False,False,49,9,1,235189,235164,235213,235181,235200,bp,196.28977272727272,19,-77.0,25,24,1771.0
1940,796.5515109494423,3.588235294117647,False,False,50,4,10,235243,235213,235263,235228,235252,bp,64.77777777777779,24,588.0,30,20,2341.0
1941,2283.206297977225,3.588235294117647,False,False,69,4,-17,235289,235263,235332,235280,235309,bp,221.52222222222224,29,-2390.0,26,43,5210.0
1942,1717.806903323047,3.588235294117647,True,True,48,-9,0,235356,235332,235380,235342,235372,bp,141.4375,30,-1333.0,24,24,4046.0
1943,1681.6516437334326,3.588235294117647,True,True,50,7,2,235406,235380,235430,235393,235414,bp,201.40865384615384,21,-944.0,26,24,4217.0
1944,498.1098134557924,3.588235294117647,False,False,33,5,17,235455,235430,235463,235442,235459,bp,115.125,17,202.0,25,8,872.0
1945,1734.4802094712118,3.588235294117647,False,False,67,5,-15,235489,235463,235530,235481,235509,bp,226.0,28,-2952.0,26,41,6453.0
1946,978.8398641820197,3.588235294117647,False,False,51,21,-1,235555,235530,235581,235542,235567,bp,65.61217948717949,25,106.0,25,26,1538.0
1947,1113.5684323131081,3.588235294117647,True,True,78,20,4,235622,235581,235659,235613,235629,bp,209.74603174603172,16,-522.0,41,37,4319.0
1948,838.8391258533583,3.588235294117647,True,True,71,-24,-33,235678,235659,235730,235665,235718,bp,80.82211538461539,53,703.0,19,52,2334.0
1949,2287.470465389267,-2.1176470588235294,True,True,99,25,-15,238406,238364,238463,238399,238424,bp,297.8373015873016,25,-2552.0,42,57,6521.0
1950,1563.9964681785834,-2.1176470588235294,True,False,100,36,-58,238484,238463,238563,238474,238504,bp,177.25,30,-1144.0,21,79,4514.0
1951,2850.9145199228333,-2.1176470588235294,True,False,51,25,-9,238584,238563,238614,238570,238597,bp,212.41483516483515,27,-2422.0,21,30,5293.0
1952,2584.6964626450963,-2.1176470588235294,True,False,100,37,-14,238657,238614,238714,238649,238673,bp,281.46875,24,-3529.0,43,57,4728.0
1953,1683.9085151477966,-2.1176470588235294,False,False,56,6,-4,238740,238714,238770,238734,238750,bp,296.8833333333333,16,-3260.0,26,30,3829.0
1954,678.3758880955334,-2.1176470588235294,False,False,27,12,-21,238773,238770,238797,238772,238787,bp,-10.178571428571429,15,680.0,3,24,3141.0
1955,953.1784969964116,-2.1176470588235294,True,True,95,0,-11,238839,238797,238892,238814,238857,bp,84.86888888888888,43,-135.0,42,53,3187.0
1956,1634.9216645192914,-2.1176470588235294,True,True,71,26,-11,238922,238892,238963,238900,238928,bp,177.4393939393939,28,-232.0,30,41,3501.0
1957,1755.1690495398575,-2.1176470588235294,True,False,67,0,-15,238989,238963,239030,238982,239008,bp,210.85714285714286,26,-756.0,26,41,3962.0
1958,808.4221695157894,-2.1176470588235294,True,False,33,9,-15,239039,239030,239063,239034,239053,bp,168.90714285714287,19,982.0,9,24,1812.0
1959,821.4862887883181,-2.1176470588235294,True,False,68,40,-16,239089,239063,239131,239081,239092,bp,255.54166666666663,11,181.0,26,42,2213.0
1960,1263.5334735541999,-2.1176470588235294,False,False,50,26,4,239158,239131,239181,239143,239175,bp,83.46470588235293,32,-347.0,27,23,2585.0
1961,3328.3222941164113,-2.1176470588235294,False,False,98,8,28,239244,239181,239279,239233,239259,bp,303.95757575757574,26,-5278.0,63,35,8412.0
1962,2231.378013267239,-2.1176470588235294,True,True,65,-3,-1,239311,239279,239344,239293,239325,bp,132.7619047619048,32,-1450.0,32,33,4480.0
1963,1090.9233246170377,-2.1176470588235294,True,True,53,-4,1,239371,239344,239397,239354,239384,bp,109.1787330316742,30,-446.0,27,26,1973.0
1964,1036.1752935733832,-2.1176470588235294,True,False,50,8,-6,238402,238380,238430,238387,238415,bp,115.46153846153842,28,-3380.0,22,28,3227.0
1965,865.3884796619914,-2.1176470588235294,True,True,50,13,2,238456,238430,238480,238451,238467,bp,146.72727272727272,16,-2156.0,26,24,2434.0
1966,1518.7733052649899,-2.1176470588235294,True,False,50,37,2,238506,238480,238530,238496,238514,bp,190.3875,18,-2472.0,26,24,3666.0
1967,1488.986634708051,-2.1176470588235294,True,False,87,-14,31,238589,238530,238617,238569,238605,bp,127.78125,36,-3471.0,59,28,4546.0
1968,560.0112197082534,-2.1176470588235294,True,False,47,-12,29,238655,238617,238664,238627,238658,bp,103.64285714285714,31,-1348.0,38,9,1452.0
1969,720.2351942897499,-2.1176470588235294,True,True,35,7,13,238688,238664,238699,238677,238693,bp,172.24545454545455,16,-2534.0,24,11,2444.0
1970,834.7760125099339,-2.1176470588235294,False,False,53,-9,-3,238724,238699,238752,238716,238739,bp,101.44583333333333,23,-1939.0,25,28,2184.0
1971,176.8884486187449,-2.1176470588235294,False,False,46,44,-34,238758,238752,238798,238753,238773,bp,88.8,20,-403.0,6,40,2026.0
1972,1977.3784892534707,-2.1176470588235294,False,False,83,-1,25,238852,238798,238881,238837,238862,bp,259.6666666666667,25,-4698.0,54,29,5958.0
1973,841.2933209106143,-2.1176470588235294,False,False,52,-13,-12,238901,238881,238933,238886,238918,bp,76.66470588235293,32,-483.0,20,32,3192.0
1974,640.857866719028,-2.1176470588235294,False,False,47,-1,-33,238940,238933,238980,238937,238966,bp,204.80128205128204,29,841.0,7,40,2215.0
1975,1731.7575252713755,-2.1176470588235294,False,False,39,4,11,239005,238980,239019,238994,239011,bp,253.29545454545456,17,-1873.0,25,14,3645.0
1976,918.9893814861567,-2.1176470588235294,True,False,46,11,-8,239038,239019,239065,239032,239056,bp,138.30555555555554,24,-605.0,19,27,2106.0
1977,781.8897208199002,-2.1176470588235294,True,True,49,7,31,239105,239065,239114,239091,239109,bp,166.875,18,-843.0,40,9,2568.0
1978,580.8305712632015,-2.1176470588235294,False,False,70,-14,46,239172,239114,239184,239134,239176,bp,108.5,42,-167.0,58,12,2028.0
1979,1441.3061847457502,-2.1176470588235294,False,False,59,4,17,239222,239184,239243,239204,239227,bp,210.1888888888889,23,-2471.0,38,21,3074.0
1980,1137.6419048982495,-2.1176470588235294,True,True,54,2,2,239271,239243,239297,239254,239278,bp,132.9579831932773,24,-2163.0,28,26,2804.0
1981,1118.4552591128672,-2.1176470588235294,False,False,48,-11,2,239322,239297,239345,239304,239332,bp,135.69444444444446,28,-1777.0,25,23,3927.0
1982,1113.5604312495987,-2.1176470588235294,False,False,50,-1,-30,239355,239345,239395,239349,239375,bp,131.5,26,303.0,10,40,3651.0
1983,656.5894427658519,3.03125,False,False,65,-22,19,242222,242180,242245,242191,242233,bp,44.00733137829912,42,2169.0,42,23,1118.0
1984,2168.047717988598,3.03125,False,False,69,15,-17,242271,242245,242314,242253,242286,bp,181.7055555555556,33,-1818.0,26,43,6334.0
1985,3228.7255057034163,3.03125,True,False,51,18,25,242352,242314,242365,242334,242359,bp,255.031746031746,25,-2390.0,38,13,4835.0
1986,1491.5846515686649,3.03125,True,False,115,6,33,242439,242365,242480,242402,242450,bp,178.47788697788695,48,-4241.0,74,41,6144.0
1987,2030.0557192433905,3.03125,True,True,83,18,1,242522,242480,242563,242504,242536,bp,159.19047619047618,32,-3343.0,42,41,5247.0
1988,2244.29807224198,3.03125,True,True,72,14,14,242606,242563,242635,242586,242619,bp,173.5903846153846,33,-3352.0,43,29,5681.0
1989,1462.3332405950127,3.03125,True,True,111,8,-15,242683,242635,242746,242666,242709,bp,136.41289592760182,43,-3269.0,48,63,5311.0
1990,1424.1323826337784,3.03125,True,False,84,27,-30,242773,242746,242830,242760,242790,bp,129.52941176470586,30,-1191.0,27,57,3890.0
1991,1925.2243300153893,3.03125,True,False,50,22,2,242856,242830,242880,242847,242870,bp,176.44444444444446,23,-1770.0,26,24,2813.0
1992,1311.0194909981176,3.03125,True,True,83,-6,25,242934,242880,242963,242915,242949,bp,112.9157894736842,34,-2607.0,54,29,4099.0
1993,1432.7704299761624,3.03125,True,True,50,23,2,242989,242963,243013,242977,242996,bp,179.702380952381,19,-1220.0,26,24,3603.0
1994,1129.1747281843132,3.03125,False,False,68,-5,18,243056,243013,243081,243038,243064,bp,173.83333333333337,26,-2485.0,43,25,3544.0
1995,277.90400616101573,3.03125,False,False,33,8,-13,243091,243081,243114,243085,243102,bp,91.46969696969695,17,248.0,10,23,2472.0
1996,1771.965912984227,3.03125,True,True,50,2,0,243139,243114,243164,243127,243150,bp,161.78787878787878,23,-1046.0,25,25,3824.0
1997,1017.882561611749,3.03125,False,False,46,13,-2,242206,242184,242230,242198,242218,bp,143.83333333333334,20,1624.0,22,24,1524.0
1998,800.9475645138194,3.03125,False,False,67,-12,17,242272,242230,242297,242251,242282,bp,137.45,31,-1417.0,42,25,1874.0
1999,367.9486537866107,3.03125,False,False,34,16,-18,242305,242297,242331,242301,242312,bp,195.26785714285717,11,-663.0,8,26,3167.0
2000,2213.3873583075247,3.03125,True,True,49,1,-1,242355,242331,242380,242339,242367,bp,179.79166666666669,28,-1309.0,24,25,5505.0
2001,2177.707256654997,3.03125,True,True,50,-2,2,242406,242380,242430,242396,242424,bp,197.16111111111115,28,-1655.0,26,24,4043.0
2002,1151.4388121069414,3.03125,True,True,51,10,19,242465,242430,242481,242450,242474,bp,94.44444444444444,24,-645.0,35,16,2321.0
2003,1484.2799868349402,3.03125,True,True,65,0,17,242522,242481,242546,242508,242536,bp,125.14285714285714,28,-852.0,41,24,4504.0
2004,1765.4608362739975,3.03125,True,False,66,-2,-12,242573,242546,242612,242564,242591,bp,225.52777777777774,27,-1957.0,27,39,3446.0
2005,272.7715323694427,3.03125,True,False,34,17,-14,242622,242612,242646,242616,242628,bp,151.0,12,-256.0,10,24,2234.0
2006,738.7170686478826,3.03125,False,False,46,-9,14,242676,242646,242692,242657,242682,bp,90.62719298245615,25,-975.0,30,16,1370.0
2007,597.6070681176574,3.03125,False,False,50,20,-22,242706,242692,242742,242698,242719,bp,118.38942307692308,21,-1032.0,14,36,3070.0
2008,784.4021144595332,3.03125,True,True,70,-2,12,242783,242742,242812,242760,242797,bp,78.04813664596273,37,-463.0,41,29,2912.0
2009,1288.309551062154,3.03125,True,True,68,-5,10,242851,242812,242880,242832,242865,bp,101.77255639097744,33,-1131.0,39,29,2640.0
2010,1065.1681593915546,3.03125,True,True,83,-27,3,242923,242880,242963,242893,242945,bp,99.14848484848486,52,-3091.0,43,40,5408.0
2011,1910.3714484700265,3.03125,True,True,66,-14,8,243000,242963,243029,242970,243010,bp,153.78333333333333,40,-2064.0,37,29,4747.0
2012,1221.1811353406035,3.03125,True,False,47,1,7,243056,243029,243076,243036,243059,bp,179.075,23,-447.0,27,20,2031.0
2013,972.0008511950416,3.03125,True,True,37,-3,-11,243089,243076,243113,243083,243103,bp,174.46428571428572,20,-635.0,13,24,3643.0
2014,1190.3756570284504,3.03125,True,True,50,14,4,243140,243113,243163,243120,243144,bp,187.2,24,-601.0,27,23,2579.0
2015,2458.3479866723164,-2.7419354838709675,True,True,84,28,-32,246456,246430,246514,246447,246473,bp,257.01307189542484,26,-1374.0,26,58,5131.0
2016,2604.4754622821947,-2.7419354838709675,True,True,64,41,-18,246537,246514,246578,246527,246547,bp,257.8,20,-110.0,23,41,6655.0
2017,1502.0830382677484,-2.7419354838709675,False,False,85,7,3,246622,246578,246663,246608,246642,bp,146.38214285714287,34,1033.0,44,41,2100.0
2018,2572.534515374376,-2.7419354838709675,False,False,68,11,-8,246693,246663,246731,246683,246710,bp,209.62352941176468,27,-1111.0,30,38,6142.0
2019,793.4529199493567,-2.7419354838709675,True,False,116,-6,-32,246773,246731,246847,246748,246810,bp,104.10432432432432,62,-655.0,42,74,7028.0
2020,4209.347742545672,-2.7419354838709675,True,False,66,8,8,246884,246847,246913,246866,246894,bp,337.6166666666667,28,-2779.0,37,29,9820.0
2021,1524.8527292734811,-2.7419354838709675,True,True,84,0,2,246956,246913,246997,246930,246980,bp,100.58012820512822,50,316.0,43,41,3423.0
2022,2251.180793606323,-2.7419354838709675,True,True,67,4,19,247040,246997,247064,247030,247055,bp,217.05,25,-1955.0,43,24,4358.0
2023,3703.130574751145,-2.7419354838709675,False,False,66,8,-2,247096,247064,247130,247084,247109,bp,313.39102564102564,25,-5555.0,32,34,7838.0
2024,729.4311004764431,-2.7419354838709675,False,False,67,-3,-17,247155,247130,247197,247142,247175,bp,56.369230769230775,33,-127.0,25,42,3091.0
2025,422.1772106439479,-2.7419354838709675,False,False,33,-2,15,247221,247197,247230,247205,247227,bp,83.875,22,37.0,24,9,1009.0
2026,2315.794525294201,-2.7419354838709675,False,False,67,9,-5,247261,247230,247297,247247,247274,bp,198.07142857142856,27,-3555.0,31,36,6455.0
2027,813.7226861653102,-2.7419354838709675,False,False,66,3,-14,247323,247297,247363,247310,247344,bp,84.26373626373626,34,635.0,26,40,2344.0
2028,760.3727932635263,-2.7419354838709675,False,False,67,-9,17,247405,247363,247430,247381,247411,bp,95.60416666666669,30,-438.0,42,25,1372.0
2029,957.3146961055256,-2.7419354838709675,False,False,44,-9,0,246441,246419,246463,246433,246455,bp,130.70535714285714,22,-696.0,22,22,2516.0
2030,321.5321231792962,-2.7419354838709675,True,True,34,9,-14,246473,246463,246497,246468,246483,bp,142.05,15,370.0,10,24,2428.0
2031,1040.3203695567952,-2.7419354838709675,True,True,56,-13,0,246525,246497,246553,246507,246543,bp,77.77777777777777,36,-647.0,28,28,2285.0
2032,1448.4775444431712,-2.7419354838709675,False,False,57,4,-19,246572,246553,246610,246566,246589,bp,160.38725490196074,23,-123.0,19,38,4685.0
2033,1177.918156433058,-2.7419354838709675,True,True,40,-7,-4,246628,246610,246650,246616,246642,bp,98.01785714285714,26,1712.0,18,22,2016.0
2034,1541.1687164256946,-2.7419354838709675,True,True,52,9,-8,246672,246650,246702,246661,246692,bp,127.17954545454546,31,497.0,22,30,4384.0
2035,2283.1329016491445,-2.7419354838709675,True,True,61,17,15,246740,246702,246763,246732,246752,bp,278.2916666666667,20,-609.0,38,23,4532.0
2036,3200.785984963021,-2.7419354838709675,True,True,83,4,3,246806,246763,246846,246789,246819,bp,273.3506787330317,30,-3552.0,43,40,8487.0
2037,3276.575073514275,-2.7419354838709675,False,False,64,19,-30,246863,246846,246910,246853,246875,bp,390.0,22,-3042.0,17,47,7929.0
2038,1146.4639120644051,-2.7419354838709675,False,False,38,1,8,246933,246910,246948,246916,246941,bp,88.45220588235294,25,2458.0,23,15,1518.0
2039,2191.2319750811153,-2.7419354838709675,False,False,50,4,0,246973,246948,246998,246967,246989,bp,271.0,22,-551.0,25,25,5392.0
2040,2038.7095540259686,-2.7419354838709675,False,False,53,9,21,247035,246998,247051,247015,247041,bp,142.675,26,674.0,37,16,2841.0
2041,2179.1877658875987,-2.7419354838709675,False,False,93,6,13,247104,247051,247144,247076,247116,bp,229.5773809523809,40,-3495.0,53,40,8037.0
2042,2819.137062000036,-2.7419354838709675,True,False,54,11,2,247172,247144,247198,247162,247188,bp,245.30625,26,-1847.0,28,26,5289.0
2043,670.0436293232364,-2.7419354838709675,True,False,99,29,-15,247240,247198,247297,247225,247254,bp,89.9738095238095,29,419.0,42,57,2280.0
2044,1352.66534247752,-2.7419354838709675,True,False,56,1,-4,247323,247297,247353,247312,247341,bp,129.59595959595958,29,-769.0,26,30,3320.0
2045,697.9294984925089,-2.7419354838709675,True,True,61,9,11,247389,247353,247414,247371,247399,bp,102.84444444444445,28,124.0,36,25,2403.0
2046,452.4457426913939,2.8181818181818183,False,False,49,7,1,250422,250397,250446,250410,250434,bp,47.79166666666666,24,1303.0,25,24,1289.0
2047,1500.8578177722372,2.8181818181818183,False,False,67,13,-11,250474,250446,250513,250465,250489,bp,183.38888888888889,24,-1692.0,28,39,3698.0
2048,619.0913189867599,2.8181818181818183,False,False,46,28,4,250538,250513,250559,250526,250541,bp,159.54166666666666,15,446.0,25,21,1645.0
2049,130.81065471793653,2.8181818181818183,True,True,37,9,21,250588,250559,250596,250584,250591,bp,257.2916666666667,7,218.0,29,8,1792.0
2050,293.85216850606264,2.8181818181818183,True,True,36,1,16,250622,250596,250632,250607,250627,bp,73.63333333333333,20,-206.0,26,10,1250.0
2051,269.33990389743127,2.8181818181818183,True,False,33,17,13,250655,250632,250665,250648,250660,bp,165.9,12,-758.0,23,10,1644.0
2052,761.6810050299061,2.8181818181818183,True,False,65,16,17,250706,250665,250730,250689,250710,bp,160.8308823529412,21,-841.0,41,24,2401.0
2053,485.19755207355996,2.8181818181818183,True,True,84,-20,2,250773,250730,250814,250747,250795,bp,56.46853146853147,48,-247.0,43,41,2228.0
2054,1192.2592075359958,2.8181818181818183,True,True,66,-8,10,250852,250814,250880,250823,250860,bp,112.98922413793105,37,-858.0,38,28,3339.0
2055,1490.5935686415826,2.8181818181818183,True,True,51,3,1,250906,250880,250931,250889,250924,bp,101.19444444444444,35,-1629.0,26,25,2871.0
2056,2116.4235448813397,2.8181818181818183,True,True,83,18,-1,250972,250931,251014,250962,250988,bp,180.23125,26,-2670.0,41,42,5715.0
2057,2894.0879148319823,2.8181818181818183,True,True,66,21,-10,251042,251014,251080,251032,251056,bp,274.25,24,-3949.0,28,38,5824.0
2058,2052.7243096706125,2.8181818181818183,True,True,67,19,-9,251109,251080,251147,251101,251126,bp,218.5330882352941,25,-2106.0,29,38,5465.0
2059,1218.9973039697334,2.8181818181818183,True,True,67,-14,17,251189,251147,251214,251170,251209,bp,99.68552631578949,39,-1095.0,42,25,2624.0
2060,1539.0787595281192,2.8181818181818183,True,False,66,10,-16,251239,251214,251280,251234,251263,bp,186.26666666666665,29,-1255.0,25,41,4611.0
2061,1347.872499174209,2.8181818181818183,True,True,84,15,8,251326,251280,251364,251302,251341,bp,100.88333333333333,39,-1993.0,46,38,2845.0
2062,1528.1996892702384,2.8181818181818183,True,True,51,10,-9,250417,250396,250447,250403,250426,bp,153.52380952380952,23,1308.0,21,30,3534.0
2063,2361.5400138900964,2.8181818181818183,True,True,51,-3,-1,250472,250447,250498,250459,250482,bp,259.5269230769231,23,-920.0,25,26,5989.0
2064,1759.175921856198,2.8181818181818183,True,True,49,-20,5,250525,250498,250547,250502,250538,bp,129.68394648829428,36,1903.0,27,22,4776.0
2065,1142.8870906311806,2.8181818181818183,False,False,50,-16,34,250589,250547,250597,250554,250592,bp,168.4,38,1061.0,42,8,1935.0
2066,823.2527718734116,2.8181818181818183,True,True,56,6,-6,250622,250597,250653,250614,250638,bp,150.65625,24,185.0,25,31,3098.0
2067,1064.536698179118,2.8181818181818183,True,True,50,6,-4,250676,250653,250703,250668,250691,bp,93.475,23,1691.0,23,27,2510.0
2068,1311.6923863027291,2.8181818181818183,True,True,67,2,3,250738,250703,250770,250720,250750,bp,127.33333333333331,30,317.0,35,32,3817.0
2069,1323.367380025579,2.8181818181818183,True,True,55,-6,-17,250789,250770,250825,250782,250812,bp,161.50621118012418,30,884.0,19,36,3930.0
2070,2219.064312054849,2.8181818181818183,True,False,45,8,5,250850,250825,250870,250836,250861,bp,170.80194805194805,25,580.0,25,20,4036.0
2071,2022.6273703287848,2.8181818181818183,True,False,77,10,-5,250906,250870,250947,250894,250925,bp,186.61403508771932,31,-1550.0,36,41,4436.0
2072,2230.2839083597673,2.8181818181818183,True,True,66,3,-12,250974,250947,251013,250966,250995,bp,183.47619047619045,29,-422.0,27,39,6431.0
2073,2199.7738895544376,2.8181818181818183,True,True,67,4,-13,251040,251013,251080,251027,251058,bp,175.2264957264957,31,250.0,27,40,5008.0
2074,1788.5175543957885,2.8181818181818183,True,True,68,-17,-16,251106,251080,251148,251093,251140,bp,148.50565610859732,47,-125.0,26,42,5565.0
2075,2770.5929889413487,2.8181818181818183,True,True,66,-7,16,251189,251148,251214,251170,251204,bp,175.08245614035087,34,-454.0,41,25,5705.0
2076,2489.2529949914638,2.8181818181818183,True,True,66,24,6,251250,251214,251280,251231,251263,bp,184.65789473684208,32,-1607.0,36,30,4792.0
2077,1693.5475153362759,2.8181818181818183,False,False,67,-5,29,251328,251280,251347,251319,251341,bp,172.47863247863248,22,-922.0,48,19,3203.0
2078,300.5896038371768,2.8181818181818183,False,False,33,7,15,251371,251347,251380,251358,251376,bp,71.82307692307694,18,1569.0,24,9,1653.0
2079,1068.1162640436473,-1.0666666666666667,False,False,67,3,-15,254256,254230,254297,254247,254275,bp,153.4005847953216,28,-1136.0,26,41,3933.0
2080,560.6479779132858,-1.0666666666666667,False,False,67,-14,-17,254322,254297,254364,254306,254346,bp,37.09375,40,1455.0,25,42,2198.0
2081,1553.235111331935,-1.0666666666666667,True,True,67,22,-17,254389,254364,254431,254372,254399,bp,155.20294117647057,27,-101.0,25,42,3776.0
2082,1337.8245585525194,-1.0666666666666667,True,True,83,32,-23,254461,254431,254514,254448,254468,bp,149.97252747252747,20,198.0,30,53,2469.0
2083,1409.810366937321,-1.0666666666666667,True,True,65,6,-15,254539,254514,254579,254520,254556,bp,94.94582043343651,36,-245.0,25,40,3910.0
2084,1348.6281794080114,-1.0666666666666667,False,False,73,9,13,254622,254579,254652,254598,254627,bp,182.3375,29,-2122.0,43,30,2768.0
2085,1619.4837297922934,-1.0666666666666667,True,False,60,8,-18,254673,254652,254712,254665,254694,bp,151.5625,29,-1833.0,21,39,4758.0
2086,1729.5700771516372,-1.0666666666666667,False,False,101,25,-15,254755,254712,254813,254731,254768,bp,180.9423076923077,37,-2757.0,43,58,6220.0
2087,1214.9514359308894,-1.0666666666666667,False,False,51,-10,1,254839,254813,254864,254830,254857,bp,127.7222222222222,27,417.0,26,25,2587.0
2088,1813.6859770739645,-1.0666666666666667,True,True,50,-2,4,254891,254864,254914,254874,254906,bp,130.62941176470588,32,-1279.0,27,23,4082.0
2089,605.7861150406371,-1.0666666666666667,True,True,66,-10,16,254955,254914,254980,254936,254965,bp,64.6157894736842,29,-14.0,41,25,2206.0
2090,530.8736683111213,-1.0666666666666667,False,False,50,6,0,255005,254980,255030,254984,255017,bp,50.029761904761905,33,659.0,25,25,1462.0
2091,1546.3597772259595,-1.0666666666666667,False,False,83,27,9,255076,255030,255113,255056,255089,bp,118.42692307692309,33,-2011.0,46,37,3691.0
2092,1553.8329787419113,-1.0666666666666667,True,True,84,13,28,255169,255113,255197,255149,255184,bp,138.74166666666667,35,-2565.0,56,28,4758.0
2093,569.5475544481154,-1.0666666666666667,True,True,72,-10,52,254271,254209,254281,254237,254276,bp,118.90294117647059,39,110.0,62,10,2395.0
2094,1162.5840364607327,-1.0666666666666667,True,True,82,22,0,254322,254281,254363,254305,254333,bp,123.1711229946524,28,-1516.0,41,41,3866.0
2095,625.3975948478293,-1.0666666666666667,False,False,66,9,-14,254389,254363,254429,254383,254406,bp,141.19607843137254,23,-187.0,26,40,1695.0
2096,1510.3274360829078,-1.0666666666666667,False,False,68,13,-16,254455,254429,254497,254438,254473,bp,112.9281045751634,35,-2429.0,26,42,4207.0
2097,1253.4606989738293,-1.0666666666666667,True,True,84,2,0,254539,254497,254581,254521,254559,bp,100.2722222222222,38,-882.0,42,42,4738.0
2098,1615.4143722957258,-1.0666666666666667,True,False,78,-12,6,254623,254581,254659,254599,254639,bp,119.35416666666669,40,-2219.0,42,36,3451.0
2099,1042.7247748126686,-1.0666666666666667,True,True,60,15,-32,254673,254659,254719,254667,254701,bp,142.32738095238096,34,-1008.0,14,46,3702.0
2100,721.2104937659433,-1.0666666666666667,True,False,57,15,17,254756,254719,254776,254750,254761,bp,213.06666666666663,11,-363.0,37,20,1836.0
2101,517.4618133957244,-1.0666666666666667,True,False,52,16,-20,254792,254776,254828,254787,254807,bp,115.76666666666668,20,112.0,16,36,1919.0
2102,512.1926249520391,-1.0666666666666667,True,True,52,7,2,254855,254828,254880,254843,254867,bp,98.04166666666666,24,-355.0,27,25,2038.0
2103,795.4836052718034,-1.0666666666666667,True,True,53,4,21,254917,254880,254933,254898,254925,bp,88.42434210526315,27,-867.0,37,16,1862.0
2104,422.68892669449997,-1.0666666666666667,False,False,63,22,5,254967,254933,254996,254956,254976,bp,74.78787878787878,20,-31.0,34,29,2228.0
2105,288.34337812234884,-1.0666666666666667,False,False,33,17,23,255024,254996,255029,255018,255026,bp,147.91666666666669,8,687.0,28,5,1070.0
2106,1342.9634440569266,-1.0666666666666667,False,False,85,5,-13,255065,255029,255114,255051,255084,bp,139.28571428571428,33,-2234.0,36,49,4191.0
2107,1129.5418391183307,-1.0666666666666667,True,True,66,-1,-16,255139,255114,255180,255122,255169,bp,79.1921568627451,47,-1240.0,25,41,3848.0
2108,2706.23457114147,-1.0666666666666667,True,True,84,14,2,255223,255180,255264,255215,255242,bp,322.4967105263158,27,-4471.0,43,41,5989.0
2109,1867.2653462115256,-0.7567567567567568,True,True,66,18,-16,258622,258597,258663,258615,258640,bp,208.3015873015873,25,-1271.0,25,41,3484.0
2110,1850.4044088853611,-0.7567567567567568,False,False,67,1,17,258705,258663,258730,258683,258711,bp,241.0378787878788,28,-2101.0,42,25,4834.0
2111,543.0004135896795,-0.7567567567567568,False,False,50,19,0,258755,258730,258780,258740,258760,bp,92.36666666666667,20,1485.0,25,25,1751.0
2112,2823.386320335529,-0.7567567567567568,False,False,55,-1,3,258809,258780,258835,258799,258824,bp,284.0833333333333,25,-3959.0,29,26,6220.0
2113,959.4598104870934,-0.7567567567567568,True,True,61,-14,13,258872,258835,258896,258848,258884,bp,101.10416666666669,36,-1486.0,37,24,2857.0
2114,389.0016968341076,-0.7567567567567568,False,False,51,8,1,258922,258896,258947,258906,258928,bp,64.02083333333334,22,-586.0,26,25,1780.0
2115,1841.0681853897454,-0.7567567567567568,False,False,50,4,0,258972,258947,258997,258958,258981,bp,221.11904761904762,23,-2531.0,25,25,5467.0
2116,2115.747725402204,-0.7567567567567568,True,True,50,31,-6,259019,258997,259047,259008,259029,bp,214.50454545454545,21,-1683.0,22,28,4495.0
2117,950.0957004448727,-0.7567567567567568,False,False,66,12,16,259088,259047,259113,259081,259094,bp,247.8690476190476,13,-695.0,41,25,2749.0
2118,488.4299832624279,-0.7567567567567568,False,False,51,14,-33,259122,259113,259164,259119,259144,bp,86.86363636363636,25,1390.0,9,42,2693.0
2119,1905.440569430772,-0.7567567567567568,True,True,49,1,9,259193,259164,259213,259183,259207,bp,191.70714285714286,24,-1177.0,29,20,3213.0
2120,857.184068001592,-0.7567567567567568,True,True,67,19,-15,259239,259213,259280,259232,259251,bp,187.4940476190476,19,-743.0,26,41,3051.0
2121,1689.682922879482,-0.7567567567567568,True,True,50,35,0,259305,259280,259330,259289,259310,bp,223.36875,21,-782.0,25,25,3884.0
2122,2956.624671402427,-0.7567567567567568,True,True,69,0,19,259374,259330,259399,259366,259390,bp,333.59375,24,-3929.0,44,25,6237.0
2123,1072.8213349074952,-0.7567567567567568,True,True,81,-16,-29,259425,259399,259480,259414,259460,bp,111.93116883116885,46,-1203.0,26,55,3393.0
2124,1352.6547250609924,-0.7567567567567568,True,True,50,29,0,259505,259480,259530,259490,259515,bp,125.05,25,-798.0,25,25,3101.0
2125,1451.7667037294598,-0.7567567567567568,True,True,83,-11,35,259589,259530,259613,259569,259606,bp,114.5735294117647,37,-2217.0,59,24,4145.0
2126,2581.8518474772904,-0.7567567567567568,False,False,56,8,-2,258634,258607,258663,258619,258648,bp,206.48809523809524,29,-2432.0,27,29,7653.0
2127,944.2442877986141,-0.7567567567567568,False,False,67,-23,19,258706,258663,258730,258685,258723,bp,65.76890756302521,38,2180.0,43,24,1989.0
2128,1787.7427424685416,-0.7567567567567568,False,False,50,11,-10,258750,258730,258780,258738,258761,bp,184.1856060606061,23,-44.0,20,30,4293.0
2129,4771.848050356028,-0.7567567567567568,False,False,66,10,-14,258806,258780,258846,258795,258819,bp,479.75874125874117,24,-6292.0,26,40,11615.0
2130,2409.425003423349,-0.7567567567567568,True,True,49,2,5,258873,258846,258895,258853,258879,bp,221.1,26,-985.0,27,22,3599.0
2131,556.3208865813657,-0.7567567567567568,True,True,51,9,3,258922,258895,258946,258907,258927,bp,123.0,20,-513.0,27,24,2299.0
2132,1951.7176959662268,-0.7567567567567568,True,True,54,5,-2,258972,258946,259000,258956,258980,bp,225.75,24,-1316.0,26,28,5938.0
2133,1118.3076997134654,-0.7567567567567568,False,False,63,-3,-19,259022,259000,259063,259009,259040,bp,141.05341880341882,31,213.0,22,41,1951.0
2134,859.7327270671741,-0.7567567567567568,True,True,35,2,-13,259074,259063,259098,259068,259090,bp,138.20833333333331,22,44.0,11,24,3146.0
2135,2788.663509402491,-0.7567567567567568,True,True,49,9,-1,259122,259098,259147,259114,259136,bp,302.3303571428571,22,-2578.0,24,25,6815.0
2136,1721.8593054533744,-0.7567567567567568,True,True,64,26,-12,259173,259147,259211,259167,259180,bp,291.70238095238096,13,102.0,26,38,3207.0
2137,741.8560884350467,-0.7567567567567568,True,False,69,-12,-15,259238,259211,259280,259219,259258,bp,66.00131578947371,39,595.0,27,42,1775.0
2138,255.97820448033173,-0.7567567567567568,True,False,34,-3,-16,259289,259280,259314,259285,259307,bp,125.41666666666669,22,944.0,9,25,1540.0
2139,517.9460863575409,-0.7567567567567568,False,False,50,-8,0,259339,259314,259364,259326,259355,bp,50.95192307692307,29,1498.0,25,25,2267.0
2140,215.2379259675657,-0.7567567567567568,False,False,32,1,16,259388,259364,259396,259376,259392,bp,132.20833333333334,16,1955.0,24,8,1351.0
2141,328.8696434692135,-0.7567567567567568,False,False,30,1,24,259423,259396,259426,259409,259424,bp,78.60714285714286,15,307.0,27,3,137.0
2142,1215.9392019643888,-0.7567567567567568,False,False,39,3,9,259450,259426,259465,259440,259460,bp,110.15,20,-1266.0,24,15,3399.0
2143,1064.0354697611297,-0.7567567567567568,True,True,49,5,3,259491,259465,259514,259483,259498,bp,211.67857142857144,15,-976.0,26,23,3075.0
2144,569.5818414695686,-0.7567567567567568,True,False,51,10,-33,259523,259514,259565,259518,259544,bp,151.9476190476191,26,210.0,9,42,3045.0
2145,1796.2577279345346,-0.7567567567567568,True,True,64,-3,16,259605,259565,259629,259580,259610,bp,191.54,30,-1155.0,40,24,3376.0
2146,185.65031662965657,0.6857142857142857,False,False,66,-21,18,262839,262797,262863,262817,262852,bp,51.55769230769231,35,-393.0,42,24,2279.0
2147,526.1301187862016,0.6857142857142857,True,True,34,-15,-18,262871,262863,262897,262866,262891,bp,162.92499999999995,25,-145.0,8,26,2406.0
2148,311.92841949968243,0.6857142857142857,False,False,30,5,20,262922,262897,262927,262901,262924,bp,67.23809523809524,23,566.0,25,5,496.0
2149,906.3859616729492,0.6857142857142857,False,False,86,31,-28,262956,262927,263013,262952,262973,bp,148.15441176470586,21,-348.0,29,57,3941.0
2150,925.0558401509436,0.6857142857142857,False,False,55,19,-5,263038,263013,263068,263025,263044,bp,165.9551282051282,19,1435.0,25,30,2876.0
2151,309.53539044305126,0.6857142857142857,False,False,30,19,12,263089,263068,263098,263082,263091,bp,203.0,9,3049.0,21,9,1474.0
2152,635.546657222406,0.6857142857142857,False,False,62,-16,20,263139,263098,263160,263119,263150,bp,59.22954545454545,31,936.0,41,21,755.0
2153,876.6482912367662,0.6857142857142857,False,False,39,0,-19,263170,263160,263199,263165,263190,bp,101.35,25,414.0,10,29,3039.0
2154,1293.9744858580175,0.6857142857142857,True,True,98,18,-10,263243,263199,263297,263215,263257,bp,118.82142857142858,42,-727.0,44,54,4588.0
2155,2361.464527938348,0.6857142857142857,True,True,67,44,3,263332,263297,263364,263317,263345,bp,180.6025641025641,28,-2039.0,35,32,4173.0
2156,1589.0733211974805,0.6857142857142857,True,True,99,29,39,263433,263364,263463,263417,263444,bp,145.57102272727275,27,-1815.0,69,30,3591.0
2157,1159.165324286623,0.6857142857142857,True,True,100,1,18,263522,263463,263563,263500,263534,bp,116.00757575757576,34,-2318.0,59,41,3332.0
2158,1403.8161341450634,0.6857142857142857,True,True,65,15,-15,263588,263563,263628,263569,263595,bp,186.203007518797,26,-3463.0,25,40,3924.0
2159,1216.579093888315,0.6857142857142857,True,True,52,-1,-20,263644,263628,263680,263636,263667,bp,125.44565217391305,31,-1910.0,16,36,3393.0
2160,1091.300669304293,0.6857142857142857,True,True,83,-15,1,263722,263680,263763,263697,263743,bp,77.16190476190476,46,-1885.0,42,41,3392.0
2161,495.0139952623327,0.6857142857142857,False,False,50,-8,6,263791,263763,263813,263774,263807,bp,33.17279411764706,33,-642.0,28,22,1232.0
2162,280.19920749562783,0.6857142857142857,False,False,41,-7,25,262820,262787,262828,262805,262826,bp,63.85,21,-579.0,33,8,1093.0
2163,629.796256394171,0.6857142857142857,False,False,35,-5,11,262851,262828,262863,262840,262857,bp,97.6818181818182,17,-495.0,23,12,2645.0
2164,402.24382139474784,0.6857142857142857,True,True,33,0,-3,262878,262863,262896,262869,262886,bp,132.0625,17,-652.0,15,18,1536.0
2165,394.4127265346599,0.6857142857142857,True,True,50,-29,-6,262918,262896,262946,262903,262942,bp,46.6875,39,-854.0,22,28,1362.0
2166,985.5733532865165,0.6857142857142857,False,False,37,9,-19,262955,262946,262983,262952,262976,bp,149.35714285714286,24,-653.0,9,28,4414.0
2167,576.124851390709,0.6857142857142857,True,True,91,-8,19,263038,262983,263074,263009,263055,bp,55.00912778904666,46,-11.0,55,36,2925.0
2168,373.81530689664527,0.6857142857142857,False,False,61,-7,35,263122,263074,263135,263093,263122,bp,,29,-136.0,48,13,22.0
2169,335.89013087245,0.6857142857142857,False,False,56,14,-16,263155,263135,263191,263144,263168,bp,48.72727272727273,24,-656.0,20,36,2054.0
2170,689.0124328072845,0.6857142857142857,True,False,56,-14,38,263238,263191,263247,263206,263243,bp,136.178125,37,-815.0,47,9,2409.0
2171,767.4357357682663,0.6857142857142857,False,False,65,12,-15,263272,263247,263312,263266,263287,bp,185.6,21,-1390.0,25,40,3346.0
2172,366.6543966478503,0.6857142857142857,False,False,35,-3,9,263334,263312,263347,263320,263341,bp,56.28571428571429,21,912.0,22,13,1738.0
2173,967.903658384016,0.6857142857142857,True,True,48,10,2,263372,263347,263395,263359,263378,bp,123.48076923076924,19,-458.0,25,23,1760.0
2174,1177.9388949529296,0.6857142857142857,True,True,54,4,0,263422,263395,263449,263407,263429,bp,171.03333333333333,22,-2133.0,27,27,3275.0
2175,716.6347396424362,0.6857142857142857,False,False,51,-7,-7,263471,263449,263500,263455,263482,bp,63.93465909090909,27,-1234.0,22,29,1254.0
2176,178.3993050726949,0.6857142857142857,False,False,30,19,-20,263505,263500,263530,263502,263516,bp,104.56060606060606,14,-512.0,5,25,2208.0
2177,861.1454315494293,0.6857142857142857,True,True,87,-3,-35,263556,263530,263617,263549,263590,bp,115.08403361344536,41,-826.0,26,61,2293.0
2178,511.9224379046193,0.6857142857142857,True,True,67,27,-23,263639,263617,263684,263628,263662,bp,79.2490118577075,34,-1091.0,22,45,1960.0
2179,1085.9425174375976,0.6857142857142857,True,True,90,31,18,263738,263684,263774,263723,263745,bp,137.87619047619046,22,-1699.0,54,36,3094.0
2180,729.7063643181833,0.6857142857142857,True,True,73,0,-11,263805,263774,263847,263798,263832,bp,134.2619047619048,34,-1421.0,31,42,3219.0
2181,3302.891866216653,6.46875,False,False,67,6,-5,266261,266230,266297,266253,266277,bp,355.0625,24,-3379.0,31,36,7348.0
2182,1477.110131235396,6.46875,False,False,49,28,-11,266316,266297,266346,266307,266325,bp,169.72222222222226,18,316.0,19,30,2601.0
2183,1422.370877179947,6.46875,True,True,67,11,17,266388,266346,266413,266371,266394,bp,190.85784313725486,23,-1303.0,42,25,3614.0
2184,566.0030307731816,6.46875,True,False,101,0,-17,266455,266413,266514,266428,266481,bp,62.10897435897437,53,31.0,42,59,3058.0
2185,920.0410184904416,6.46875,False,False,50,26,0,266539,266514,266564,266534,266550,bp,173.1,16,940.0,25,25,2241.0
2186,3464.8523439419623,6.46875,False,False,66,1,12,266603,266564,266630,266592,266612,bp,374.05050505050514,20,-4285.0,39,27,7531.0
2187,903.3962259146307,6.46875,False,False,37,-16,3,266650,266630,266667,266633,266663,bp,16.995475113122172,30,2279.0,20,17,242.0
2188,1152.5137338680051,6.46875,False,False,63,23,-27,266685,266667,266730,266677,266695,bp,143.425,18,345.0,18,45,3333.0
2189,803.1721961898503,6.46875,True,True,48,-1,2,266755,266730,266778,266736,266762,bp,106.28195488721805,26,1792.0,25,23,2160.0
2190,1670.0489271288873,6.46875,True,True,52,18,-8,266800,266778,266830,266787,266810,bp,159.9,23,242.0,22,30,3575.0
2191,1458.1214319066185,6.46875,True,False,50,26,24,266867,266830,266880,266851,266875,bp,140.5,24,-226.0,37,13,2534.0
2192,1214.7102779471136,6.46875,True,False,100,3,18,266939,266880,266980,266925,266957,bp,131.5,32,-1138.0,59,41,4908.0
2193,2119.558392424213,6.46875,True,False,50,-2,6,267008,266980,267030,266992,267023,bp,146.35625,31,-767.0,28,22,4605.0
2194,1319.0339790891248,6.46875,True,True,66,16,16,267071,267030,267096,267052,267077,bp,168.59649122807016,25,271.0,41,25,3124.0
2195,764.1743092124333,6.46875,True,True,67,7,17,267138,267096,267163,267118,267143,bp,118.85,25,1217.0,42,25,1851.0
2196,1990.8523299805474,6.46875,True,False,84,11,36,266272,266212,266296,266256,266279,bp,254.48214285714286,23,-3190.0,60,24,5231.0
2197,1302.6428396893825,6.46875,False,False,52,0,8,266326,266296,266348,266313,266339,bp,109.0,26,-766.0,30,22,2745.0
2198,2073.830162938817,6.46875,False,False,65,-5,13,266387,266348,266413,266365,266401,bp,165.11688311688312,36,-3792.0,39,26,5337.0
2199,2093.760102672264,6.46875,True,True,67,8,9,266451,266413,266480,266432,266458,bp,245.06766917293237,26,-2714.0,38,29,5720.0
2200,661.8988901259029,6.46875,True,False,83,-22,27,266535,266480,266563,266492,266541,bp,103.74806201550388,49,-447.0,55,28,2083.0
2201,1451.7213860716154,6.46875,False,False,57,-5,-17,266583,266563,266620,266568,266600,bp,132.24117647058821,32,-2214.0,20,37,4094.0
2202,154.61298376448266,6.46875,False,False,30,7,-2,266634,266620,266650,266627,266639,bp,103.18571428571428,12,812.0,14,16,1765.0
2203,238.7261413312601,6.46875,True,True,27,-3,5,266666,266650,266677,266658,266672,bp,71.95833333333333,14,1294.0,16,11,1330.0
2204,157.75317034854342,6.46875,True,False,36,19,-8,266691,266677,266713,266683,266701,bp,121.1,18,839.0,14,22,1009.0
2205,395.93091208745597,6.46875,True,True,51,16,31,266754,266713,266764,266738,266759,bp,77.6875,21,162.0,41,10,1740.0
2206,440.1304243537842,6.46875,True,True,50,9,30,266804,266764,266814,266796,266807,bp,228.72916666666669,11,-1232.0,40,10,1825.0
2207,525.2975506812675,6.46875,False,False,67,-16,15,266855,266814,266881,266827,266866,bp,65.22240259740259,39,-920.0,41,26,2381.0
2208,2333.6634946827285,6.46875,False,False,49,-8,-1,266905,266881,266930,266889,266916,bp,204.8806818181818,27,-3525.0,24,25,5765.0
2209,930.0276734677292,6.46875,False,False,47,-15,3,266955,266930,266977,266935,266967,bp,74.19166666666666,32,-1338.0,25,22,1371.0
2210,862.0915985227217,6.46875,False,False,55,30,-27,266991,266977,267032,266984,267005,bp,112.60714285714286,21,-1482.0,14,41,3738.0
2211,636.957832617105,6.46875,True,True,64,20,16,267072,267032,267096,267056,267083,bp,62.38920454545455,27,-536.0,40,24,2660.0
2212,1318.2506334064535,6.46875,True,True,66,10,22,267140,267096,267162,267130,267151,bp,197.04090909090908,21,-2227.0,44,22,3498.0
2213,248.44915444203576,-2.0555555555555554,False,False,44,-13,4,272204,272180,272224,272181,272214,bp,-11.167391304347825,33,-2590.0,24,20,277.0
2214,847.1209027071352,-2.0555555555555554,False,False,40,7,-10,272239,272224,272264,272234,272250,bp,194.66363636363639,16,-4376.0,15,25,3636.0
2215,694.1918697528357,-2.0555555555555554,True,True,65,-30,-5,272294,272264,272329,272273,272323,bp,47.3152709359606,50,-3017.0,30,35,2615.0
2216,621.7708847310147,-2.0555555555555554,True,True,50,24,2,272355,272329,272379,272343,272365,bp,89.7,22,-2402.0,26,24,1600.0
2217,388.19352931161836,-2.0555555555555554,False,False,84,1,-6,272418,272379,272463,272411,272440,bp,73.20779220779221,29,-2031.0,39,45,2755.0
2218,416.11889547493865,-2.0555555555555554,False,False,51,-13,23,272500,272463,272514,272470,272508,bp,56.41666666666667,38,-1046.0,37,14,895.0
2219,1016.4941331045444,-2.0555555555555554,False,False,49,31,3,272540,272514,272563,272533,272551,bp,154.23376623376626,18,-3896.0,26,23,2393.0
2220,1040.1158887528536,-2.0555555555555554,True,False,97,9,21,272622,272563,272660,272600,272630,bp,194.38636363636363,30,-5418.0,59,38,4446.0
2221,845.1919089676651,-2.0555555555555554,False,False,99,34,-75,272672,272660,272759,272669,272700,bp,256.04166666666663,31,-3288.0,12,87,4262.0
2222,637.4347818448316,-2.0555555555555554,False,False,42,12,-16,272772,272759,272801,272765,272785,bp,91.27472527472528,20,-1094.0,13,29,2712.0
2223,828.0249466982486,-2.0555555555555554,True,False,78,-16,30,272855,272801,272879,272817,272859,bp,177.66447368421055,42,-2725.0,54,24,2325.0
2224,676.1461934499388,-2.0555555555555554,True,True,51,-19,-9,272900,272879,272930,272885,272918,bp,72.34444444444443,33,-2930.0,21,30,1606.0
2225,306.761442532807,-2.0555555555555554,True,True,31,-4,7,272949,272930,272961,272932,272956,bp,63.058823529411775,24,-2546.0,19,12,1600.0
2226,413.0841404601593,-2.0555555555555554,False,False,42,8,12,272988,272961,273003,272976,272991,bp,148.79166666666666,15,-2413.0,27,15,1645.0
2227,543.3128268896542,-2.0555555555555554,False,False,43,27,-17,273016,273003,273046,273014,273027,bp,148.88636363636363,13,-1522.0,13,30,2357.0
2228,767.6806295925411,-2.0555555555555554,False,False,49,-1,7,273074,273046,273095,273067,273083,bp,161.05555555555554,16,-1812.0,28,21,2416.0
2229,584.8155145793562,-2.0555555555555554,False,False,35,0,-9,273108,273095,273130,273098,273122,bp,92.48571428571431,24,-592.0,13,22,3188.0
2230,921.9577255764633,-2.0555555555555554,True,True,47,21,1,273154,273130,273177,273146,273162,bp,105.6875,16,594.0,24,23,1682.0
2231,327.9603102599688,-2.0555555555555554,False,False,24,5,4,272205,272191,272215,272196,272209,bp,82.8611111111111,13,-3680.0,14,10,960.0
2232,594.7214599361619,-2.0555555555555554,True,False,47,12,-1,272238,272215,272262,272227,272248,bp,86.34545454545454,21,-4441.0,23,24,2729.0
2233,186.12277357919183,-2.0555555555555554,False,False,120,-30,-46,272299,272262,272382,272281,272349,bp,60.92555555555556,68,-3789.0,37,83,3475.0
2234,447.3041924932591,-2.0555555555555554,False,False,48,-8,-34,272389,272382,272430,272387,272414,bp,186.27,27,-1465.0,7,41,2763.0
2235,398.0945889337538,-2.0555555555555554,True,True,31,10,-15,272438,272430,272461,272433,272450,bp,154.26666666666662,17,-386.0,8,23,1915.0
2236,343.5685684097982,-2.0555555555555554,False,False,40,6,26,272494,272461,272501,272477,272497,bp,109.54901960784315,20,-797.0,33,7,905.0
2237,647.328385241788,-2.0555555555555554,False,False,61,-18,15,272539,272501,272562,272523,272558,bp,112.63651315789473,35,-3537.0,38,23,2171.0
2238,448.2117056851854,-2.0555555555555554,True,True,50,-6,4,272589,272562,272612,272575,272598,bp,80.3611111111111,23,-4447.0,27,23,1766.0
2239,320.69171422288014,-2.0555555555555554,True,False,57,15,-39,272621,272612,272669,272615,272636,bp,85.5,21,-4071.0,9,48,2244.0
2240,1120.2624708653152,-2.0555555555555554,False,False,47,-5,-19,272683,272669,272716,272672,272702,bp,121.99521531100477,30,-4238.0,14,33,4927.0
2241,317.1362268513648,-2.0555555555555554,False,False,33,2,13,272739,272716,272749,272727,272743,bp,80.125,16,58.0,23,10,1598.0
2242,102.96444598193364,-2.0555555555555554,False,False,48,9,-2,272772,272749,272797,272761,272784,bp,51.80681818181818,23,257.0,23,25,339.0
2243,678.0389492496312,-2.0555555555555554,False,False,68,14,20,272841,272797,272865,272816,272850,bp,112.20888888888888,34,-2562.0,44,24,2257.0
2244,887.4689268902404,-2.0555555555555554,False,False,71,-13,33,272917,272865,272936,272898,272928,bp,72.84210526315789,30,-3727.0,52,19,1080.0
2245,668.7922815419989,-2.0555555555555554,False,False,33,3,5,272955,272936,272969,272945,272961,bp,163.16666666666669,16,-3745.0,19,14,3428.0
2246,915.7113693421193,-2.0555555555555554,True,True,40,10,-2,272988,272969,273009,272980,272993,bp,261.85,13,-3709.0,19,21,3251.0
2247,798.0258492420534,-2.0555555555555554,True,True,39,-6,19,273038,273009,273048,273016,273041,bp,225.04545454545456,25,-2541.0,29,10,2566.0
2248,458.48013865665655,-2.0555555555555554,False,False,98,-23,-18,273088,273048,273146,273060,273117,bp,73.63300492610838,57,-2396.0,40,58,6092.0
2249,1355.6548957720522,-1.9393939393939394,True,True,67,-10,-7,274609,274579,274646,274585,274623,bp,97.42559523809523,38,634.0,30,37,3858.0
2250,698.1905728014143,-1.9393939393939394,True,False,65,13,-45,274656,274646,274711,274651,274682,bp,167.46923076923073,31,1919.0,10,55,1343.0
2251,436.432702262968,-1.9393939393939394,False,False,69,3,-21,274735,274711,274780,274726,274759,bp,63.28472222222222,33,1935.0,24,45,2182.0
2252,2122.078979229719,-1.9393939393939394,False,False,52,-3,-2,274805,274780,274832,274795,274823,bp,212.44444444444446,28,-1268.0,25,27,4763.0
2253,944.1873441473593,-1.9393939393939394,True,True,64,-4,-18,274855,274832,274896,274848,274883,bp,155.60714285714286,35,-36.0,23,41,2342.0
2254,765.3230706353318,-1.9393939393939394,True,True,51,16,1,274922,274896,274947,274914,274932,bp,117.0875,18,495.0,26,25,2065.0
2255,195.69533409177663,-1.9393939393939394,True,False,34,5,16,274972,274947,274981,274966,274977,bp,129.13333333333333,11,951.0,25,9,1169.0
2256,356.5662592784369,-1.9393939393939394,True,False,82,-24,-14,275015,274981,275063,274993,275049,bp,35.55614973262033,56,367.0,34,48,2149.0
2257,738.9911477033593,-1.9393939393939394,True,True,50,19,2,275089,275063,275113,275081,275101,bp,117.20833333333331,20,176.0,26,24,1507.0
2258,416.72366994588214,-1.9393939393939394,True,True,83,10,1,275155,275113,275196,275140,275169,bp,62.711904761904755,29,-317.0,42,41,3167.0
2259,600.3718360056597,-1.9393939393939394,False,False,67,29,-17,275221,275196,275263,275208,275233,bp,36.967948717948715,25,1149.0,25,42,1846.0
2260,1326.4770834874075,-1.9393939393939394,False,False,68,-4,16,275305,275263,275331,275287,275319,bp,114.40079365079364,32,-1054.0,42,26,2993.0
2261,1376.891945808192,-1.9393939393939394,True,True,53,10,-5,275355,275331,275384,275347,275368,bp,198.0817307692308,21,-1699.0,24,29,3485.0
2262,751.9589715838489,-1.9393939393939394,True,True,46,13,-4,275405,275384,275430,275399,275417,bp,156.04166666666666,18,-539.0,21,25,2081.0
2263,317.689161459178,-1.9393939393939394,True,True,67,2,-17,275455,275430,275497,275448,275479,bp,87.84523809523809,31,-191.0,25,42,1816.0
2264,1351.460823476118,-1.9393939393939394,True,True,65,23,-17,275521,275497,275562,275512,275531,bp,180.01111111111112,19,-1405.0,24,41,3771.0
2265,1888.0110696256797,-1.9393939393939394,True,True,61,-12,11,274605,274569,274630,274582,274619,bp,120.72826086956522,37,-304.0,36,25,4027.0
2266,1667.886213493777,-1.9393939393939394,True,False,62,-4,14,274668,274630,274692,274644,274673,bp,156.5125,29,-871.0,38,24,2863.0
2267,615.0771765350053,-1.9393939393939394,True,True,38,-5,-12,274705,274692,274730,274698,274723,bp,87.42857142857143,25,295.0,13,25,1995.0
2268,1519.8027063288002,-1.9393939393939394,False,False,49,0,1,274755,274730,274779,274743,274767,bp,142.125,24,537.0,25,24,4999.0
2269,3121.946688912304,-1.9393939393939394,True,True,52,0,0,274805,274779,274831,274791,274821,bp,231.78571428571428,30,-3026.0,26,26,5006.0
2270,1707.5891488844766,-1.9393939393939394,True,True,64,8,8,274867,274831,274895,274851,274874,bp,237.94642857142856,23,-3222.0,36,28,4260.0
2271,1349.9562184646088,-1.9393939393939394,True,True,45,9,1,274918,274895,274940,274905,274926,bp,201.5480769230769,21,-2668.0,23,22,4079.0
2272,537.2002946457069,-1.9393939393939394,True,True,57,-18,7,274972,274940,274997,274956,274991,bp,69.47861842105263,35,-1205.0,32,25,3082.0
2273,961.138864468525,-1.9393939393939394,True,False,49,-13,31,275037,274997,275046,275008,275042,bp,156.74137931034485,34,-1063.0,40,9,2967.0
2274,1137.4908711549754,-1.9393939393939394,True,False,52,1,-2,275071,275046,275098,275063,275092,bp,151.42857142857142,29,-1469.0,25,27,2603.0
2275,819.3497280815616,-1.9393939393939394,False,False,98,29,-18,275138,275098,275196,275122,275148,bp,125.5875,26,-2809.0,40,58,4355.0
2276,941.4331665546747,-1.9393939393939394,False,False,51,-29,3,275223,275196,275247,275203,275243,bp,74.15,40,-448.0,27,24,3620.0
2277,1251.1081649179034,-1.9393939393939394,True,True,54,-8,28,275288,275247,275301,275254,275293,bp,150.06764705882352,39,-456.0,41,13,2807.0
2278,1185.617419201124,-1.9393939393939394,True,True,79,33,-5,275338,275301,275380,275324,275349,bp,139.17532467532467,25,-1483.0,37,42,3669.0
2279,1087.5878234807878,-1.9393939393939394,True,True,64,3,18,275421,275380,275444,275407,275426,bp,187.6642857142857,19,-1724.0,41,23,2872.0
2280,641.400634271031,-1.9393939393939394,True,True,52,1,2,275471,275444,275496,275448,275475,bp,133.67391304347825,27,-1218.0,27,25,1778.0
2281,1484.4775308677868,-1.9393939393939394,False,False,50,20,-20,275511,275496,275546,275503,275526,bp,135.6125,23,-1298.0,15,35,4600.0
2282,634.5914173340278,-1.8,True,True,63,8,-19,278705,278683,278746,278699,278721,bp,122.96875,22,548.0,22,41,1753.0
2283,743.5176318421304,-1.8,True,True,49,-19,5,278773,278746,278795,278751,278788,bp,64.68636363636364,37,186.0,27,22,2505.0
2284,702.4223769070361,-1.8,True,True,51,-5,3,278822,278795,278846,278806,278838,bp,53.3125,32,-296.0,27,24,2048.0
2285,962.7857108345185,-1.8,True,True,50,-6,0,278871,278846,278896,278865,278888,bp,125.31372549019608,23,-324.0,25,25,2849.0
2286,1348.5254177199602,-1.8,True,True,50,-2,0,278921,278896,278946,278905,278928,bp,151.42857142857144,23,-1140.0,25,25,2862.0
2287,376.04002930570863,-1.8,True,True,34,-14,-18,278954,278946,278980,278949,278976,bp,108.5681818181818,27,1.0,8,26,1665.0
2288,206.76622364674301,-1.8,True,True,49,-5,1,279005,278980,279029,278989,279017,bp,12.291666666666664,28,531.0,25,24,907.0
2289,715.9448210317413,-1.8,True,True,34,4,16,279054,279029,279063,279040,279058,bp,143.92857142857142,18,-165.0,25,9,2565.0
2290,865.0630869876022,-1.8,True,False,50,4,32,279104,279063,279113,279080,279108,bp,155.375,28,-650.0,41,9,2152.0
2291,358.81667455988594,-1.8,True,False,100,-23,16,279171,279113,279213,279140,279190,bp,50.044142614601014,50,-813.0,58,42,2289.0
2292,522.6174527956036,-1.8,True,False,45,17,-27,279222,279213,279258,279217,279233,bp,118.71818181818182,16,-185.0,9,36,1646.0
2293,898.3100401707889,-1.8,True,False,54,20,-4,279283,279258,279312,279266,279297,bp,98.99579831932772,31,-1182.0,25,29,2030.0
2294,814.2802259594505,-1.8,True,False,101,-11,17,279371,279312,279413,279348,279389,bp,82.75241545893721,41,-2833.0,59,42,3486.0
2295,1542.7516703154415,-1.8,True,False,50,21,-2,279437,279413,279463,279419,279443,bp,221.5555555555556,24,-2295.0,24,26,4245.0
2296,428.9684340519317,-1.8,True,False,84,0,2,279506,279463,279547,279488,279523,bp,22.00490196078432,35,-230.0,43,41,1689.0
2297,1240.0044206035275,-1.8,True,True,55,19,-7,279571,279547,279602,279558,279578,bp,180.62087912087912,20,-1263.0,24,31,4141.0
2298,2779.7317688420644,-1.8,True,True,60,-2,2,279633,279602,279662,279617,279644,bp,200.67329545454544,27,-2925.0,31,29,5199.0
2299,397.90553947815283,-1.8,True,False,67,-34,15,278671,278630,278697,278641,278691,bp,28.78333333333333,50,-2432.0,41,26,1966.0
2300,777.8907052590333,-1.8,True,True,49,2,3,278723,278697,278746,278707,278734,bp,70.42613636363636,27,-2552.0,26,23,2307.0
2301,171.03911317144951,-1.8,False,False,51,-1,-1,278771,278746,278797,278763,278783,bp,51.41666666666666,20,-1622.0,25,26,652.0
2302,290.2240678851952,-1.8,False,False,83,19,-35,278821,278797,278880,278802,278836,bp,57.04736842105264,34,-2944.0,24,59,2713.0
2303,381.44830851692063,-1.8,True,True,50,-23,6,278908,278880,278930,278889,278927,bp,37.526315789473685,38,-1593.0,28,22,1501.0
2304,331.37454385612745,-1.8,True,False,50,-25,32,278971,278930,278980,278942,278976,bp,92.73448275862069,34,-2015.0,41,9,1814.0
2305,351.70173006495935,-1.8,True,True,45,6,-7,278999,278980,279025,278985,279006,bp,97.82142857142858,21,-1554.0,19,26,2120.0
2306,842.8251316310124,-1.8,True,True,37,25,-11,279038,279025,279062,279033,279044,bp,278.55,11,-1977.0,13,24,3510.0
2307,2035.502710154973,-1.8,True,True,54,18,0,279089,279062,279116,279080,279096,bp,316.0555555555556,16,-3158.0,27,27,4840.0
2308,685.7303346504776,-1.8,False,False,80,-4,-4,279154,279116,279196,279130,279167,bp,89.21634615384615,37,-1750.0,38,42,2305.0
2309,408.71248061639517,-1.8,False,False,67,4,-43,279208,279196,279263,279200,279233,bp,61.2975,33,-169.0,12,55,2693.0
2310,1118.6601631539802,-1.8,True,False,51,-23,21,279299,279263,279314,279270,279309,bp,87.22413793103449,39,-1238.0,36,15,2628.0
2311,752.9445483985355,-1.8,True,True,51,4,-3,279338,279314,279365,279325,279350,bp,87.35576923076924,25,-1441.0,24,27,2573.0
2312,1164.1814272828994,-1.8,True,True,48,3,-2,279388,279365,279413,279379,279402,bp,153.36904761904762,23,-1642.0,23,25,3554.0
2313,1597.5292815026041,-1.8,True,False,66,23,-24,279434,279413,279479,279428,279447,bp,277.9679487179488,19,-2412.0,21,45,4533.0
2314,1416.4104142837646,-1.8,True,False,38,-2,12,279504,279479,279517,279489,279511,bp,177.0,22,-2573.0,25,13,2950.0
2315,595.8027800288294,-1.8,True,False,79,-7,-39,279537,279517,279596,279531,279570,bp,125.8560606060606,39,-1800.0,20,59,3121.0
2316,906.8754407862808,-1.8,True,True,50,5,0,279621,279596,279646,279602,279634,bp,82.53036437246962,32,-2093.0,25,25,1937.0
2317,1266.0261468908568,3.323529411764706,True,True,50,-11,14,282944,282912,282962,282920,282955,bp,108.2840909090909,35,-467.0,32,18,3009.0
2318,377.31865621980035,3.323529411764706,True,True,34,11,18,282988,282962,282996,282979,282992,bp,108.11111111111113,13,947.0,26,8,1093.0
2319,1321.3451980363602,3.323529411764706,False,False,66,4,-18,283020,282996,283062,283016,283040,bp,202.375,24,181.0,24,42,3942.0
2320,745.3304618400027,3.323529411764706,True,True,84,-4,2,283105,283062,283146,283068,283116,bp,87.04914004914005,48,1249.0,43,41,2537.0
2321,1271.7599540637289,3.323529411764706,False,False,55,16,-5,283171,283146,283201,283160,283178,bp,160.8181818181818,18,711.0,25,30,3066.0
2322,95.36157140657387,3.323529411764706,False,False,28,28,14,283222,283201,283229,283212,283226,bp,82.1,14,2915.0,21,7,731.0
2323,1858.2970454396936,3.323529411764706,False,False,100,-4,18,283288,283229,283329,283268,283304,bp,154.0875,36,-2561.0,59,41,4858.0
2324,1108.7196114390388,3.323529411764706,True,False,54,-11,28,283370,283329,283383,283336,283375,bp,149.43823529411762,39,-803.0,41,13,2765.0
2325,802.0464749802134,3.323529411764706,True,False,81,3,1,283424,283383,283464,283403,283455,bp,43.93932411674348,52,-196.0,41,40,4260.0
2326,2449.9300701180555,3.323529411764706,True,False,82,14,32,283521,283464,283546,283510,283528,bp,338.32467532467535,18,-1695.0,57,25,5847.0
2327,1806.4169193324826,3.323529411764706,False,False,54,-9,-2,283572,283546,283600,283560,283586,bp,179.19047619047618,26,-907.0,26,28,4083.0
2328,565.528234396881,3.323529411764706,False,False,30,-1,4,283617,283600,283630,283603,283626,bp,94.07142857142857,23,1781.0,17,13,2339.0
2329,690.6598653814757,3.323529411764706,False,False,49,1,1,283655,283630,283679,283648,283666,bp,99.85064935064936,18,1792.0,25,24,1262.0
2330,803.2920206274637,3.323529411764706,False,False,37,10,15,283705,283679,283716,283685,283709,bp,104.775,24,-800.0,26,11,1008.0
2331,181.59405795402242,3.323529411764706,False,False,130,-27,-20,283771,283716,283846,283743,283815,bp,45.52435064935065,72,-1118.0,55,75,3844.0
2332,628.7687144803123,3.323529411764706,False,False,45,7,5,283871,283846,283891,283860,283881,bp,94.71818181818182,21,-38.0,25,20,931.0
2333,1716.634570255005,3.323529411764706,False,False,51,39,1,282938,282912,282963,282930,282949,bp,263.8693181818182,19,-2995.0,26,25,3633.0
2334,940.0490806553616,3.323529411764706,True,False,100,-21,16,283021,282963,283063,283007,283049,bp,91.875,42,-2750.0,58,42,3889.0
2335,1172.3087444083071,3.323529411764706,True,False,55,-16,-1,283090,283063,283118,283070,283108,bp,77.99444444444444,38,-2625.0,27,28,2264.0
2336,644.4707807187144,3.323529411764706,False,False,61,5,-21,283138,283118,283179,283130,283157,bp,101.06578947368422,27,-1916.0,20,41,4107.0
2337,882.6980341680946,3.323529411764706,False,False,66,0,18,283221,283179,283245,283189,283232,bp,75.88210227272728,43,-659.0,42,24,1508.0
2338,888.213952919609,3.323529411764706,False,False,68,-26,18,283288,283245,283313,283275,283308,bp,100.59807692307692,33,-2885.0,43,25,2223.0
2339,171.88081852853603,3.323529411764706,False,False,66,14,-46,283323,283313,283379,283315,283343,bp,87.775,28,-1664.0,10,56,3864.0
2340,1161.9241897666075,3.323529411764706,True,True,49,-5,5,283406,283379,283428,283385,283416,bp,100.40476190476191,31,-946.0,27,22,2493.0
2341,1135.3020248936639,3.323529411764706,True,True,69,1,-11,283457,283428,283497,283442,283475,bp,94.88888888888887,33,-1331.0,29,40,3654.0
2342,2031.552954804838,3.323529411764706,False,False,50,-11,-2,283521,283497,283547,283509,283538,bp,159.5343137254902,29,-2161.0,24,26,4521.0
2343,678.0404133723381,3.323529411764706,False,False,49,4,1,283572,283547,283596,283556,283583,bp,88.49147727272727,27,668.0,25,24,2097.0
2344,780.1364363324809,3.323529411764706,True,True,39,8,13,283622,283596,283635,283614,283627,bp,195.075,13,31.0,26,13,2383.0
2345,1242.7529452898848,3.323529411764706,True,True,58,-3,2,283665,283635,283693,283648,283677,bp,92.89705882352942,29,-172.0,30,28,2979.0
2346,934.6993950669294,3.323529411764706,False,False,60,0,-4,283721,283693,283753,283703,283732,bp,78.67929292929294,29,-1388.0,28,32,1061.0
2347,666.8477605726308,3.323529411764706,False,False,38,6,-10,283767,283753,283791,283761,283774,bp,161.72619047619048,13,-2171.0,14,24,2891.0
2348,343.9247961541332,3.323529411764706,False,False,25,16,1,283804,283791,283816,283793,283805,bp,99.95454545454544,12,67.0,13,12,711.0
2349,444.0631260223542,3.323529411764706,False,False,37,16,7,283838,283816,283853,283833,283840,bp,162.65,7,-232.0,22,15,1345.0
2350,1261.7246013081715,3.323529411764706,False,False,43,0,19,283884,283853,283896,283863,283889,bp,127.3047619047619,26,-2312.0,31,12,1903.0
2351,1911.1418435791406,-0.6071428571428571,True,True,83,9,3,286872,286829,286912,286853,286889,bp,133.92569659442725,36,351.0,43,40,4539.0
2352,1467.044657870582,-0.6071428571428571,True,True,83,27,3,286955,286912,286995,286934,286972,bp,133.12885154061624,38,-756.0,43,40,4622.0
2353,2041.5216613786752,-0.6071428571428571,True,False,117,13,1,287054,286995,287112,287037,287072,bp,172.31045751633988,35,-3491.0,59,58,4995.0
2354,1723.5782975954269,-0.6071428571428571,False,False,50,-14,2,287138,287112,287162,287120,287152,bp,118.78571428571428,32,-2079.0,26,24,3950.0
2355,419.77262614892237,-0.6071428571428571,False,False,67,-28,-27,287182,287162,287229,287170,287215,bp,61.68560606060606,45,-42.0,20,47,2732.0
2356,824.8076239030887,-0.6071428571428571,False,False,66,18,-50,287237,287229,287295,287232,287263,bp,123.76923076923076,31,1253.0,8,58,3936.0
2357,1355.5986347829598,-0.6071428571428571,True,False,84,38,-32,287321,287295,287379,287312,287333,bp,238.01388888888889,21,-28.0,26,58,2822.0
2358,883.435225032758,-0.6071428571428571,True,False,50,8,0,287404,287379,287429,287392,287412,bp,130.625,20,777.0,25,25,2611.0
2359,679.3241017855054,-0.6071428571428571,True,True,50,15,2,287455,287429,287479,287440,287458,bp,137.5,18,733.0,26,24,1537.0
2360,574.1243971351405,-0.6071428571428571,True,True,67,-6,-17,287504,287479,287546,287491,287530,bp,53.5,39,883.0,25,42,2773.0
2361,1112.7372852484802,-0.6071428571428571,True,True,68,8,-10,287575,287546,287614,287563,287601,bp,116.16987179487178,38,-203.0,29,39,2602.0
2362,913.4620511099464,-0.6071428571428571,False,False,99,2,-17,287655,287614,287713,287647,287689,bp,172.30514705882354,42,-1590.0,41,58,1971.0
2363,470.88656985421403,-0.6071428571428571,True,False,94,-23,22,287771,287713,287807,287733,287785,bp,52.62593984962406,52,-1873.0,58,36,2002.0
2364,2108.3026613579223,-0.6071428571428571,True,True,68,2,-16,286871,286845,286913,286855,286889,bp,147.12152777777774,34,-1689.0,26,42,4565.0
2365,1824.548607737128,-0.6071428571428571,True,True,67,8,-17,286938,286913,286980,286925,286966,bp,133.19368131868129,41,-1160.0,25,42,5710.0
2366,1589.5398006841672,-0.6071428571428571,True,True,83,0,31,287037,286980,287063,287015,287055,bp,135.24494949494948,40,-2121.0,57,26,4474.0
2367,1970.3420477352408,-0.6071428571428571,True,True,83,5,1,287105,287063,287146,287095,287124,bp,163.53421052631575,29,-1787.0,42,41,4557.0
2368,2793.3904745684144,-0.6071428571428571,True,True,66,5,-16,287171,287146,287212,287158,287186,bp,221.9435897435897,28,-3339.0,25,41,6316.0
2369,811.1821698259391,-0.6071428571428571,True,False,83,-15,-31,287238,287212,287295,287219,287279,bp,73.75673940949936,60,-415.0,26,57,4640.0
2370,1299.255605796512,-0.6071428571428571,True,False,85,-6,33,287354,287295,287380,287324,287364,bp,137.53333333333333,40,-816.0,59,26,3910.0
2371,1358.513870197488,-0.6071428571428571,False,False,49,3,1,287405,287380,287429,287398,287417,bp,198.45833333333331,19,-1218.0,25,24,1854.0
2372,378.32944527323855,-0.6071428571428571,False,False,34,1,6,287449,287429,287463,287439,287459,bp,38.2,20,32.0,20,14,1761.0
2373,1115.0629259889142,-0.6071428571428571,True,True,51,14,31,287504,287463,287514,287480,287508,bp,187.14583333333331,28,-1108.0,41,10,2495.0
2374,1157.133369456558,-0.6071428571428571,True,True,82,-8,22,287566,287514,287596,287550,287583,bp,103.16176470588236,33,-1529.0,52,30,3933.0
2375,788.3647782398515,-0.6071428571428571,True,True,67,0,-17,287621,287596,287663,287608,287646,bp,65.13538461538461,38,88.0,25,42,2912.0
2376,1043.0887743707692,-0.6071428571428571,True,True,49,7,33,287704,287663,287712,287684,287708,bp,134.25,24,231.0,41,8,1913.0
2377,553.7537975489863,-0.6071428571428571,False,False,73,-18,45,287771,287712,287785,287739,287775,bp,155.34375,36,-1151.0,59,14,2269.0
2378,318.78694697577293,-0.6071428571428571,False,False,31,11,-3,287799,287785,287816,287793,287807,bp,42.708333333333336,14,1.0,14,17,1402.0
2379,1308.047245742088,-1.0,False,False,59,13,-23,290687,290669,290728,290681,290709,bp,137.71969696969697,28,384.0,18,41,2728.0
2380,1482.8576995100836,-1.0,False,False,85,22,1,290771,290728,290813,290750,290779,bp,236.74702380952382,29,-2932.0,43,42,5650.0
2381,903.698833859702,-1.0,True,True,83,-27,-33,290838,290813,290896,290830,290879,bp,142.3125,49,-956.0,25,58,3556.0
2382,715.3705152477974,-1.0,True,True,83,-14,-33,290921,290896,290979,290901,290959,bp,51.33815789473685,58,192.0,25,58,3112.0
2383,1723.6695512309238,-1.0,True,True,84,14,0,291021,290979,291063,291003,291040,bp,142.24561403508773,37,-2197.0,42,42,4836.0
2384,901.335729084498,-1.0,False,False,72,11,12,291105,291063,291135,291091,291117,bp,88.2738095238095,26,-9.0,42,30,2096.0
2385,1402.5391022529514,-1.0,False,False,61,-14,11,291171,291135,291196,291154,291188,bp,103.08823529411764,34,-2121.0,36,25,3226.0
2386,1144.5785917814053,-1.0,True,True,68,22,-20,291220,291196,291264,291208,291233,bp,141.63461538461542,25,-2356.0,24,44,3676.0
2387,1623.008330193064,-1.0,True,True,66,-1,-10,291292,291264,291330,291280,291311,bp,131.2828947368421,31,-1702.0,28,38,5383.0
2388,905.3039012188524,-1.0,False,False,66,-31,16,291371,291330,291396,291341,291390,bp,50.11315789473685,49,-421.0,41,25,1275.0
2389,985.1965395488107,-1.0,False,False,66,-15,8,291433,291396,291462,291408,291444,bp,106.1018181818182,36,-1726.0,37,29,3826.0
2390,822.0666442077762,-1.0,False,False,38,9,-8,291477,291462,291500,291465,291488,bp,96.4659090909091,23,79.0,15,23,2186.0
2391,1544.0576498235687,-1.0,False,False,66,19,0,291533,291500,291566,291520,291545,bp,164.10576923076925,25,-2510.0,33,33,3320.0
2392,570.6051038775993,-1.0,False,False,63,14,13,291604,291566,291629,291589,291609,bp,96.8,20,-785.0,38,25,1600.0
2393,370.46056850853694,-1.0,False,False,33,7,19,291655,291629,291662,291643,291659,bp,95.125,16,-1266.0,26,7,904.0
2394,1387.7456779524607,-1.0,True,True,53,39,-19,290692,290675,290728,290683,290703,bp,143.64646464646466,20,-1201.0,17,36,3059.0
2395,2350.9490643975987,-1.0,True,True,71,-2,17,290772,290728,290799,290762,290789,bp,205.77352941176468,27,-3088.0,44,27,5620.0
2396,2241.6990955385872,-1.0,True,True,43,21,3,290822,290799,290842,290814,290829,bp,383.00892857142856,15,-3581.0,23,20,4725.0
2397,1430.9415798297046,-1.0,True,True,70,14,-8,290873,290842,290912,290865,290889,bp,186.0,24,-2552.0,31,39,4006.0
2398,1855.5811290798404,-1.0,True,True,66,6,-14,290938,290912,290978,290927,290954,bp,175.3409090909091,27,-2408.0,26,40,5758.0
2399,2480.7100694541355,-1.0,True,False,57,-2,-3,291005,290978,291035,290987,291016,bp,192.01262626262627,29,-3318.0,27,30,4442.0
2400,561.9182200703125,-1.0,True,False,31,10,1,291051,291035,291066,291043,291058,bp,108.08928571428572,15,-1150.0,16,15,1430.0
2401,413.9151927226122,-1.0,True,False,63,17,13,291104,291066,291129,291083,291113,bp,86.73015873015873,30,-1973.0,38,25,1740.0
2402,1581.0926050858886,-1.0,True,True,66,0,16,291170,291129,291195,291160,291184,bp,163.1857142857143,24,-3357.0,41,25,5037.0
2403,969.4606327460808,-1.0,False,False,40,8,12,291221,291195,291235,291208,291224,bp,131.0128205128205,16,-841.0,26,14,995.0
2404,661.9335668563716,-1.0,True,True,44,14,-6,291254,291235,291279,291248,291260,bp,129.16666666666669,12,-1158.0,19,25,2225.0
2405,1599.289622418025,-1.0,True,True,55,0,-13,291300,291279,291334,291286,291319,bp,114.02819548872179,33,-2013.0,21,34,4499.0
2406,1441.17548196957,-1.0,False,False,62,-1,12,291371,291334,291396,291352,291381,bp,142.25263157894742,29,-2593.0,37,25,1713.0
2407,369.80096727332494,-1.0,True,True,50,2,2,291422,291396,291446,291409,291432,bp,90.27692307692308,23,-2325.0,26,24,2452.0
2408,1398.1843532060416,-1.0,False,False,45,11,-7,291465,291446,291491,291457,291476,bp,142.76704545454544,19,-1625.0,19,26,4575.0
2409,1755.7604899639425,-1.0,True,True,55,4,13,291525,291491,291546,291506,291533,bp,161.0296052631579,27,-1813.0,34,21,3518.0
2410,281.5945674780432,-1.0,True,False,79,13,5,291588,291546,291625,291564,291591,bp,103.39583333333334,27,-386.0,42,37,1320.0
2411,134.92235927395552,-1.0,True,False,21,0,3,291637,291625,291646,291631,291641,bp,195.91666666666669,10,-1025.0,12,9,1835.0
2412,188.70419985808869,-1.0,True,False,32,13,-14,291655,291646,291678,291651,291664,bp,160.22222222222226,13,-974.0,9,23,1289.0
2413,941.398584131142,-4.064516129032258,True,True,51,31,1,294288,294262,294313,294280,294292,bp,205.75,12,1238.0,26,25,1860.0
2414,949.8994631467492,-4.064516129032258,True,True,67,-12,41,294367,294313,294380,294335,294374,bp,108.86830357142857,39,-75.0,54,13,2717.0
2415,538.5679738813611,-4.064516129032258,True,False,96,-34,20,294438,294380,294476,294401,294459,bp,38.891248391248396,58,255.0,58,38,2483.0
2416,976.4328024166111,-4.064516129032258,False,False,37,8,-11,294489,294476,294513,294483,294505,bp,135.89583333333331,22,420.0,13,24,1694.0
2417,1592.855577680667,-4.064516129032258,False,False,83,9,-11,294549,294513,294596,294535,294572,bp,131.7996894409938,37,-1887.0,36,47,5077.0
2418,2449.279196772784,-4.064516129032258,False,False,67,-2,11,294635,294596,294663,294618,294648,bp,217.11085972850682,30,-3606.0,39,28,5536.0
2419,800.6985149697275,-4.064516129032258,False,False,100,7,-48,294689,294663,294763,294676,294724,bp,61.68571428571428,48,104.0,26,74,3599.0
2420,1065.1133402534856,-4.064516129032258,False,False,48,46,0,294787,294763,294811,294779,294793,bp,165.64583333333331,14,1408.0,24,24,2691.0
2421,1378.4518156561905,-4.064516129032258,False,False,102,9,18,294871,294811,294913,294853,294890,bp,126.4502923976608,37,-1827.0,60,42,3293.0
2422,877.4552903362005,-4.064516129032258,True,True,66,-12,16,294954,294913,294979,294936,294970,bp,81.9826388888889,34,-1513.0,41,25,2745.0
2423,337.30407600530447,-4.064516129032258,True,True,50,0,0,295004,294979,295029,294992,295013,bp,126.51388888888887,21,-835.0,25,25,1650.0
2424,1260.7085991771255,-4.064516129032258,False,False,50,50,-32,295038,295029,295079,295034,295056,bp,196.75,22,-1301.0,9,41,4357.0
2425,2265.582541982331,-4.064516129032258,False,False,84,2,36,295139,295079,295163,295128,295146,bp,373.7922077922078,18,-5945.0,60,24,5306.0
2426,794.999147145729,-4.064516129032258,False,False,49,33,-31,295172,295163,295212,295166,295190,bp,152.77777777777774,24,-2155.0,9,40,5314.0
2427,376.33431878301684,-4.064516129032258,False,False,50,5,6,294241,294213,294263,294222,294255,bp,47.50375939849625,33,2505.0,28,22,2438.0
2428,515.1078707273516,-4.064516129032258,False,False,53,20,31,294305,294263,294316,294293,294310,bp,103.01666666666668,17,2753.0,42,11,1445.0
2429,955.5725387080021,-4.064516129032258,False,False,63,28,13,294354,294316,294379,294347,294360,bp,245.5833333333333,13,714.0,38,25,2996.0
2430,575.2210304922952,-4.064516129032258,False,False,65,3,-11,294406,294379,294444,294401,294422,bp,165.64375,21,1526.0,27,38,3070.0
2431,692.4344710477734,-4.064516129032258,False,False,47,-7,-21,294457,294444,294491,294446,294477,bp,47.31818181818181,31,3581.0,13,34,1827.0
2432,1903.2391714139053,-4.064516129032258,False,False,55,-14,-17,294510,294491,294546,294501,294533,bp,197.6256038647343,32,-185.0,19,36,3759.0
2433,482.59639568625937,-4.064516129032258,False,False,56,18,-30,294559,294546,294602,294551,294582,bp,74.32065217391305,31,1777.0,13,43,2432.0
2434,2271.7341766151003,-4.064516129032258,True,False,64,1,14,294641,294602,294666,294631,294655,bp,194.99285714285716,24,-201.0,39,25,5395.0
2435,1171.9453620173392,-4.064516129032258,True,False,63,16,-19,294688,294666,294729,294680,294708,bp,180.8375,28,801.0,22,41,3167.0
2436,1091.9411092240823,-4.064516129032258,False,False,82,-19,0,294770,294729,294811,294752,294792,bp,95.88383838383841,40,-234.0,41,41,3310.0
2437,733.2939693061603,-4.064516129032258,False,False,37,0,-17,294821,294811,294848,294813,294837,bp,101.5625,24,1607.0,10,27,3022.0
2438,2094.35900735699,-4.064516129032258,True,True,64,23,-18,294871,294848,294912,294861,294884,bp,220.76153846153846,23,-811.0,23,41,4205.0
2439,1700.5885833755947,-4.064516129032258,True,True,100,9,-46,294939,294912,295012,294930,294972,bp,206.4090909090909,42,-2179.0,27,73,5733.0
2440,1639.825745227433,-4.064516129032258,True,True,61,-11,-9,295038,295012,295073,295023,295059,bp,93.58571428571429,36,-79.0,26,35,3527.0
2441,2045.887675680654,-4.064516129032258,True,True,56,1,4,295103,295073,295129,295084,295110,bp,210.70676691729324,26,-1739.0,30,26,4305.0
2442,2402.753945608068,-4.064516129032258,True,True,55,-7,-5,295154,295129,295184,295137,295170,bp,173.34375,33,-1875.0,25,30,7161.0
2443,2056.9668208082903,-4.064516129032258,True,True,51,5,-11,295204,295184,295235,295196,295222,bp,199.95833333333331,26,394.0,20,31,3555.0
2444,2592.0839376758195,-2.878787878787879,False,False,82,14,-24,298459,298430,298512,298449,298476,bp,259.5205882352941,27,-3470.0,29,53,5250.0
2445,407.6196121674236,-2.878787878787879,False,False,51,-8,-7,298534,298512,298563,298517,298550,bp,20.371323529411768,33,1679.0,22,29,1909.0
2446,931.0890457950716,-2.878787878787879,False,False,66,14,-16,298588,298563,298629,298575,298605,bp,86.31447963800905,30,2382.0,25,41,2985.0
2447,2209.581014315697,-2.878787878787879,False,False,51,3,3,298656,298629,298680,298649,298672,bp,311.86160714285717,23,-1961.0,27,24,2601.0
2448,428.88997068198995,-2.878787878787879,False,False,49,2,-1,298704,298680,298729,298698,298715,bp,122.80303030303033,17,-376.0,24,25,2580.0
2449,358.2885289896838,-2.878787878787879,True,True,33,-9,-13,298739,298729,298762,298734,298755,bp,124.4125,21,560.0,10,23,1871.0
2450,1002.5571676174136,-2.878787878787879,True,True,50,13,0,298787,298762,298812,298767,298794,bp,123.69285714285714,27,185.0,25,25,3180.0
2451,1572.0362935133494,-2.878787878787879,True,True,67,25,-13,298839,298812,298879,298834,298857,bp,168.7,23,1099.0,27,40,3753.0
2452,2145.4814752956945,-2.878787878787879,True,True,67,14,17,298921,298879,298946,298905,298928,bp,248.97767857142856,23,-1960.0,42,25,4005.0
2453,1521.2698397069266,-2.878787878787879,True,True,83,29,-1,298987,298946,299029,298965,299000,bp,149.63286713286718,35,-2878.0,41,42,4141.0
2454,840.6568029017816,-2.878787878787879,False,False,100,-6,16,299087,299029,299129,299064,299108,bp,77.15942028985508,44,-2714.0,58,42,2235.0
2455,3081.039100973601,-2.878787878787879,False,False,65,14,-15,299154,299129,299194,299146,299165,bp,394.0965909090909,19,-6623.0,25,40,7658.0
2456,697.9450707349042,-2.878787878787879,False,False,51,7,-31,299204,299194,299245,299198,299222,bp,123.05555555555556,24,-545.0,10,41,2631.0
2457,1018.5387125164003,-2.878787878787879,True,True,51,-6,1,299271,299245,299296,299253,299287,bp,92.21180555555556,34,-1175.0,26,25,3058.0
2458,1491.0680076437259,-2.878787878787879,False,False,50,2,0,299321,299296,299346,299315,299338,bp,172.23039215686276,23,-901.0,25,25,3014.0
2459,1264.5060776611874,-2.878787878787879,False,False,69,-34,7,299384,299346,299415,299363,299408,bp,121.125,45,-5432.0,38,31,2825.0
2460,1330.4520028917275,-2.878787878787879,False,False,63,14,-49,299422,299415,299478,299419,299448,bp,183.3974358974359,29,-3891.0,7,56,7832.0
2461,652.5240128066206,-2.878787878787879,False,False,50,2,-26,298492,298480,298530,298487,298515,bp,100.98260869565216,28,826.0,12,38,3627.0
2462,2289.749603168108,-2.878787878787879,True,True,77,-10,11,298574,298530,298607,298545,298588,bp,179.17364532019704,43,-129.0,44,33,8035.0
2463,3429.1229844210143,-2.878787878787879,True,True,60,-9,0,298637,298607,298667,298621,298655,bp,223.79861111111111,34,-1896.0,30,30,5244.0
2464,2857.9150030899323,-2.878787878787879,True,True,62,8,12,298704,298667,298729,298680,298712,bp,277.625,32,-2189.0,37,25,7281.0
2465,3839.6516806115733,-2.878787878787879,True,True,66,15,16,298770,298729,298795,298752,298778,bp,315.6388888888889,26,-2606.0,41,25,7382.0
2466,2011.5065826642199,-2.878787878787879,False,False,84,6,2,298838,298795,298879,298819,298848,bp,236.39736842105262,29,-2422.0,43,41,5761.0
2467,559.2414876495682,-2.878787878787879,False,False,36,13,-18,298888,298879,298915,298883,298898,bp,172.3,15,1452.0,9,27,2532.0
2468,1248.9946267476362,-2.878787878787879,True,True,48,21,-10,298934,298915,298963,298926,298942,bp,174.625,16,1044.0,19,29,2996.0
2469,2506.2700050957656,-2.878787878787879,True,True,66,17,2,298997,298963,299029,298979,299008,bp,189.770202020202,29,-718.0,34,32,5754.0
2470,3475.562464074889,-2.878787878787879,True,True,66,13,18,299071,299029,299095,299054,299078,bp,340.74789915966386,24,-4308.0,42,24,6117.0
2471,1019.7144231751507,-2.878787878787879,True,True,85,-30,1,299138,299095,299180,299115,299172,bp,89.35038363171356,57,-2673.0,43,42,5790.0
2472,1167.0405371979546,-2.878787878787879,False,False,65,0,15,299220,299180,299245,299199,299231,bp,77.71861471861472,32,-173.0,40,25,1405.0
2473,586.1618365692196,-2.878787878787879,True,False,68,2,-18,299270,299245,299313,299263,299292,bp,145.25974025974025,29,-1423.0,25,43,3774.0
2474,1954.690531642474,-2.878787878787879,True,False,38,6,10,299337,299313,299351,299323,299342,bp,310.7857142857143,19,-601.0,24,14,5341.0
2475,2603.880176619493,-2.878787878787879,True,True,61,10,1,299382,299351,299412,299367,299395,bp,196.66410256410256,28,-1818.0,31,30,4207.0
2476,2406.079914371499,-2.878787878787879,True,True,67,7,15,299453,299412,299479,299433,299461,bp,218.3625,28,-2720.0,41,26,4884.0
2477,900.1084121529267,-4.516129032258065,False,False,84,-22,34,302771,302712,302796,302732,302785,bp,97.88003663003664,53,-1076.0,59,25,3664.0
2478,1060.1620866609044,-4.516129032258065,True,True,83,1,-1,302837,302796,302879,302816,302859,bp,73.58766233766234,43,-201.0,41,42,3819.0
2479,1529.5382713234706,-4.516129032258065,True,True,83,38,-1,302920,302879,302962,302903,302932,bp,167.41911764705884,29,-1075.0,41,42,4727.0
2480,1571.092491043521,-4.516129032258065,True,False,103,-7,15,303021,302962,303065,302999,303043,bp,141.45454545454544,44,-2780.0,59,44,5569.0
2481,2648.508976045788,-4.516129032258065,False,False,52,-1,-8,303087,303065,303117,303080,303105,bp,261.45238095238096,25,-2263.0,22,30,5139.0
2482,652.7850239649597,-4.516129032258065,False,False,79,-4,-39,303137,303117,303196,303129,303173,bp,88.0625,44,708.0,20,59,1959.0
2483,1363.4053440278808,-4.516129032258065,True,True,67,9,-19,303220,303196,303263,303213,303241,bp,185.09523809523807,28,-996.0,24,43,3767.0
2484,2053.126463830408,-4.516129032258065,True,True,66,23,-18,303287,303263,303329,303278,303305,bp,157.75,27,-646.0,24,42,4982.0
2485,1503.5633949711926,-4.516129032258065,True,True,78,16,8,303372,303329,303407,303355,303379,bp,268.0042016806723,24,-2625.0,43,35,5057.0
2486,2593.838827780617,-4.516129032258065,True,True,56,5,6,303438,303407,303463,303419,303450,bp,185.48245614035088,31,-2809.0,31,25,5456.0
2487,2609.221527443929,-4.516129032258065,True,True,66,9,8,303500,303463,303529,303486,303513,bp,216.478021978022,27,-3182.0,37,29,5698.0
2488,1013.4831029040166,-4.516129032258065,True,True,67,-1,-15,303555,303529,303596,303549,303583,bp,155.1547619047619,34,-474.0,26,41,1663.0
2489,594.3241091959741,-4.516129032258065,True,False,66,-17,-8,303625,303596,303662,303616,303649,bp,111.20138888888887,33,-1523.0,29,37,2158.0
2490,1803.136866680156,-4.516129032258065,True,True,59,7,-15,302691,302669,302728,302680,302705,bp,150.1883116883117,25,844.0,22,37,3230.0
2491,1952.1048226785572,-4.516129032258065,True,True,55,-8,-3,302754,302728,302783,302737,302771,bp,141.67647058823533,34,-178.0,26,29,4753.0
2492,2311.4001173445677,-4.516129032258065,True,True,79,15,-15,302815,302783,302862,302797,302825,bp,183.5888888888889,28,-332.0,32,47,4865.0
2493,1434.5131385215025,-4.516129032258065,False,False,50,20,-12,302881,302862,302912,302868,302888,bp,123.45054945054945,20,1718.0,19,31,2127.0
2494,1570.5702266058026,-4.516129032258065,False,False,57,19,-3,302939,302912,302969,302928,302954,bp,179.73939393939395,26,-763.0,27,30,4152.0
2495,654.5556463137541,-4.516129032258065,True,False,59,-4,33,303015,302969,303028,302999,303022,bp,115.73660714285714,23,383.0,46,13,2562.0
2496,1368.3827165610953,-4.516129032258065,True,False,64,13,-10,303055,303028,303092,303041,303072,bp,119.40336134453779,31,-275.0,27,37,3460.0
2497,1929.6921053438905,-4.516129032258065,True,True,76,19,-14,303123,303092,303168,303116,303140,bp,236.9831932773109,24,-1026.0,31,45,6181.0
2498,2304.9352163148915,-4.516129032258065,True,True,57,-1,-9,303192,303168,303225,303183,303208,bp,198.05555555555557,25,486.0,24,33,3933.0
2499,1155.0166556581664,-4.516129032258065,True,False,37,12,-11,303238,303225,303262,303232,303250,bp,224.16666666666663,18,1071.0,13,24,3616.0
2500,1869.1707417294253,-4.516129032258065,True,False,67,6,-5,303293,303262,303329,303280,303308,bp,154.45128205128202,28,-3.0,31,36,3213.0
2501,2271.464399248265,-4.516129032258065,True,True,50,7,0,303354,303329,303379,303342,303366,bp,208.66666666666669,24,-2009.0,25,25,4443.0
2502,1236.735656495336,-4.516129032258065,True,True,63,18,-13,303404,303379,303442,303397,303415,bp,211.5779220779221,18,-862.0,25,38,3329.0
2503,701.1538587618152,-4.516129032258065,True,False,55,8,-23,303458,303442,303497,303451,303473,bp,132.2904761904762,22,403.0,16,39,3526.0
2504,904.8822223624684,-4.516129032258065,True,False,32,7,2,303514,303497,303529,303503,303522,bp,119.64772727272728,19,1387.0,17,15,2696.0
2505,1987.0494910788,-4.516129032258065,True,True,51,3,1,303555,303529,303580,303548,303572,bp,216.83613445378154,24,7.0,26,25,3597.0
2506,898.5508861624992,-4.516129032258065,True,True,64,2,-6,303609,303580,303644,303599,303627,bp,114.12222222222223,28,290.0,29,35,2134.0
2507,715.2862351584297,-4.516129032258065,True,False,51,8,1,303670,303644,303695,303657,303674,bp,192.5673076923077,17,-1131.0,26,25,2623.0
2508,1731.5491552943106,-6.34375,False,False,99,8,17,306737,306679,306778,306715,306744,bp,245.44155844155847,29,-1729.0,58,41,5196.0
2509,373.69705099822363,-6.34375,False,False,29,14,-13,306786,306778,306807,306781,306793,bp,130.5142857142857,12,2102.0,8,21,957.0
2510,927.7262976142708,-6.34375,False,False,55,4,5,306837,306807,306862,306819,306847,bp,114.08333333333334,28,400.0,30,25,2074.0
2511,1108.4212137992963,-6.34375,False,False,84,-14,-32,306888,306862,306946,306879,306921,bp,151.87878787878788,42,-1794.0,26,58,4440.0
2512,872.5538933967442,-6.34375,False,False,33,-1,3,306964,306946,306979,306949,306974,bp,88.55,25,1318.0,18,15,2517.0
2513,1621.8403812012625,-6.34375,True,False,66,13,-16,307004,306979,307045,306998,307025,bp,191.3690476190476,27,267.0,25,41,3674.0
2514,3094.020198288257,-6.34375,False,False,62,0,10,307081,307045,307107,307065,307091,bp,269.81875,26,-3393.0,36,26,6222.0
2515,1248.6386104263374,-6.34375,False,False,55,15,-27,307121,307107,307162,307117,307144,bp,174.17391304347825,27,745.0,14,41,3615.0
2516,1868.2582794654568,-6.34375,True,True,83,13,3,307205,307162,307245,307186,307219,bp,183.31015037593983,33,-2759.0,43,40,4762.0
2517,2680.024061514631,-6.34375,True,True,66,4,-14,307271,307245,307311,307265,307290,bp,336.9561403508772,25,-4580.0,26,40,4930.0
2518,1410.0842125370373,-6.34375,False,False,67,-9,-19,307335,307311,307378,307319,307356,bp,121.3988095238095,37,-2704.0,24,43,6203.0
2519,2436.735576729549,-6.34375,True,True,63,0,-1,307409,307378,307441,307384,307421,bp,151.84333333333333,37,-261.0,31,32,6354.0
2520,1698.4103333107178,-6.34375,True,True,88,16,-28,307471,307441,307529,307458,307500,bp,167.5026525198939,42,-423.0,30,58,3688.0
2521,495.49007305259187,-6.34375,True,False,66,-7,18,307571,307529,307595,307558,307583,bp,84.96474358974359,25,850.0,42,24,1705.0
2522,922.9631340821562,-6.34375,True,True,50,-3,0,307620,307595,307645,307601,307627,bp,107.79323308270676,26,284.0,25,25,2690.0
2523,964.9367236322673,-6.34375,True,False,51,7,-33,307654,307645,307696,307650,307678,bp,180.97916666666663,28,658.0,9,42,2354.0
2524,688.4053062130183,-6.34375,False,False,66,15,-48,306721,306712,306778,306716,306750,bp,165.29310344827587,34,-1208.0,9,57,4852.0
2525,1333.7606184275674,-6.34375,False,False,68,21,16,306820,306778,306846,306799,306824,bp,162.73809523809524,25,-928.0,42,26,2038.0
2526,1946.286311809884,-6.34375,True,True,79,-2,-7,306882,306846,306925,306870,306903,bp,168.76190476190476,33,-2668.0,36,43,6522.0
2527,1996.3262162997266,-6.34375,True,True,48,-2,10,306954,306925,306973,306934,306961,bp,174.12142857142857,27,417.0,29,19,3506.0
2528,1686.9602161510752,-6.34375,True,True,72,-16,-2,307008,306973,307045,306986,307026,bp,131.16919191919192,40,-1875.0,35,37,4498.0
2529,1146.5818159190492,-6.34375,True,False,50,1,-30,307055,307045,307095,307050,307084,bp,204.92068965517242,34,-653.0,10,40,3511.0
2530,1392.1961537617526,-6.34375,True,True,51,5,31,307136,307095,307146,307119,307141,bp,215.12352941176468,22,105.0,41,10,3487.0
2531,1381.9626659329192,-6.34375,True,True,82,-7,8,307191,307146,307228,307168,307205,bp,114.360248447205,37,-1309.0,45,37,3323.0
2532,1829.0839619238695,-6.34375,True,False,51,-10,3,307255,307228,307279,307235,307270,bp,119.70833333333334,35,-1102.0,27,24,4699.0
2533,779.6488401785026,-6.34375,True,False,117,10,-67,307304,307279,307396,307295,307346,bp,147.91666666666666,51,-841.0,25,92,2654.0
2534,1207.8509844372936,-6.34375,False,False,50,20,-2,307420,307396,307446,307407,307426,bp,228.20512820512818,19,-31.0,24,26,4908.0
2535,2880.631856454157,-6.34375,True,True,66,7,-8,307475,307446,307512,307465,307493,bp,244.50555555555556,28,-1610.0,29,37,5366.0
2536,1113.5925866267996,-6.34375,True,True,51,-17,1,307538,307512,307563,307528,307556,bp,110.56666666666666,28,897.0,26,25,2908.0
2537,429.65851597428116,-6.34375,True,True,55,-21,27,307604,307563,307618,307567,307613,bp,55.2027027027027,46,1135.0,41,14,1668.0
2538,165.0411608678874,-6.34375,False,False,44,-13,24,307652,307618,307662,307638,307659,bp,18.214285714285715,21,865.0,34,10,368.0
2539,617.1906386434259,-6.34375,False,False,50,13,-32,307671,307662,307712,307667,307685,bp,188.82142857142856,18,-949.0,9,41,3310.0
2540,239.08266082090546,2.272727272727273,False,False,39,10,-15,310440,310428,310467,310430,310450,bp,21.5,20,1065.0,12,27,723.0
2541,1379.500338458732,2.272727272727273,False,False,45,-5,-3,310488,310467,310512,310480,310503,bp,168.80416666666667,23,-1137.0,21,24,3773.0
2542,426.1328187331852,2.272727272727273,False,False,33,-3,11,310534,310512,310545,310521,310541,bp,54.45054945054945,20,1237.0,22,11,1185.0
2543,127.45571741439554,2.272727272727273,True,True,34,-7,18,310571,310545,310579,310558,310575,bp,104.46153846153842,17,1322.0,26,8,1286.0
2544,409.0044882915083,2.272727272727273,True,True,49,-28,-1,310603,310579,310628,310585,310622,bp,47.6812865497076,37,965.0,24,25,2371.0
2545,123.25746765860512,2.272727272727273,True,True,34,4,-10,310640,310628,310662,310631,310650,bp,70.05555555555556,19,2077.0,12,22,1605.0
2546,829.9830891049176,2.272727272727273,True,True,50,18,0,310687,310662,310712,310673,310691,bp,173.01785714285714,18,923.0,25,25,2070.0
2547,1343.7033975332954,2.272727272727273,True,True,50,16,0,310737,310712,310762,310727,310747,bp,159.6,20,-450.0,25,25,3093.0
2548,1245.17798146542,2.272727272727273,True,True,67,-7,15,310803,310762,310829,310783,310821,bp,105.36944444444444,38,-2136.0,41,26,3254.0
2549,1309.2440502111353,2.272727272727273,True,True,83,17,-1,310870,310829,310912,310852,310877,bp,160.6547619047619,25,-3026.0,41,42,2844.0
2550,1026.5682960848792,2.272727272727273,False,False,66,6,-28,310931,310912,310978,310919,310948,bp,126.72303921568628,29,-3270.0,19,47,2950.0
2551,335.8070874745901,2.272727272727273,False,False,34,12,-16,310987,310978,311012,310983,311000,bp,104.2596153846154,17,-1790.0,9,25,996.0
2552,1181.532697684296,2.272727272727273,False,False,50,33,6,311040,311012,311062,311029,311048,bp,170.26704545454544,19,-4106.0,28,22,2616.0
2553,910.0816512838112,2.272727272727273,True,False,84,-8,34,311121,311062,311146,311100,311138,bp,61.865546218487395,38,-4096.0,59,25,2771.0
2554,1237.6757179460092,2.272727272727273,True,True,82,5,-6,311184,311146,311228,311168,311206,bp,107.98011363636364,38,-4106.0,38,44,5524.0
2555,2033.9801623680808,2.272727272727273,True,True,67,12,-5,311259,311228,311295,311249,311275,bp,191.4125,26,-3584.0,31,36,4728.0
2556,1360.100337896666,2.272727272727273,True,True,71,-10,11,311336,311295,311366,311313,311354,bp,88.97826086956522,41,-2535.0,41,30,3526.0
2557,1739.8030071850349,2.272727272727273,True,False,62,-10,2,311398,311366,311428,311385,311414,bp,135.15865384615384,29,-2903.0,32,30,3612.0
2558,1692.4506718716186,2.272727272727273,True,False,51,-8,1,310454,310428,310479,310436,310470,bp,120.27777777777777,34,-256.0,26,25,3580.0
2559,1130.7238978974679,2.272727272727273,True,False,62,-3,20,310520,310479,310541,310496,310524,bp,168.54166666666666,28,586.0,41,21,2336.0
2560,1167.1962101169267,2.272727272727273,True,False,38,2,-12,310554,310541,310579,310549,310572,bp,154.53333333333333,23,640.0,13,25,3141.0
2561,1110.6553003330737,2.272727272727273,True,False,66,-12,16,310620,310579,310645,310597,310630,bp,116.88478260869564,33,177.0,41,25,3121.0
2562,940.2002268793422,2.272727272727273,False,False,50,0,-30,310655,310645,310695,310651,310685,bp,144.89166666666662,34,1426.0,10,40,2579.0
2563,2368.5042570705914,2.272727272727273,False,False,72,25,6,310734,310695,310767,310719,310741,bp,265.79047619047617,22,-1642.0,39,33,4960.0
2564,1229.5606702459559,2.272727272727273,True,True,62,12,18,310807,310767,310829,310788,310823,bp,71.34210526315789,35,-1474.0,40,22,2441.0
2565,489.74084940346296,2.272727272727273,True,False,100,-15,50,310904,310829,310929,310870,310910,bp,136.02941176470586,40,-2051.0,75,25,2994.0
2566,804.6232513264928,2.272727272727273,True,False,33,0,17,310954,310929,310962,310935,310958,bp,116.96710526315788,23,-1374.0,25,8,1425.0
2567,346.7512458005688,2.272727272727273,False,False,67,13,-17,310987,310962,311029,310981,311006,bp,128.80701754385964,25,-2043.0,25,42,2024.0
2568,2451.8906484527797,2.272727272727273,False,False,50,7,0,311054,311029,311079,311044,311066,bp,235.24166666666667,22,-4075.0,25,25,6369.0
2569,1021.1872363348973,2.272727272727273,True,True,83,5,1,311121,311079,311162,311095,311133,bp,65.19871794871794,38,-1749.0,42,41,2372.0
2570,1559.986059928812,2.272727272727273,True,True,65,8,-7,311191,311162,311227,311176,311209,bp,109.03333333333332,33,-2444.0,29,36,3850.0
2571,736.7860591388892,2.272727272727273,True,True,104,-12,-16,311271,311227,311331,311250,311308,bp,73.53474903474905,58,-1983.0,44,60,2860.0
2572,821.3247230601967,2.272727272727273,True,True,64,28,16,311371,311331,311395,311354,311382,bp,76.83957219251337,28,-2264.0,40,24,3074.0
2573,2896.522827501528,-0.967741935483871,False,False,68,14,16,314020,313978,314046,313999,314027,bp,311.11904761904765,28,-3699.0,42,26,6419.0
2574,1884.7518015623873,-0.967741935483871,True,True,99,18,-17,314087,314046,314145,314069,314107,bp,127.59722222222223,38,-1310.0,41,58,5268.0
2575,921.2337826055403,-0.967741935483871,True,True,83,0,1,314187,314145,314228,314163,314209,bp,106.41666666666666,46,-1212.0,42,41,4864.0
2576,1211.513472140985,-0.967741935483871,True,True,67,12,9,314266,314228,314295,314255,314272,bp,149.07575757575756,17,1066.0,38,29,2564.0
2577,360.6764108352916,-0.967741935483871,True,False,63,-37,21,314337,314295,314358,314301,314351,bp,46.21031746031746,50,1242.0,42,21,1232.0
2578,347.03287160540106,-0.967741935483871,False,False,37,45,-13,314370,314358,314395,314364,314374,bp,187.7083333333333,10,494.0,12,25,1871.0
2579,1839.38197679896,-0.967741935483871,False,False,84,23,0,314437,314395,314479,314429,314450,bp,232.02884615384616,21,-1914.0,42,42,4986.0
2580,2046.053881419813,-0.967741935483871,True,True,66,-1,-16,314504,314479,314545,314494,314524,bp,161.025,30,-1191.0,25,41,4614.0
2581,2181.864105335043,-0.967741935483871,False,False,66,-14,-16,314570,314545,314611,314553,314592,bp,163.06550802139037,39,-2184.0,25,41,6358.0
2582,1092.1302146814096,-0.967741935483871,False,False,51,-1,33,314653,314611,314662,314617,314658,bp,90.16666666666669,41,1095.0,42,9,1528.0
2583,1339.8506057976595,-0.967741935483871,False,False,100,8,16,314720,314662,314762,314698,314734,bp,124.85064935064936,36,-1368.0,58,42,4759.0
2584,1781.313590545328,-0.967741935483871,False,False,79,4,-27,314788,314762,314841,314778,314811,bp,190.4173913043478,33,-1825.0,26,53,4461.0
2585,563.4779846822655,-0.967741935483871,False,False,38,2,-14,314853,314841,314879,314848,314876,bp,106.41304347826087,28,1060.0,12,26,1206.0
2586,629.9612119229639,-0.967741935483871,False,False,65,12,17,314920,314879,314944,314906,314925,bp,168.10714285714286,19,-288.0,41,24,2646.0
2587,643.2476001675145,-0.967741935483871,False,False,49,14,3,314970,314944,314993,314956,314974,bp,96.58928571428572,18,237.0,26,23,1420.0
2588,1110.2097121923289,-0.967741935483871,True,True,61,-1,13,314071,314034,314095,314060,314087,bp,100.1505681818182,27,-963.0,37,24,2914.0
2589,998.2235966486534,-0.967741935483871,True,True,52,12,0,314121,314095,314147,314113,314139,bp,125.0,26,-299.0,26,26,3017.0
2590,1814.5641129797805,-0.967741935483871,True,True,81,18,-3,314186,314147,314228,314177,314203,bp,204.7156862745098,26,-1747.0,39,42,5197.0
2591,1299.0086923626939,-0.967741935483871,True,True,73,10,3,314266,314228,314301,314247,314275,bp,152.406432748538,28,-762.0,38,35,3614.0
2592,2153.756019756883,-0.967741935483871,True,True,45,13,-3,314322,314301,314346,314313,314333,bp,249.44444444444446,20,-1998.0,21,24,4988.0
2593,1368.0653851828654,-0.967741935483871,True,True,67,7,-13,314373,314346,314413,314366,314389,bp,209.76785714285717,23,-1529.0,27,40,2603.0
2594,1188.5335093477975,-0.967741935483871,True,True,66,-7,-18,314437,314413,314479,314419,314458,bp,98.82142857142857,39,-2035.0,24,42,4051.0
2595,2215.708391285252,-0.967741935483871,True,True,51,14,-3,314503,314479,314530,314490,314514,bp,234.35664335664336,24,-3401.0,24,27,5628.0
2596,1256.6946489738284,-0.967741935483871,True,True,82,-16,-2,314570,314530,314612,314552,314597,bp,120.24074074074072,45,-2375.0,40,42,5053.0
2597,1976.859278639753,-0.967741935483871,True,True,63,14,-17,314635,314612,314675,314626,314647,bp,221.625,21,-1588.0,23,40,4789.0
2598,1002.2162557344118,-0.967741935483871,True,True,70,-7,-2,314709,314675,314745,314682,314723,bp,88.45238095238096,41,-605.0,34,36,3000.0
2599,955.1670726624163,-0.967741935483871,True,True,49,2,-5,314767,314745,314794,314757,314781,bp,122.70714285714287,24,128.0,22,27,3081.0
2600,604.1380603022942,-0.967741935483871,True,True,51,-7,3,314821,314794,314845,314807,314837,bp,58.04464285714285,30,751.0,27,24,1258.0
2601,245.21176408134383,-0.967741935483871,True,True,40,5,10,314870,314845,314885,314860,314876,bp,67.76666666666667,16,1158.0,25,15,1182.0
2602,577.1721752372838,-0.967741935483871,True,True,44,2,-6,314904,314885,314929,314897,314916,bp,124.03571428571428,19,404.0,19,25,1709.0
2603,619.4764953583236,-0.967741935483871,False,False,50,12,0,314954,314929,314979,314937,314967,bp,57.38235294117647,30,-664.0,25,25,1135.0
2604,2460.838985393681,0.030303030303030304,True,True,75,17,-3,318116,318080,318155,318103,318129,bp,220.38461538461542,26,-2861.0,36,39,6121.0
2605,1877.667186885384,0.030303030303030304,True,False,89,5,-35,318182,318155,318244,318172,318209,bp,174.48888888888888,37,-1626.0,27,62,5619.0
2606,3198.2421835850646,0.030303030303030304,True,False,48,1,-18,318259,318244,318292,318251,318276,bp,277.6985294117647,25,-1954.0,15,33,5731.0
2607,1525.9926680284402,0.030303030303030304,True,True,59,-19,29,318336,318292,318351,318302,318342,bp,173.22549019607845,40,-2770.0,44,15,3582.0
2608,750.6398726366922,0.030303030303030304,True,True,78,-8,-6,318387,318351,318429,318363,318410,bp,60.89402173913044,47,-1163.0,36,42,3550.0
2609,749.0368406814129,0.030303030303030304,True,True,66,-7,-10,318457,318429,318495,318449,318480,bp,121.65489130434784,31,104.0,28,38,2293.0
2610,1496.6810281779929,0.030303030303030304,True,True,50,-2,-2,318519,318495,318545,318504,318529,bp,180.81666666666663,25,-1241.0,24,26,4544.0
2611,1471.2320471469798,0.030303030303030304,True,True,51,3,7,318574,318545,318596,318552,318587,bp,94.79020979020979,35,21.0,29,22,3178.0
2612,753.2006996973096,0.030303030303030304,False,False,82,10,6,318640,318596,318678,318625,318658,bp,75.87222222222222,33,890.0,44,38,1800.0
2613,1447.9603605754044,0.030303030303030304,False,False,67,-4,17,318720,318678,318745,318701,318733,bp,124.21659919028342,32,-1772.0,42,25,3587.0
2614,622.1483505109662,0.030303030303030304,False,False,50,10,-2,318769,318745,318795,318761,318775,bp,136.9375,14,298.0,24,26,2416.0
2615,286.74510595191225,0.030303030303030304,True,False,34,16,-18,318803,318795,318829,318799,318815,bp,137.95833333333334,16,1310.0,8,26,1475.0
2616,1100.6618488614324,0.030303030303030304,True,False,61,10,-9,318855,318829,318890,318847,318872,bp,115.24632352941177,25,214.0,26,35,2103.0
2617,1901.9632396497195,0.030303030303030304,True,True,71,3,-3,318924,318890,318961,318907,318939,bp,167.5862745098039,32,-1729.0,34,37,5659.0
2618,1794.6252201797754,0.030303030303030304,True,True,52,-2,26,319000,318961,319013,318974,319005,bp,146.34230769230768,31,-1096.0,39,13,2620.0
2619,1053.6665738522638,0.030303030303030304,True,True,83,4,31,319070,319013,319096,319034,319074,bp,221.27777777777774,40,-1372.0,57,26,4169.0
2620,1083.3156124004097,0.030303030303030304,True,True,67,9,-15,318120,318094,318161,318104,318134,bp,106.55803571428572,30,-2769.0,26,41,3290.0
2621,830.3267480149199,0.030303030303030304,True,True,67,1,-15,318187,318161,318228,318173,318206,bp,75.71240601503759,33,-1752.0,26,41,3115.0
2622,463.53758917033815,0.030303030303030304,False,False,67,-39,19,318271,318228,318295,318240,318290,bp,41.30220713073005,50,-1836.0,43,24,1507.0
2623,302.44841918104873,0.030303030303030304,False,False,39,-4,9,318319,318295,318334,318301,318327,bp,39.923611111111114,26,-1372.0,24,15,988.0
2624,2156.5279151406376,0.030303030303030304,False,False,60,5,12,318370,318334,318394,318349,318376,bp,233.4642857142857,27,-4503.0,36,24,4988.0
2625,1470.3368851412954,0.030303030303030304,True,True,57,-1,5,318425,318394,318451,318408,318442,bp,97.38235294117645,34,-2327.0,31,26,3965.0
2626,1311.0806950145575,0.030303030303030304,False,False,61,-1,21,318492,318451,318512,318475,318504,bp,127.22058823529413,29,-2601.0,41,20,3228.0
2627,213.21385847744372,0.030303030303030304,False,False,77,-10,7,318554,318512,318589,318532,318571,bp,40.720588235294116,39,-656.0,42,35,1239.0
2628,513.5680475481014,0.030303030303030304,False,False,39,10,-9,318604,318589,318628,318600,318611,bp,167.33928571428572,11,-612.0,15,24,2575.0
2629,1193.1316998658235,0.030303030303030304,True,True,53,-14,-3,318653,318628,318681,318632,318668,bp,99.48571428571428,36,-515.0,25,28,3592.0
2630,1250.662717839791,0.030303030303030304,True,True,60,-4,18,318720,318681,318741,318690,318725,bp,144.63333333333333,35,-688.0,39,21,2478.0
2631,1207.2404319916627,0.030303030303030304,True,True,55,14,3,318770,318741,318796,318756,318776,bp,136.14285714285714,20,-849.0,29,26,3263.0
2632,563.5903189233787,0.030303030303030304,False,False,49,-5,1,318821,318796,318845,318810,318833,bp,89.67424242424242,23,-122.0,25,24,907.0
2633,785.7506777240343,0.030303030303030304,True,True,50,9,-6,318867,318845,318895,318851,318875,bp,115.46875,24,-993.0,22,28,2535.0
2634,854.3911367377355,0.030303030303030304,True,True,66,7,-14,318921,318895,318961,318908,318939,bp,79.47435897435899,31,-695.0,26,40,3099.0
2635,1434.2681104562296,0.030303030303030304,False,False,67,-1,-15,318987,318961,319028,318977,319005,bp,161.17777777777778,28,-2514.0,26,41,2184.0
2636,671.3472712909702,0.030303030303030304,False,False,83,16,-27,319056,319028,319111,319032,319067,bp,81.125,35,-1914.0,28,55,3302.0
2637,835.6345305496224,-2.3125,False,False,67,15,-49,322237,322228,322295,322231,322266,bp,75.27298850574712,35,949.0,9,58,2762.0
2638,1182.5617977208053,-2.3125,False,False,85,2,1,322338,322295,322380,322316,322355,bp,94.5788770053476,39,-334.0,43,42,4034.0
2639,1701.5552127003002,-2.3125,False,False,49,46,-3,322403,322380,322429,322396,322409,bp,258.8095238095238,13,1952.0,23,26,5308.0
2640,1934.475705466171,-2.3125,True,True,99,-4,17,322487,322429,322528,322468,322503,bp,198.16282894736844,35,-1807.0,58,41,4718.0
2641,1655.695369563725,-2.3125,True,True,67,-5,-17,322553,322528,322595,322534,322573,bp,101.26447368421051,39,-55.0,25,42,4911.0
2642,2307.029681331849,-2.3125,True,True,67,4,-9,322624,322595,322662,322607,322641,bp,155.17647058823533,34,-1233.0,29,38,4324.0
2643,2375.0606672840618,-2.3125,False,False,50,7,2,322688,322662,322712,322679,322701,bp,283.35042735042737,22,-2503.0,26,24,5779.0
2644,789.2335557908724,-2.3125,False,False,49,12,1,322737,322712,322761,322730,322749,bp,94.60714285714286,19,2150.0,25,24,2620.0
2645,1989.367006879299,-2.3125,False,False,68,8,4,322797,322761,322829,322780,322811,bp,168.26890756302518,31,-725.0,36,32,5074.0
2646,656.9900875568703,-2.3125,True,True,111,-45,7,322888,322829,322940,322850,322924,bp,48.036549707602326,74,1132.0,59,52,4110.0
2647,2015.095427822494,-2.3125,True,True,73,-11,-5,322974,322940,323013,322953,323000,bp,136.2554945054945,47,-873.0,34,39,6096.0
2648,994.1659586494119,-2.3125,False,False,65,-24,41,323066,323013,323078,323036,323072,bp,77.78333333333333,36,131.0,53,12,845.0
2649,489.0142526471589,-2.3125,False,False,51,-10,-1,323103,323078,323129,323084,323121,bp,66.32456140350878,37,-406.0,25,26,3366.0
2650,1122.4877223744409,-2.3125,False,False,49,1,13,323160,323129,323178,323148,323172,bp,73.375,24,2017.0,31,18,2626.0
2651,1532.9723188217258,-2.3125,False,False,67,-11,-11,322240,322212,322279,322230,322263,bp,198.2217391304348,33,-3125.0,28,39,3985.0
2652,579.1107406179709,-2.3125,False,False,38,7,-18,322289,322279,322317,322285,322305,bp,179.15625,20,-834.0,10,28,3666.0
2653,1220.7957116927385,-2.3125,True,True,61,10,5,322350,322317,322378,322332,322356,bp,121.02777777777777,24,36.0,33,28,2327.0
2654,941.0838608354228,-2.3125,False,False,45,20,5,322403,322378,322423,322390,322408,bp,127.4,18,998.0,25,20,2496.0
2655,1672.6057487344785,-2.3125,False,False,72,5,-10,322454,322423,322495,322446,322473,bp,249.05592105263162,27,-1871.0,31,41,4350.0
2656,714.0350756721574,-2.3125,False,False,85,-25,-35,322520,322495,322580,322505,322558,bp,83.94824561403509,53,-850.0,25,60,4148.0
2657,286.2124125304672,-2.3125,False,False,32,-9,2,322597,322580,322612,322586,322607,bp,44.57727272727273,21,2144.0,17,15,727.0
2658,870.6303704541657,-2.3125,False,False,50,-8,0,322637,322612,322662,322619,322648,bp,119.15404040404042,29,-1023.0,25,25,2019.0
2659,1000.6758990712848,-2.3125,False,False,50,13,-20,322677,322662,322712,322669,322694,bp,152.20588235294116,25,-1167.0,15,35,4770.0
2660,379.5564393539517,-2.3125,False,False,63,0,19,322753,322712,322775,322732,322759,bp,76.39285714285714,27,1632.0,41,22,1237.0
2661,1450.0201270323873,-2.3125,False,False,61,-9,-5,322803,322775,322836,322786,322821,bp,121.60457516339869,35,-1504.0,28,33,3914.0
2662,1282.2743875532526,-2.3125,True,True,42,-1,4,322859,322836,322878,322847,322872,bp,110.46794871794873,25,231.0,23,19,3426.0
2663,2474.278457485207,-2.3125,True,True,66,4,4,322913,322878,322944,322896,322925,bp,181.9583333333333,29,-1028.0,35,31,4903.0
2664,2792.2257334073292,-2.3125,True,True,67,0,-13,322971,322944,323011,322958,322992,bp,228.470695970696,34,-3021.0,27,40,8223.0
2665,1150.7503577165314,-2.3125,False,False,50,-9,32,323052,323011,323061,323026,323057,bp,105.31923076923077,31,320.0,41,9,1345.0
2666,2443.633076850836,-2.3125,False,False,67,17,-15,323087,323061,323128,323079,323104,bp,273.74264705882354,25,-4172.0,26,41,6546.0
2667,3084.842315275889,-2.3125,True,True,62,-1,-10,323154,323128,323190,323146,323173,bp,264.8355263157895,27,-3084.0,26,36,6854.0
2668,1590.5905901112344,-2.3125,True,True,38,24,-10,323204,323190,323228,323199,323212,bp,276.9375,13,-15.0,14,24,2052.0
2669,566.4055821898078,-0.375,False,False,66,32,-24,326250,326229,326295,326246,326258,bp,169.6875,12,1433.0,21,45,2500.0
2670,1101.7951877409894,-0.375,True,False,67,32,-25,326316,326295,326362,326302,326333,bp,118.72268907563027,31,135.0,21,46,3994.0
2671,940.1400941570264,-0.375,True,False,112,-21,38,326437,326362,326474,326396,326456,bp,90.81578947368422,60,-1424.0,75,37,4378.0
2672,2138.2639114559674,-0.375,True,True,75,6,-7,326508,326474,326549,326495,326529,bp,161.9084249084249,34,-1405.0,34,41,6568.0
2673,2307.8095301871103,-0.375,True,True,68,-16,8,326587,326549,326617,326569,326607,bp,158.52222222222224,38,-1301.0,38,30,5252.0
2674,1972.883051846761,-0.375,True,True,62,10,-20,326638,326617,326679,326629,326657,bp,207.76608187134502,28,-1125.0,21,41,5033.0
2675,1739.7167706675643,-0.375,True,True,55,23,-5,326704,326679,326734,326695,326715,bp,220.87878787878788,20,-511.0,25,30,3573.0
2676,772.7631274604338,-0.375,False,False,62,-11,44,326787,326734,326796,326758,326791,bp,107.47844827586206,33,310.0,53,9,1292.0
2677,447.1035716517786,-0.375,False,False,35,12,13,326820,326796,326831,326813,326824,bp,182.35714285714286,11,-385.0,24,11,1737.0
2678,1766.606478189863,-0.375,False,False,64,20,-18,326854,326831,326895,326847,326865,bp,251.27922077922082,18,-3190.0,23,41,3185.0
2679,1513.9460430485433,-0.375,False,False,50,-1,0,326920,326895,326945,326903,326927,bp,175.8361344537815,24,-4445.0,25,25,3552.0
2680,726.7233961591437,-0.375,False,False,67,-1,-17,326970,326945,327012,326950,326991,bp,82.09642857142856,41,-2230.0,25,42,5715.0
2681,1045.5164434100277,-0.375,True,True,84,0,-34,327037,327012,327096,327031,327074,bp,155.7545045045045,43,513.0,25,59,3109.0
2682,1673.9531130094938,-0.375,True,True,82,-4,-2,327136,327096,327178,327117,327158,bp,140.3444976076555,41,-911.0,40,42,7220.0
2683,1383.382930367616,-0.375,False,False,83,-12,-23,327208,327178,327261,327195,327243,bp,149.0098901098901,48,134.0,30,53,3006.0
2684,425.8417119757983,-0.375,True,True,35,4,19,326270,326243,326278,326262,326275,bp,134.625,13,1409.0,27,8,1325.0
2685,1038.6811303454424,-0.375,False,False,64,-12,-14,326303,326278,326342,326292,326326,bp,87.99604743083005,34,814.0,25,39,4400.0
2686,1251.2209322876713,-0.375,True,True,53,15,3,326370,326342,326395,326348,326381,bp,128.4318181818182,33,1571.0,28,25,3024.0
2687,689.6269226070269,-0.375,True,False,83,-10,35,326454,326395,326478,326429,326462,bp,136.175,33,233.0,59,24,2975.0
2688,1629.6768522766467,-0.375,True,False,51,32,-11,326498,326478,326529,326485,326508,bp,165.51153846153846,23,237.0,20,31,4644.0
2689,1064.5084695633245,-0.375,False,False,83,0,31,326586,326529,326612,326563,326598,bp,78.79528985507247,35,1690.0,57,26,1937.0
2690,3617.75068308329,-0.375,False,False,69,10,1,326647,326612,326681,326633,326662,bp,284.33333333333337,29,-3333.0,35,34,9189.0
2691,4081.723944423044,-0.375,True,False,64,3,4,326715,326681,326745,326701,326726,bp,320.26623376623377,25,-2354.0,34,30,7809.0
2692,1705.2552641913144,-0.375,False,False,34,20,8,326766,326745,326779,326754,326773,bp,195.48214285714286,19,1429.0,21,13,3276.0
2693,3338.653126882143,-0.375,False,False,82,2,4,326822,326779,326861,326812,326840,bp,311.62777777777774,28,-3059.0,43,39,7981.0
2694,1906.8544813095864,-0.375,False,False,67,-15,-19,326885,326861,326928,326870,326912,bp,150.16296296296298,42,-1898.0,24,43,3029.0
2695,534.3215846824606,-0.375,True,False,48,-1,8,326956,326928,326976,326939,326960,bp,83.72794117647058,21,-611.0,28,20,1067.0
2696,988.8886355966928,-0.375,False,False,49,0,-27,326987,326976,327025,326980,327006,bp,107.30075187969923,26,-649.0,11,38,3753.0
2697,1164.9154674963147,-0.375,True,True,36,13,-2,327042,327025,327061,327032,327049,bp,160.32142857142856,17,51.0,17,19,2175.0
2698,1356.8691836432179,-0.375,True,True,50,32,0,327086,327061,327111,327079,327094,bp,215.38392857142856,15,-678.0,25,25,3793.0
2699,816.0753281624117,-0.375,True,True,67,12,19,327154,327111,327178,327141,327160,bp,208.28205128205127,19,-25.0,43,24,3729.0
2700,591.1141089236601,-0.375,True,True,51,-1,1,327204,327178,327229,327191,327216,bp,60.92948717948718,25,1526.0,26,25,1194.0
2701,2197.0863180765828,-4.375,True,True,67,18,-19,330452,330428,330495,330436,330463,bp,180.94886363636363,27,587.0,24,43,4652.0
2702,3292.6403422587487,-4.375,True,True,66,20,-16,330520,330495,330561,330508,330527,bp,372.7619047619048,19,-1543.0,25,41,7043.0
2703,1985.2928494856812,-4.375,True,True,51,-10,-1,330586,330561,330612,330566,330600,bp,146.38571428571433,34,1146.0,25,26,5368.0
2704,1588.3400556817826,-4.375,False,False,50,-10,0,330637,330612,330662,330624,330655,bp,110.81837606837608,31,2588.0,25,25,2352.0
2705,1986.833934475376,-4.375,False,False,67,-11,-17,330687,330662,330729,330676,330708,bp,212.50649350649348,32,-2225.0,25,42,3884.0
2706,501.52338990209716,-4.375,False,False,33,-6,-9,330741,330729,330762,330729,330757,bp,12.083333333333336,28,1630.0,12,21,1061.0
2707,2942.791955570376,-4.375,False,False,66,21,-14,330788,330762,330828,330779,330801,bp,354.9059829059829,22,-3999.0,26,40,7167.0
2708,991.2270841546203,-4.375,False,False,83,11,-31,330854,330828,330911,330844,330876,bp,108.62727272727273,32,174.0,26,57,3027.0
2709,1092.8219428628247,-4.375,True,False,50,-10,0,330936,330911,330961,330919,330949,bp,83.89592760180994,30,-8.0,25,25,1925.0
2710,410.8260054496197,-4.375,True,False,34,-1,6,330981,330961,330995,330969,330991,bp,57.4,22,886.0,20,14,1922.0
2711,1535.192425388948,-4.375,True,False,83,13,-7,331033,330995,331078,331012,331044,bp,151.28571428571428,32,-935.0,38,45,4503.0
2712,1158.129999061546,-4.375,True,True,50,-10,2,331104,331078,331128,331089,331116,bp,110.48333333333332,27,616.0,26,24,2794.0
2713,423.1874647065776,-4.375,True,False,33,4,17,331153,331128,331161,331133,331157,bp,116.3,24,996.0,25,8,1458.0
2714,1014.4361534344646,-4.375,False,False,84,-10,34,331220,331161,331245,331185,331226,bp,140.45,41,-425.0,59,25,3155.0
2715,4609.367005119713,-4.375,False,False,66,18,-16,331270,331245,331311,331257,331285,bp,336.7846153846154,28,-6579.0,25,41,9359.0
2716,4817.630782738226,-4.375,True,True,71,20,11,331352,331311,331382,331331,331364,bp,374.47023809523813,33,-8231.0,41,30,12052.0
2717,1201.14273939865,-4.375,False,False,68,17,16,330453,330411,330479,330440,330459,bp,246.3525641025641,19,241.0,42,26,4628.0
2718,2999.334993189865,-4.375,True,True,66,5,2,330513,330479,330545,330495,330526,bp,205.95085470085468,31,-896.0,34,32,6260.0
2719,2589.69024073623,-4.375,False,False,66,-1,6,330581,330545,330611,330562,330592,bp,168.35406698564594,30,-1384.0,36,30,3233.0
2720,453.73691358823515,-4.375,True,False,63,1,-15,330635,330611,330674,330621,330650,bp,29.090476190476192,29,3.0,24,39,1530.0
2721,455.36278566701037,-4.375,False,False,27,8,-1,330687,330674,330701,330680,330690,bp,176.76190476190476,10,-551.0,13,14,1776.0
2722,431.75816459805344,-4.375,False,False,60,-16,-22,330720,330701,330761,330708,330747,bp,43.425925925925924,39,620.0,19,41,2180.0
2723,892.095356205216,-4.375,True,False,45,-18,17,330792,330761,330806,330770,330801,bp,77.00505050505049,31,-362.0,31,14,1742.0
2724,567.5615953205292,-4.375,False,False,38,2,-10,330820,330806,330844,330814,330838,bp,88.69444444444444,24,262.0,14,24,2816.0
2725,1524.3306082649772,-4.375,True,True,68,-15,-14,330871,330844,330912,330864,330905,bp,146.61764705882354,41,-106.0,27,41,4043.0
2726,2236.5168216889083,-4.375,True,True,82,14,-20,330943,330912,330994,330931,330958,bp,210.50833333333333,27,-2717.0,31,51,3665.0
2727,775.2239491207929,-4.375,False,False,83,-24,-39,331016,330994,331077,330999,331054,bp,80.75773993808048,55,-1846.0,22,61,5803.0
2728,1116.4343119306377,-4.375,False,False,51,-21,1,331103,331077,331128,331085,331123,bp,78.8611111111111,38,305.0,26,25,1823.0
2729,299.22266337528606,-4.375,True,True,44,0,8,331154,331128,331172,331140,331160,bp,74.79761904761905,20,631.0,26,18,1753.0
2730,1334.7462959855213,-4.375,True,False,60,6,-30,331187,331172,331232,331180,331211,bp,182.67857142857144,31,-680.0,15,45,4284.0
2731,2878.8349842942243,-4.375,True,True,63,-6,5,331266,331232,331295,331248,331283,bp,186.43464052287587,35,-2366.0,34,29,7202.0
2732,1943.956946704151,-4.375,True,True,66,-7,16,331336,331295,331361,331312,331354,bp,125.36111111111113,42,-2014.0,41,25,3840.0
2733,1138.490545393393,2.7096774193548385,False,False,98,-15,50,334303,334229,334327,334274,334311,bp,155.04310344827587,37,-3930.0,74,24,3461.0
2734,1327.0774518797866,2.7096774193548385,False,False,68,4,-48,334337,334327,334395,334333,334374,bp,208.1418918918919,41,-2787.0,10,58,8694.0
2735,1852.2950256502368,2.7096774193548385,True,False,83,-17,33,334453,334395,334478,334419,334465,bp,150.84313725490196,46,-1483.0,58,25,4609.0
2736,1242.573249264616,2.7096774193548385,True,False,78,-7,0,334517,334478,334556,334494,334531,bp,94.24844720496893,37,-451.0,39,39,3212.0
2737,893.5900386017697,2.7096774193548385,True,False,34,20,-8,334569,334556,334590,334561,334578,bp,152.02083333333331,17,159.0,13,21,2468.0
2738,1115.9027813537832,2.7096774193548385,True,False,72,23,-12,334620,334590,334662,334615,334638,bp,180.63888888888889,23,-47.0,30,42,2357.0
2739,2553.864345727765,2.7096774193548385,True,True,65,8,9,334699,334662,334727,334684,334710,bp,192.5363636363637,26,-1696.0,37,28,5604.0
2740,1474.1174636675635,2.7096774193548385,True,True,84,-4,2,334770,334727,334811,334744,334793,bp,111.79431438127092,49,-2045.0,43,41,5373.0
2741,4161.234859003532,2.7096774193548385,False,False,67,9,17,334853,334811,334878,334838,334862,bp,389.3777777777778,24,-4857.0,42,25,8845.0
2742,1070.4641186037043,2.7096774193548385,False,False,50,1,32,334919,334878,334928,334895,334923,bp,131.22916666666666,28,-211.0,41,9,1554.0
2743,1299.9815268371706,2.7096774193548385,False,False,83,8,-7,334966,334928,335011,334952,334983,bp,137.23529411764707,31,-1173.0,38,45,6324.0
2744,2770.1164760130896,2.7096774193548385,True,True,50,5,-2,335035,335011,335061,335022,335043,bp,277.5048076923077,21,-2066.0,24,26,4848.0
2745,1114.9475959455553,2.7096774193548385,True,True,67,13,-17,335086,335061,335128,335069,335103,bp,95.14705882352942,34,0.0,25,42,4797.0
2746,1875.7144877954904,2.7096774193548385,True,False,65,10,19,335170,335128,335193,335150,335176,bp,174.36666666666667,26,-170.0,42,23,2844.0
2747,746.1981545506794,2.7096774193548385,True,True,51,14,1,335219,335193,335244,335212,335224,bp,263.7285714285714,12,-528.0,26,25,3180.0
2748,1420.8690918026132,2.7096774193548385,True,True,80,-11,-10,334269,334234,334314,334253,334295,bp,106.5841346153846,42,667.0,35,45,4028.0
2749,1547.3760228145422,2.7096774193548385,True,True,64,-25,-14,334339,334314,334378,334326,334370,bp,102.89578163771714,44,1473.0,25,39,4843.0
2750,1005.429321814568,2.7096774193548385,False,False,50,-14,34,334420,334378,334428,334389,334424,bp,123.29838709677419,35,3004.0,42,8,1626.0
2751,443.51912046314146,2.7096774193548385,False,False,50,1,0,334453,334428,334478,334445,334464,bp,127.3806818181818,19,2520.0,25,25,1658.0
2752,2060.9888960945696,2.7096774193548385,False,False,50,-1,-2,334502,334478,334528,334484,334515,bp,168.52564102564102,31,-607.0,24,26,4883.0
2753,934.95142912306,2.7096774193548385,True,True,77,-19,7,334570,334528,334605,334545,334589,bp,70.59578947368422,44,1023.0,42,35,2980.0
2754,1201.4813233189755,2.7096774193548385,True,True,56,-6,6,334636,334605,334661,334614,334651,bp,82.18181818181819,37,101.0,31,25,2073.0
2755,840.6224929903619,2.7096774193548385,True,True,68,15,18,334704,334661,334729,334682,334710,bp,148.7878787878788,28,-327.0,43,25,3908.0
2756,1986.1470107096802,2.7096774193548385,True,True,82,6,0,334770,334729,334811,334753,334788,bp,141.15359477124184,35,-1533.0,41,41,4590.0
2757,3058.3305276900132,2.7096774193548385,False,False,67,-1,-11,334839,334811,334878,334829,334859,bp,286.475,30,-3647.0,28,39,7750.0
2758,1468.6785282052256,2.7096774193548385,False,False,49,-1,-1,334902,334878,334927,334888,334911,bp,131.38095238095238,23,779.0,24,25,2365.0
2759,856.9792384962402,2.7096774193548385,True,False,67,10,-37,334942,334927,334994,334933,334965,bp,112.9855072463768,32,-37.0,15,52,4087.0
2760,809.4930318048596,2.7096774193548385,True,False,66,0,20,335037,334994,335060,335007,335043,bp,123.85,36,1796.0,43,23,3038.0
2761,1392.839431422275,2.7096774193548385,True,True,51,-2,7,335089,335060,335111,335079,335103,bp,150.78571428571428,24,931.0,29,22,2392.0
2762,546.1137407587522,2.7096774193548385,True,True,83,-21,-1,335152,335111,335194,335125,335176,bp,47.34953703703704,51,987.0,41,42,2717.0
2763,2108.7568935562376,2.7096774193548385,True,True,51,2,-1,335219,335194,335245,335206,335233,bp,198.1950549450549,27,-1628.0,25,26,5090.0
2764,2646.4682743055537,-3.4411764705882355,True,False,95,24,-21,338369,338332,338427,338352,338381,bp,235.78431372549028,29,-2849.0,37,58,6227.0
2765,3420.4180265598043,-3.4411764705882355,False,False,50,11,-8,338448,338427,338477,338434,338459,bp,293.7435064935065,25,-3414.0,21,29,7851.0
2766,977.2007082285547,-3.4411764705882355,False,False,66,-19,18,338519,338477,338543,338495,338530,bp,86.8844696969697,35,1209.0,42,24,1910.0
2767,339.8973472555984,-3.4411764705882355,True,False,34,33,-16,338552,338543,338577,338546,338562,bp,196.4,16,644.0,9,25,1884.0
2768,1053.507637812578,-3.4411764705882355,True,False,84,25,-2,338618,338577,338661,338611,338638,bp,179.7035714285714,27,-364.0,41,43,5304.0
2769,1029.7904970028412,-3.4411764705882355,True,False,99,-1,17,338719,338661,338760,338690,338731,bp,115.71264367816092,41,256.0,58,41,3503.0
2770,2384.729431172497,-3.4411764705882355,True,False,51,20,3,338787,338760,338811,338771,338800,bp,168.79326923076925,29,-1742.0,27,24,4218.0
2771,3224.20072314675,-3.4411764705882355,True,True,78,29,18,338859,338811,338889,338849,338872,bp,275.15,23,-3597.0,48,30,5910.0
2772,3636.958933819033,-3.4411764705882355,True,False,105,33,-13,338935,338889,338994,338924,338948,bp,334.90559440559434,24,-5580.0,46,59,8115.0
2773,3278.8816382324126,-3.4411764705882355,False,False,50,20,0,339019,338994,339044,339005,339031,bp,290.82738095238096,26,-5059.0,25,25,7448.0
2774,1752.772207788236,-3.4411764705882355,False,False,83,7,1,339086,339044,339127,339077,339105,bp,180.1549707602339,28,-1123.0,42,41,4794.0
2775,4010.335640228525,-3.4411764705882355,False,False,67,19,-15,339153,339127,339194,339140,339166,bp,371.3461538461538,26,-6136.0,26,41,8853.0
2776,1832.0677093296845,-3.4411764705882355,False,False,66,5,6,339230,339194,339260,339211,339243,bp,126.55465587044534,32,-1517.0,36,30,3494.0
2777,1094.3848006164592,-3.4411764705882355,True,True,52,3,0,339286,339260,339312,339280,339301,bp,163.23333333333332,21,-724.0,26,26,3124.0
2778,935.852294051327,-3.4411764705882355,True,False,49,20,-9,339332,339312,339361,339325,339345,bp,155.0,20,249.0,20,29,2843.0
2779,2002.2138652522929,-3.4411764705882355,True,True,67,2,5,338363,338327,338394,338345,338377,bp,158.7420634920635,32,-2720.0,36,31,5106.0
2780,1451.363821068587,-3.4411764705882355,True,False,50,-15,8,338423,338394,338444,338411,338437,bp,146.32142857142856,26,-1927.0,29,21,2739.0
2781,133.97046581233954,-3.4411764705882355,True,True,37,17,-13,338456,338444,338481,338448,338464,bp,121.75,16,-764.0,12,25,1717.0
2782,333.0975682545102,-3.4411764705882355,True,True,46,7,-4,338502,338481,338527,338497,338513,bp,125.06363636363636,16,-430.0,21,25,2158.0
2783,1461.1519334988236,-3.4411764705882355,True,True,50,0,0,338552,338527,338577,338536,338565,bp,142.1730769230769,29,-1867.0,25,25,4390.0
2784,1099.8057279277853,-3.4411764705882355,True,True,67,25,-15,338603,338577,338644,338594,338609,bp,204.16666666666669,15,-960.0,26,41,2591.0
2785,511.0057630076676,-3.4411764705882355,True,True,50,4,0,338669,338644,338694,338649,338675,bp,75.06666666666666,26,-60.0,25,25,1407.0
2786,494.3931562512314,-3.4411764705882355,True,True,69,7,-19,338719,338694,338763,338705,338739,bp,70.84285714285714,34,-845.0,25,44,2536.0
2787,980.6780471474576,-3.4411764705882355,True,True,81,5,-25,338791,338763,338844,338780,338813,bp,115.72727272727272,33,-1267.0,28,53,2161.0
2788,1148.0856111088824,-3.4411764705882355,True,True,50,-2,-8,338865,338844,338894,338851,338879,bp,111.71428571428572,28,-1777.0,21,29,2929.0
2789,635.7266295881587,-3.4411764705882355,False,False,39,2,11,338919,338894,338933,338905,338922,bp,151.92857142857144,17,-1715.0,25,14,1364.0
2790,434.8497970359047,-3.4411764705882355,True,True,44,11,-6,338952,338933,338977,338941,338956,bp,108.1931818181818,15,-1668.0,19,25,1697.0
2791,239.5096167338645,-3.4411764705882355,True,True,32,18,-14,338986,338977,339009,338982,338989,bp,224.5,7,-1551.0,9,23,2165.0
2792,890.2503987609406,-3.4411764705882355,True,True,34,18,-12,339020,339009,339043,339014,339026,bp,192.91666666666663,12,-2008.0,11,23,2288.0
2793,281.1305474533007,-3.4411764705882355,True,False,34,-1,10,339065,339043,339077,339056,339071,bp,101.58333333333334,15,-1745.0,22,12,1192.0
2794,741.7200198662068,-3.4411764705882355,True,False,66,6,-18,339101,339077,339143,339085,339114,bp,80.80288461538461,29,-2439.0,24,42,2602.0
2795,972.4821178690597,-3.4411764705882355,True,True,67,-8,-15,339169,339143,339210,339149,339187,bp,75.00277777777778,38,-2542.0,26,41,3386.0
2796,880.3827946034932,-3.4411764705882355,True,True,67,-1,17,339252,339210,339277,339217,339264,bp,92.79166666666669,47,-1868.0,42,25,3401.0
2797,930.7276552427696,-3.4411764705882355,True,True,84,-23,2,339320,339277,339361,339310,339354,bp,86.61764705882355,44,-1032.0,43,41,3358.0
2798,1539.160746074747,5.878787878787879,True,True,67,11,-19,342935,342911,342978,342923,342956,bp,116.7738095238095,33,-1601.0,24,43,4006.0
2799,2188.0078041758547,5.878787878787879,True,True,82,19,-2,343018,342978,343060,343000,343032,bp,178.0079365079365,32,-1785.0,40,42,6310.0
2800,3182.142836282202,5.878787878787879,True,True,66,26,6,343096,343060,343126,343083,343108,bp,241.47115384615384,25,-578.0,36,30,6466.0
2801,3308.709338617335,5.878787878787879,True,True,84,26,2,343169,343126,343210,343159,343181,bp,352.0333333333333,22,-2927.0,43,41,6015.0
2802,2268.9409496170506,5.878787878787879,True,True,54,8,-2,343236,343210,343264,343229,343252,bp,233.1517857142857,23,-1454.0,26,28,4798.0
2803,636.4957118714052,5.878787878787879,True,False,84,-34,36,343324,343264,343348,343283,343339,bp,48.72113821138211,56,622.0,60,24,1958.0
2804,555.8791222176898,5.878787878787879,False,False,33,11,9,343369,343348,343381,343361,343373,bp,151.4375,12,205.0,21,12,1118.0
2805,97.10769420004299,5.878787878787879,False,False,29,17,21,343406,343381,343410,343396,343407,bp,64.95,11,156.0,25,4,232.0
2806,935.68575415184,5.878787878787879,False,False,67,22,17,343452,343410,343477,343435,343463,bp,160.50534759358288,28,-2260.0,42,25,3198.0
2807,181.60341023764272,5.878787878787879,True,False,83,16,33,343535,343477,343560,343513,343537,bp,228.47727272727272,24,-2011.0,58,25,2243.0
2808,363.2346657334803,5.878787878787879,True,False,32,32,16,343584,343560,343592,343577,343587,bp,215.8333333333333,10,-2141.0,24,8,1757.0
2809,134.60088444121558,5.878787878787879,True,False,84,29,4,343636,343592,343676,343629,343648,bp,128.0952380952381,19,-2723.0,44,40,1881.0
2810,182.7919081709971,5.878787878787879,True,False,35,11,15,343701,343676,343711,343696,343704,bp,212.16666666666669,8,-2766.0,25,10,1477.0
2811,466.78183396445803,5.878787878787879,True,True,32,2,6,343730,343711,343743,343723,343738,bp,60.464285714285715,15,-2364.0,19,13,1854.0
2812,203.28640074291593,5.878787878787879,True,False,34,-1,16,343768,343743,343777,343755,343772,bp,119.47115384615385,17,-1957.0,25,9,1876.0
2813,606.2113779739595,5.878787878787879,True,False,67,-11,-17,343802,343777,343844,343788,343824,bp,73.49025974025976,36,-2188.0,25,42,2230.0
2814,389.3103931616976,5.878787878787879,False,False,34,6,16,343869,343844,343878,343849,343870,bp,94.65,21,-1952.0,25,9,383.0
2815,3408.759796369105,5.878787878787879,True,False,84,14,-20,342941,342909,342993,342930,342958,bp,256.62566844919786,28,-4021.0,32,52,7238.0
2816,2845.536406115547,5.878787878787879,True,False,50,23,-10,343013,342993,343043,343000,343023,bp,252.67692307692303,23,-2367.0,20,30,5869.0
2817,1230.202313072567,5.878787878787879,True,True,83,-24,13,343091,343043,343126,343069,343113,bp,62.65909090909091,44,-48.0,48,35,4269.0
2818,1226.242362290785,5.878787878787879,True,True,67,-3,19,343169,343126,343193,343133,343178,bp,135.38888888888889,45,-95.0,43,24,3747.0
2819,2531.0015391769643,5.878787878787879,True,True,83,5,3,343236,343193,343276,343220,343248,bp,224.3333333333333,28,-2513.0,43,40,6200.0
2820,1353.792549635787,5.878787878787879,True,True,67,3,-5,343307,343276,343343,343281,343320,bp,80.71153846153845,39,254.0,31,36,2658.0
2821,647.9081236174187,5.878787878787879,False,False,65,33,21,343386,343343,343408,343362,343389,bp,120.85416666666669,27,410.0,43,22,1106.0
2822,655.0460939452832,5.878787878787879,False,False,84,3,6,343453,343408,343492,343449,343476,bp,198.67391304347825,27,-906.0,45,39,2191.0
2823,793.146462811071,5.878787878787879,True,False,68,-19,8,343530,343492,343560,343506,343546,bp,96.36458333333331,40,-1569.0,38,30,3376.0
2824,911.025540327188,5.878787878787879,True,False,33,1,17,343585,343560,343593,343567,343589,bp,207.16666666666663,22,-2119.0,25,8,2404.0
2825,699.2180143332048,5.878787878787879,True,True,52,12,-6,343616,343593,343645,343612,343630,bp,258.94642857142856,18,-2153.0,23,29,2880.0
2826,347.32164756530267,5.878787878787879,True,True,50,-24,-12,343664,343645,343695,343660,343691,bp,118.32407407407408,31,-807.0,19,31,1360.0
2827,824.165439356183,5.878787878787879,True,True,43,1,-19,343707,343695,343738,343698,343723,bp,107.13194444444444,25,-1552.0,12,31,2289.0
2828,881.7604122823378,5.878787878787879,True,True,40,-7,12,343764,343738,343778,343749,343772,bp,110.75,23,-1741.0,26,14,2107.0
2829,325.7064601045159,5.878787878787879,True,True,48,3,0,343802,343778,343826,343788,343812,bp,63.90714285714286,24,-1024.0,24,24,1796.0
2830,606.2770771509287,5.878787878787879,True,True,52,-9,10,343857,343826,343878,343839,343872,bp,54.13888888888889,33,-1416.0,31,21,2160.0
2831,681.1283067638598,-0.631578947368421,True,True,63,19,-13,346151,346126,346189,346130,346156,bp,133.63809523809522,26,-1126.0,25,38,2341.0
2832,1223.492434591306,-0.631578947368421,True,True,50,8,8,346218,346189,346239,346201,346224,bp,159.58333333333331,23,-1601.0,29,21,3209.0
2833,1173.4086442751054,-0.631578947368421,True,True,65,-12,-7,346268,346239,346304,346255,346290,bp,119.72027972027969,35,-1923.0,29,36,3889.0
2834,947.3216305317641,-0.631578947368421,True,True,39,-3,-1,346323,346304,346343,346313,346338,bp,113.26666666666668,25,-513.0,19,20,3021.0
2835,566.8818921951856,-0.631578947368421,False,False,67,8,17,346385,346343,346410,346360,346390,bp,215.04,30,379.0,42,25,4545.0
2836,1498.6102992619205,-0.631578947368421,True,True,49,5,3,346436,346410,346459,346428,346446,bp,225.7125,18,61.0,26,23,2706.0
2837,1483.9605930360412,-0.631578947368421,True,True,51,-6,1,346485,346459,346510,346469,346498,bp,130.41586538461542,29,-733.0,26,25,4245.0
2838,2172.574249809796,-0.631578947368421,False,False,79,11,-29,346535,346510,346589,346521,346550,bp,191.42380952380955,29,-2170.0,25,54,5094.0
2839,309.5110214596635,-0.631578947368421,False,False,37,-25,-35,346590,346589,346626,346590,346622,bp,,32,2973.0,1,36,1786.0
2840,204.84196200271725,-0.631578947368421,False,False,34,-7,-10,346638,346626,346660,346629,346656,bp,40.02777777777778,27,3908.0,12,22,984.0
2841,1453.7800835800851,-0.631578947368421,False,False,50,15,0,346685,346660,346710,346676,346696,bp,174.40404040404042,20,1811.0,25,25,3681.0
2842,1808.1636256124814,-0.631578947368421,False,False,67,-2,15,346751,346710,346777,346731,346757,bp,210.45,26,986.0,41,26,3783.0
2843,422.4852793593215,-0.631578947368421,False,False,38,3,12,346802,346777,346815,346781,346805,bp,120.92857142857143,24,3542.0,25,13,1578.0
2844,640.4089590320789,-0.631578947368421,False,False,61,-7,11,346851,346815,346876,346832,346864,bp,61.85627530364372,32,2110.0,36,25,1414.0
2845,530.2228995799742,-0.631578947368421,False,False,51,-18,33,346918,346876,346927,346889,346923,bp,96.5310344827586,34,718.0,42,9,1373.0
2846,262.5278088721086,-0.631578947368421,True,True,33,4,17,346952,346927,346960,346939,346957,bp,81.01538461538463,18,868.0,25,8,1442.0
2847,552.2061724804566,-0.631578947368421,True,True,48,0,4,346986,346960,347008,346979,346998,bp,83.52976190476191,19,506.0,26,22,942.0
2848,538.2893469092742,-0.631578947368421,False,False,35,-1,-13,347019,347008,347043,347017,347036,bp,160.08823529411762,19,547.0,11,24,2905.0
2849,821.9441061233772,-0.631578947368421,False,False,49,-7,1,347068,347043,347092,347054,347081,bp,52.46978021978022,27,1392.0,25,24,1675.0
2850,499.19396901097434,-0.631578947368421,False,False,67,-5,21,347136,347092,347159,347101,347147,bp,57.759740259740255,46,-379.0,44,23,2152.0
2851,1224.409237549452,-0.631578947368421,True,True,46,16,-2,346169,346147,346193,346162,346179,bp,173.44285714285712,17,-1406.0,22,24,3457.0
2852,1719.2415245094821,-0.631578947368421,True,True,69,7,-17,346219,346193,346262,346212,346239,bp,207.3964285714286,27,-1989.0,26,43,3834.0
2853,1351.9837807635565,-0.631578947368421,True,True,47,6,-1,346285,346262,346309,346273,346294,bp,160.52777777777774,21,-2067.0,23,24,3109.0
2854,470.58839264602005,-0.631578947368421,False,False,81,-4,-27,346336,346309,346390,346321,346363,bp,91.48888888888888,42,-1000.0,27,54,4779.0
2855,920.3824630313187,-0.631578947368421,False,False,53,-21,5,346419,346390,346443,346401,346439,bp,69.33055555555556,38,-28.0,29,24,1415.0
2856,1080.732128769466,-0.631578947368421,True,True,66,-4,-16,346468,346443,346509,346456,346491,bp,93.06702898550724,35,-1194.0,25,41,3612.0
2857,760.4187434235163,-0.631578947368421,False,False,67,-16,-13,346536,346509,346576,346522,346563,bp,78.60582010582009,41,-640.0,27,40,3560.0
2858,277.7725175496149,-0.631578947368421,False,False,35,-6,17,346602,346576,346611,346588,346607,bp,62.25,19,1612.0,26,9,1302.0
2859,533.6743791892111,-0.631578947368421,False,False,48,-14,-10,346630,346611,346659,346620,346653,bp,32.48913043478261,33,1973.0,19,29,2136.0
2860,753.5520371785099,-0.631578947368421,True,True,51,-19,3,346686,346659,346710,346672,346706,bp,67.76428571428572,34,1388.0,27,24,2177.0
2861,1267.9418344484552,-0.631578947368421,True,True,65,5,7,346746,346710,346775,346721,346755,bp,119.14222222222223,34,963.0,36,29,3311.0
2862,1765.5074620457708,-0.631578947368421,True,False,85,27,-29,346803,346775,346860,346794,346822,bp,179.38011695906434,28,-414.0,28,57,3613.0
2863,948.4637976610243,-0.631578947368421,True,False,50,-9,34,346902,346860,346910,346877,346905,bp,151.24666666666667,28,58.0,42,8,1803.0
2864,219.1933883277338,-0.631578947368421,False,False,50,1,0,346935,346910,346960,346924,346945,bp,63.87272727272728,21,381.0,25,25,1319.0
2865,1123.6652598932856,-0.631578947368421,False,False,50,-10,0,346985,346960,347010,346967,346996,bp,139.92171717171718,29,-1282.0,25,25,3027.0
2866,735.3148939334766,-0.631578947368421,True,False,33,7,-11,347021,347010,347043,347015,347037,bp,135.76041666666669,22,-605.0,11,22,2225.0
2867,716.5182054525006,-0.631578947368421,True,False,67,2,17,347085,347043,347110,347066,347097,bp,79.41008771929825,31,-738.0,42,25,1459.0
2868,670.551481338558,-0.631578947368421,True,True,72,3,-16,347138,347110,347182,347130,347163,bp,89.2175,33,-1222.0,28,44,2310.0
2869,2705.144897784984,-5.676470588235294,True,True,67,5,-13,350703,350676,350743,350693,350722,bp,211.71052631578945,29,-2129.0,27,40,5632.0
2870,1216.8380362167568,-5.676470588235294,True,True,66,-6,-6,350773,350743,350809,350756,350788,bp,84.08235294117647,32,-22.0,30,36,2303.0
2871,745.3573836196929,-5.676470588235294,True,True,67,30,-43,350821,350809,350876,350814,350839,bp,120.6825396825397,25,138.0,12,55,2470.0
2872,620.5608327766737,-5.676470588235294,True,True,50,17,0,350901,350876,350926,350894,350913,bp,90.00595238095238,19,975.0,25,25,1800.0
2873,655.6656392012866,-5.676470588235294,False,False,51,-10,23,350963,350926,350977,350949,350973,bp,94.64285714285714,24,-100.0,37,14,1307.0
2874,457.8535351363243,-5.676470588235294,True,False,51,6,-1,351002,350977,351028,350987,351020,bp,41.75555555555556,33,41.0,25,26,2303.0
2875,1270.3667979275308,-5.676470588235294,True,True,69,17,11,351068,351028,351097,351059,351079,bp,176.86868686868686,20,-1085.0,40,29,3082.0
2876,896.4348635569937,-5.676470588235294,True,True,63,1,13,351135,351097,351160,351116,351147,bp,90.98903508771929,31,-1244.0,38,25,1870.0
2877,673.3280857875493,-5.676470588235294,True,True,50,-13,2,351186,351160,351210,351179,351203,bp,119.27731092436973,24,-1466.0,26,24,2975.0
2878,796.5002657420578,-5.676470588235294,True,False,49,13,-31,351219,351210,351259,351214,351238,bp,149.15263157894736,24,-354.0,9,40,3049.0
2879,2024.9462590065375,-5.676470588235294,True,True,67,9,-15,351285,351259,351326,351275,351305,bp,164.725,30,-1162.0,26,41,5293.0
2880,1008.0999176330438,-5.676470588235294,False,False,84,9,-34,351351,351326,351410,351344,351379,bp,176.83928571428572,35,764.0,25,59,2561.0
2881,442.4955527730375,-5.676470588235294,False,False,50,-16,0,351435,351410,351460,351423,351451,bp,45.8125,28,2511.0,25,25,2242.0
2882,936.826929900674,-5.676470588235294,True,True,46,-1,-16,351475,351460,351506,351463,351490,bp,88.175,27,2984.0,15,31,2604.0
2883,1060.2160340384655,-5.676470588235294,True,True,50,6,8,351535,351506,351556,351516,351541,bp,115.51315789473685,25,3320.0,29,21,2287.0
2884,430.38719038518616,-5.676470588235294,False,False,70,-16,24,351603,351556,351626,351572,351620,bp,44.53510436432638,48,2364.0,47,23,1342.0
2885,455.0093187346429,-5.676470588235294,False,False,67,8,17,351668,351626,351693,351652,351671,bp,123.97916666666669,19,688.0,42,25,1587.0
2886,605.1555543313407,-5.676470588235294,False,False,19,14,7,350688,350675,350694,350679,350691,bp,120.33333333333331,12,1252.0,13,6,967.0
2887,730.7928031845969,-5.676470588235294,False,False,82,-29,0,350735,350694,350776,350717,350770,bp,70.09523809523809,53,-947.0,41,41,3324.0
2888,1295.5903697622487,-5.676470588235294,False,False,79,10,-27,350802,350776,350855,350794,350823,bp,156.79166666666666,29,-1317.0,26,53,2779.0
2889,388.6419280072914,-5.676470588235294,False,False,37,13,-17,350865,350855,350892,350862,350873,bp,180.75,11,344.0,10,27,2224.0
2890,822.0290658746717,-5.676470588235294,True,True,35,-5,5,350912,350892,350927,350897,350919,bp,88.1,22,460.0,20,15,1927.0
2891,843.4897887060312,-5.676470588235294,True,True,49,-12,1,350952,350927,350976,350936,350972,bp,62.8375,36,-546.0,25,24,1814.0
2892,1347.7697279907195,-5.676470588235294,True,True,67,13,-11,351004,350976,351043,350996,351021,bp,125.45588235294115,25,-1080.0,28,39,3550.0
2893,1748.6549677202975,-5.676470588235294,True,True,65,11,-15,351068,351043,351108,351059,351089,bp,181.88888888888889,30,-1877.0,25,40,4468.0
2894,593.0776324292857,-5.676470588235294,True,False,84,-8,36,351168,351108,351192,351130,351175,bp,113.27443609022556,45,-783.0,60,24,2821.0
2895,958.48974014498,-5.676470588235294,True,True,68,21,-14,351219,351192,351260,351212,351231,bp,192.35119047619045,19,-1273.0,27,41,3609.0
2896,1213.2220018871526,-5.676470588235294,True,True,48,19,-14,351277,351260,351308,351271,351291,bp,142.1547619047619,20,94.0,17,31,3268.0
2897,1299.5321008829762,-5.676470588235294,True,True,68,-4,-12,351336,351308,351376,351330,351362,bp,188.16025641025644,32,-32.0,28,40,3967.0
2898,2323.671345345192,-5.676470588235294,True,False,84,20,-32,351402,351376,351460,351390,351417,bp,209.23333333333332,27,-1394.0,26,58,5865.0
2899,1565.0260121701092,-5.676470588235294,True,False,49,3,-25,351472,351460,351509,351464,351487,bp,177.25,23,821.0,12,37,3743.0
2900,1221.2381603181889,-5.676470588235294,True,True,41,4,11,351535,351509,351550,351513,351541,bp,133.4469696969697,28,1900.0,26,15,3149.0
2901,392.6490908358933,-5.676470588235294,False,False,109,-27,-9,351600,351550,351659,351573,351631,bp,37.996415770609325,58,355.0,50,59,1890.0
2902,610.131388732072,-5.676470588235294,True,True,34,19,-16,351668,351659,351693,351662,351675,bp,144.32142857142858,13,109.0,9,25,1489.0
2903,279.2249375799739,-4.451612903225806,False,False,65,35,-47,354601,354592,354657,354597,354613,bp,75.04166666666666,16,1515.0,9,56,2528.0
2904,614.1153799277419,-4.451612903225806,False,False,37,31,19,354685,354657,354694,354664,354688,bp,75.26190476190476,24,1464.0,28,9,501.0
2905,2370.381448998611,-4.451612903225806,False,False,99,28,39,354763,354694,354793,354743,354772,bp,235.65,29,-4568.0,69,30,5738.0
2906,3339.0536726213722,-4.451612903225806,True,True,83,29,1,354835,354793,354876,354829,354853,bp,366.36111111111114,24,-4351.0,42,41,9521.0
2907,3529.805910058868,-4.451612903225806,True,True,83,10,1,354918,354876,354959,354906,354936,bp,287.70833333333337,30,-2939.0,42,41,7998.0
2908,3196.3422601698344,-4.451612903225806,True,False,64,-10,14,354998,354959,355023,354976,355008,bp,237.2090909090909,32,-1340.0,39,25,7167.0
2909,1094.1833631509098,-4.451612903225806,False,False,36,-16,-2,355040,355023,355059,355030,355056,bp,118.30625,26,1814.0,17,19,567.0
2910,2841.216798353105,-4.451612903225806,False,False,67,27,-35,355075,355059,355126,355066,355096,bp,273.03968253968253,30,-3372.0,16,51,8974.0
2911,2163.6744868524647,-4.451612903225806,True,True,68,3,18,355169,355126,355194,355153,355186,bp,154.85661764705884,33,-421.0,43,25,4256.0
2912,1662.1247843293233,-4.451612903225806,False,False,66,-6,16,355235,355194,355260,355222,355250,bp,165.58205128205128,28,-1397.0,41,25,4130.0
2913,1046.0088535843297,-4.451612903225806,False,False,50,0,0,355285,355260,355310,355272,355303,bp,74.5363247863248,31,670.0,25,25,2205.0
2914,1592.8911023999954,-4.451612903225806,False,False,83,1,-1,355351,355310,355393,355334,355373,bp,126.25935828877004,39,-1967.0,41,42,4746.0
2915,1882.80217011638,-4.451612903225806,True,True,83,31,-25,355422,355393,355476,355413,355438,bp,186.89930555555557,25,-1897.0,29,54,3646.0
2916,1603.1150207785254,-4.451612903225806,True,True,67,3,-15,355502,355476,355543,355494,355522,bp,180.725,28,-3010.0,26,41,2989.0
2917,1138.7802931688825,-4.451612903225806,True,False,66,20,-16,355568,355543,355609,355553,355575,bp,140.34285714285716,22,-3047.0,25,41,2645.0
2918,544.6685378727327,-4.451612903225806,True,True,47,-5,-7,354602,354582,354629,354589,354617,bp,72.13333333333333,28,-858.0,20,27,2262.0
2919,881.2805294320456,-4.451612903225806,True,False,64,-9,-20,354651,354629,354693,354640,354679,bp,91.44480519480518,39,-1192.0,22,42,3311.0
2920,1142.01218071532,-4.451612903225806,True,True,83,18,1,354735,354693,354776,354709,354741,bp,134.05769230769232,32,-1557.0,42,41,2847.0
2921,506.0561034400658,-4.451612903225806,True,True,84,4,-34,354801,354776,354860,354791,354832,bp,73.69193548387095,41,-1156.0,25,59,3469.0
2922,1777.4239953671563,-4.451612903225806,True,True,82,51,-30,354886,354860,354942,354877,354904,bp,215.22222222222226,27,-2449.0,26,56,3917.0
2923,1697.0897685898312,-4.451612903225806,True,False,80,9,18,354991,354942,355022,354982,355003,bp,186.13888888888889,21,-1656.0,49,31,4547.0
2924,1762.551213527366,-4.451612903225806,True,False,43,0,5,355046,355022,355065,355033,355055,bp,163.15811965811966,22,-1853.0,24,19,2685.0
2925,996.0534562942897,-4.451612903225806,True,False,62,2,-22,355085,355065,355127,355077,355109,bp,150.16666666666666,32,-2315.0,20,42,5172.0
2926,2198.7684748995475,-4.451612903225806,True,True,67,1,-15,355153,355127,355194,355143,355171,bp,183.4111111111111,28,-1252.0,26,41,5752.0
2927,1551.437066883345,-4.451612903225806,True,True,54,18,-8,355217,355194,355248,355200,355222,bp,185.3529411764706,22,596.0,23,31,2830.0
2928,1154.5563019180215,-4.451612903225806,True,True,62,19,-20,355269,355248,355310,355262,355286,bp,160.26890756302518,24,192.0,21,41,3041.0
2929,1345.3483691120712,-4.451612903225806,True,True,78,-22,10,355354,355310,355388,355329,355374,bp,106.865,45,-302.0,44,34,5682.0
2930,1316.2493748619704,-4.451612903225806,False,False,39,-6,11,355413,355388,355427,355397,355423,bp,74.19375,26,2260.0,25,14,1365.0
2931,1263.2949616658145,-4.451612903225806,False,False,49,1,1,355452,355427,355476,355443,355468,bp,120.57986111111113,25,1224.0,25,24,2847.0
2932,2670.5427086858567,-4.451612903225806,False,False,64,5,12,355514,355476,355540,355494,355520,bp,261.28333333333336,26,-3317.0,38,26,4300.0
2933,2428.3348252364976,-4.451612903225806,True,True,53,8,-7,355563,355540,355593,355551,355571,bp,285.9166666666667,20,-4651.0,23,30,5725.0
2934,1656.4243805714752,-3.057142857142857,True,True,61,1,1,358435,358404,358465,358427,358451,bp,209.3125,24,-2208.0,31,30,4083.0
2935,1052.513801786025,-3.057142857142857,False,False,77,6,-39,358484,358465,358542,358476,358512,bp,106.51785714285714,36,-387.0,19,58,2926.0
2936,3526.2663348804967,-3.057142857142857,False,False,50,9,-2,358566,358542,358592,358554,358574,bp,417.0625,20,-5882.0,24,26,8154.0
2937,757.0110595418267,-3.057142857142857,False,False,50,13,2,358618,358592,358642,358603,358624,bp,145.86666666666667,21,1088.0,26,24,3244.0
2938,2895.087133166411,-3.057142857142857,True,True,50,14,2,358668,358642,358692,358658,358676,bp,363.2875,18,-2006.0,26,24,6198.0
2939,2133.88747002309,-3.057142857142857,True,True,66,7,-14,358718,358692,358758,358708,358735,bp,225.94117647058826,27,-2145.0,26,40,4080.0
2940,1760.4092415016958,-3.057142857142857,True,True,51,23,-7,358780,358758,358809,358769,358790,bp,162.30454545454546,21,-1366.0,22,29,3825.0
2941,3068.008838633069,-3.057142857142857,True,True,84,26,-6,358848,358809,358893,358834,358859,bp,270.84415584415586,25,-3983.0,39,45,7212.0
2942,1886.081035883436,-3.057142857142857,True,True,83,-5,-1,358934,358893,358976,358910,358952,bp,126.25694444444444,42,-2306.0,41,42,5011.0
2943,1438.0967950553063,-3.057142857142857,True,True,50,13,2,359002,358976,359026,358989,359010,bp,160.84615384615384,21,-1216.0,26,24,2736.0
2944,1331.754875758844,-3.057142857142857,False,False,66,2,-14,359052,359026,359092,359044,359068,bp,194.71875,24,-2557.0,26,40,4511.0
2945,597.3374569413595,-3.057142857142857,False,False,34,-4,-14,359102,359092,359126,359094,359119,bp,122.31617647058823,25,128.0,10,24,3242.0
2946,605.4657295169968,-3.057142857142857,True,True,50,-13,8,359155,359126,359176,359140,359170,bp,65.3,30,1356.0,29,21,2002.0
2947,137.10687585008566,-3.057142857142857,True,True,36,-1,12,359200,359176,359212,359187,359205,bp,72.86923076923077,18,2262.0,24,12,1535.0
2948,1075.7121909195712,-3.057142857142857,False,False,63,-2,-15,359236,359212,359275,359222,359255,bp,87.68233082706767,33,2540.0,24,39,4516.0
2949,1152.9078016799374,-3.057142857142857,True,False,51,2,1,359301,359275,359326,359286,359307,bp,93.28333333333332,21,4487.0,26,25,1749.0
2950,186.34509074611424,-3.057142857142857,False,False,22,15,-4,359335,359326,359348,359330,359340,bp,165.0,10,4177.0,9,13,998.0
2951,986.8247206926037,-3.057142857142857,False,False,83,22,-5,359387,359348,359431,359365,359396,bp,144.62878787878788,31,213.0,39,44,1733.0
2952,2448.007492718302,-3.057142857142857,True,True,49,-2,-3,358429,358406,358455,358411,358439,bp,180.67222222222225,28,-2593.0,23,26,4940.0
2953,1497.0014954414748,-3.057142857142857,True,True,50,-13,10,358485,358455,358505,358465,358497,bp,116.00833333333333,32,-1869.0,30,20,3014.0
2954,619.1400161984219,-3.057142857142857,True,False,38,6,20,358534,358505,358543,358516,358538,bp,169.29166666666666,22,-1038.0,29,9,2628.0
2955,1416.361035096313,-3.057142857142857,False,False,82,5,0,358584,358543,358625,358566,358595,bp,169.41666666666669,29,-3103.0,41,41,4943.0
2956,550.3472906495653,-3.057142857142857,False,False,35,28,-17,358634,358625,358660,358629,358640,bp,138.66666666666666,11,380.0,9,26,1985.0
2957,826.1530143164432,-3.057142857142857,True,True,49,12,1,358685,358660,358709,358679,358690,bp,158.75,11,1085.0,25,24,2198.0
2958,772.2759300726287,-3.057142857142857,True,False,51,0,-31,358719,358709,358760,358713,358747,bp,159.39880952380952,34,-49.0,10,41,2679.0
2959,1081.6476468524347,-3.057142857142857,True,True,55,19,-5,358785,358760,358815,358781,358797,bp,221.8333333333333,16,512.0,25,30,3703.0
2960,2629.480884332261,-3.057142857142857,True,True,73,19,-11,358846,358815,358888,358832,358856,bp,258.25,24,-1779.0,31,42,5972.0
2961,1645.3769261606315,-3.057142857142857,True,False,87,0,-29,358917,358888,358975,358899,358947,bp,134.05,48,-1422.0,29,58,5671.0
2962,1746.7924752426845,-3.057142857142857,True,False,51,14,3,359002,358975,359026,358995,359012,bp,261.17857142857144,17,-364.0,27,24,3837.0
2963,1827.642752668296,-3.057142857142857,True,True,66,37,10,359064,359026,359092,359043,359075,bp,181.55194805194802,32,-1588.0,38,28,5045.0
2964,364.17593514871396,-3.057142857142857,True,False,100,4,50,359167,359092,359192,359144,359173,bp,113.17753623188406,29,849.0,75,25,2301.0
2965,1252.8220300490664,-3.057142857142857,True,False,52,0,0,359218,359192,359244,359206,359236,bp,116.80555555555556,30,989.0,26,26,4002.0
2966,975.116361900858,-3.057142857142857,True,True,77,-8,3,359284,359244,359321,359266,359301,bp,85.29084967320263,35,1856.0,40,37,2693.0
2967,1633.9048500694626,-3.057142857142857,True,True,55,4,-27,359335,359321,359376,359328,359356,bp,184.35714285714286,28,1340.0,14,41,4441.0
2968,895.1084607095671,-3.057142857142857,False,False,66,-17,12,359415,359376,359442,359388,359430,bp,71.56296296296296,42,-78.0,39,27,2182.0
2969,1159.8891466920995,-0.8571428571428571,True,False,66,-22,-14,362718,362692,362758,362699,362741,bp,80.93478260869566,42,-367.0,26,40,2665.0
2970,186.96378011920254,-0.8571428571428571,False,False,34,18,-16,362767,362758,362792,362761,362778,bp,139.0681818181818,17,826.0,9,25,1468.0
2971,1304.6088018656171,-0.8571428571428571,False,False,83,5,-1,362833,362792,362875,362813,362851,bp,114.15277777777777,38,-3023.0,41,42,3974.0
2972,991.2658709576656,-0.8571428571428571,True,True,68,39,-16,362901,362875,362943,362894,362908,bp,207.57142857142856,14,-2117.0,26,42,2367.0
2973,856.0719835062594,-0.8571428571428571,True,True,66,5,-18,362967,362943,363009,362961,362986,bp,133.71929824561406,25,-1742.0,24,42,2766.0
2974,434.0091489992485,-0.8571428571428571,True,True,51,4,-11,363029,363009,363060,363016,363046,bp,69.27149321266968,30,-1111.0,20,31,1334.0
2975,376.66280080522665,-0.8571428571428571,True,True,71,26,9,363100,363060,363131,363080,363116,bp,45.3,36,-1419.0,40,31,2138.0
2976,403.91543643625,-0.8571428571428571,False,False,109,-31,31,363201,363131,363240,363178,363227,bp,64.0794314381271,49,-2218.0,70,39,2389.0
2977,372.8343828798933,-0.8571428571428571,False,False,38,2,-24,363247,363240,363278,363245,363267,bp,95.775,22,-129.0,7,31,3176.0
2978,793.9969987318965,-0.8571428571428571,True,True,64,0,12,363316,363278,363342,363291,363318,bp,172.77,27,175.0,38,26,1857.0
2979,930.4101076003038,-0.8571428571428571,True,True,39,-4,9,363366,363342,363381,363345,363371,bp,139.7952380952381,26,-62.0,24,15,2629.0
2980,540.4145241921085,-0.8571428571428571,True,True,44,-4,-6,363400,363381,363425,363393,363414,bp,103.64285714285714,21,406.0,19,25,1362.0
2981,624.4993474634524,-0.8571428571428571,True,True,50,-23,2,363451,363425,363475,363431,363470,bp,64.22894736842105,39,-703.0,26,24,2411.0
2982,885.4213092316858,-0.8571428571428571,True,True,50,2,-2,363499,363475,363525,363486,363508,bp,124.73076923076924,22,-972.0,24,26,2954.0
2983,1276.720585365769,-0.8571428571428571,True,True,51,5,-1,363550,363525,363576,363532,363557,bp,174.8214285714286,25,-701.0,25,26,3702.0
2984,1094.020444538535,-0.8571428571428571,True,True,49,-5,-1,363600,363576,363625,363587,363610,bp,119.68461538461538,23,-536.0,24,25,2027.0
2985,334.1525849120063,-0.8571428571428571,False,False,34,4,-16,363634,363625,363659,363628,363652,bp,71.22222222222223,24,457.0,9,25,2076.0
2986,1402.5664725921506,-0.8571428571428571,True,True,67,0,19,362718,362675,362742,362698,362729,bp,123.33181818181819,31,173.0,43,24,3279.0
2987,1344.9043480496393,-0.8571428571428571,True,True,50,-2,2,362768,362742,362792,362760,362784,bp,166.8125,24,-309.0,26,24,2901.0
2988,1084.2526488727108,-0.8571428571428571,True,False,47,28,3,362817,362792,362839,362806,362823,bp,166.4848484848485,17,-319.0,25,22,2648.0
2989,759.5053117160554,-0.8571428571428571,True,False,92,-3,32,362901,362839,362931,362868,362915,bp,92.56060606060606,47,-1810.0,62,30,3204.0
2990,1195.5472461848565,-0.8571428571428571,True,True,73,19,3,362969,362931,363004,362959,362980,bp,167.52727272727273,21,-3038.0,38,35,2983.0
2991,161.161768607972,-0.8571428571428571,False,False,38,-2,16,363031,363004,363042,363020,363041,bp,8.459090909090909,21,-1901.0,27,11,182.0
2992,558.9298467333866,-0.8571428571428571,False,False,46,9,4,363067,363042,363088,363060,363072,bp,215.75714285714287,12,-4843.0,25,21,2014.0
2993,501.2139442143042,-0.8571428571428571,True,False,37,27,-17,363098,363088,363125,363093,363110,bp,120.54166666666669,17,-4444.0,10,27,2435.0
2994,295.2182517165951,-0.8571428571428571,True,False,83,-16,1,363167,363125,363208,363154,363190,bp,90.59364548494983,36,-4549.0,42,41,2280.0
2995,293.9459185335528,-0.8571428571428571,False,False,66,-10,-50,363216,363208,363274,363210,363248,bp,121.05208333333331,38,-3592.0,8,58,5858.0
2996,257.98801623198545,-0.8571428571428571,False,False,34,29,-24,363279,363274,363308,363276,363289,bp,166.91666666666669,13,1084.0,5,29,1948.0
2997,443.6655718089318,-0.8571428571428571,True,False,67,-9,17,363350,363308,363375,363331,363363,bp,60.65587044534414,32,1605.0,42,25,2052.0
2998,175.98515312262558,-0.8571428571428571,False,False,35,-11,3,363394,363375,363410,363386,363408,bp,54.75,22,2613.0,19,16,828.0
2999,795.5819779087116,-0.8571428571428571,False,False,33,1,15,363434,363410,363443,363419,363439,bp,128.4,20,1332.0,24,9,2258.0
3000,585.1336074137054,-0.8571428571428571,True,False,82,-11,-32,363468,363443,363525,363460,363504,bp,123.09722222222223,44,861.0,25,57,3628.0
3001,1362.138069619436,-0.8571428571428571,True,False,48,-6,2,363550,363525,363573,363537,363565,bp,66.90769230769232,28,1777.0,25,23,3409.0
3002,803.290181285305,-0.8571428571428571,False,False,69,-16,25,363620,363573,363642,363587,363625,bp,141.7060606060606,38,-495.0,47,22,2681.0
3003,739.6369153053157,-0.8571428571428571,True,False,36,-13,14,363667,363642,363678,363647,363672,bp,137.025,25,-1087.0,25,11,1776.0
3004,578.2184612716999,-1.2777777777777777,False,False,35,-10,-5,366271,366256,366291,366262,366285,bp,103.4325396825397,23,-762.0,15,20,1745.0
3005,1361.7680078164015,-1.2777777777777777,False,False,64,-11,-14,366316,366291,366355,366298,366335,bp,114.14766081871346,37,-3702.0,25,39,3437.0
3006,1646.596834945359,-1.2777777777777777,True,True,53,-13,-3,366380,366355,366408,366361,366395,bp,114.15789473684212,34,-3412.0,25,28,4372.0
3007,1264.3088387363036,-1.2777777777777777,True,False,35,-2,17,366434,366408,366443,366416,366439,bp,144.44444444444446,23,-2491.0,26,9,2011.0
3008,471.30823290493834,-1.2777777777777777,True,True,48,0,-2,366466,366443,366491,366460,366477,bp,116.32575757575756,17,-1838.0,23,25,2006.0
3009,968.8609411920627,-1.2777777777777777,True,True,51,23,-9,366512,366491,366542,366494,366519,bp,107.46428571428572,25,-1987.0,21,30,2520.0
3010,1623.1538553610471,-1.2777777777777777,True,True,66,11,10,366580,366542,366608,366567,366586,bp,220.7628205128205,19,-2786.0,38,28,4336.0
3011,1030.8921854978128,-1.2777777777777777,False,False,61,-2,-11,366633,366608,366669,366616,366647,bp,83.13025210084034,31,-2282.0,25,36,2286.0
3012,280.10283512394335,-1.2777777777777777,False,False,56,12,-28,366683,366669,366725,366676,366696,bp,131.27472527472526,20,-1122.0,14,42,3670.0
3013,461.60868076635285,-1.2777777777777777,False,False,34,10,-16,366734,366725,366759,366728,366752,bp,86.8888888888889,24,1121.0,9,25,1939.0
3014,931.4829721345179,-1.2777777777777777,False,False,66,-15,16,366800,366759,366825,366786,366819,bp,112.37781954887221,33,-984.0,41,25,3343.0
3015,921.1242247629033,-1.2777777777777777,True,True,51,12,-1,366850,366825,366876,366837,366860,bp,118.51153846153845,23,-286.0,25,26,3145.0
3016,406.0338647587712,-1.2777777777777777,False,False,47,15,3,366901,366876,366923,366895,366909,bp,154.5625,14,964.0,25,22,706.0
3017,564.8425965410977,-1.2777777777777777,False,False,52,11,2,366950,366923,366975,366938,366957,bp,144.25,19,-67.0,27,25,2530.0
3018,905.9396696722316,-1.2777777777777777,True,True,67,9,-15,367001,366975,367042,366987,367017,bp,76.49553571428572,30,-75.0,26,41,2498.0
3019,347.92049587824334,-1.2777777777777777,False,False,65,-18,17,367083,367042,367107,367056,367094,bp,71.10101010101009,38,-499.0,41,24,1139.0
3020,467.4076131380142,-1.2777777777777777,True,True,50,-11,2,367133,367107,367157,367114,367144,bp,90.99282296650719,30,-962.0,26,24,1691.0
3021,877.5794725560016,-1.2777777777777777,False,False,35,2,7,367178,367157,367192,367163,367186,bp,100.04583333333332,23,-860.0,21,14,2317.0
3022,1043.2871205687384,-1.2777777777777777,False,False,83,-8,23,367245,367192,367275,367211,367256,bp,125.63770053475938,45,-3335.0,53,30,4529.0
3023,1458.1257508607848,-1.2777777777777777,True,False,32,15,6,366295,366276,366308,366281,366301,bp,192.1190476190476,20,-559.0,19,13,3100.0
3024,938.0261743737697,-1.2777777777777777,True,False,57,8,27,366350,366308,366365,366336,366356,bp,158.69047619047618,20,-1012.0,42,15,2384.0
3025,768.0451356482686,-1.2777777777777777,True,True,63,-13,7,366400,366365,366428,366384,366417,bp,58.904411764705884,33,-1212.0,35,28,2984.0
3026,832.2843991109011,-1.2777777777777777,True,True,45,4,-1,366450,366428,366473,366437,366457,bp,116.28021978021978,20,262.0,22,23,2920.0
3027,2501.176415533308,-1.2777777777777777,True,False,52,24,-10,366494,366473,366525,366481,366505,bp,225.3076923076923,24,-2013.0,21,31,4846.0
3028,1115.294420516507,-1.2777777777777777,True,False,84,-6,30,366582,366525,366609,366553,366589,bp,152.36945812807883,36,72.0,57,27,4284.0
3029,2964.7103596310612,-1.2777777777777777,False,False,66,18,-18,366633,366609,366675,366619,366640,bp,297.6071428571429,21,-3551.0,24,42,4662.0
3030,841.5095995082457,-1.2777777777777777,False,False,49,-27,1,366700,366675,366724,366679,366717,bp,66.56442577030812,38,-796.0,25,24,3206.0
3031,1196.5134937232615,-1.2777777777777777,True,False,50,6,-30,366734,366724,366774,366728,366752,bp,175.72222222222226,24,-259.0,10,40,4368.0
3032,1541.0989051841527,-1.2777777777777777,True,True,50,2,-16,366791,366774,366824,366782,366804,bp,172.09401709401712,22,336.0,17,33,2985.0
3033,577.7111083727835,-1.2777777777777777,True,True,68,-11,-18,366849,366824,366892,366828,366871,bp,59.7521645021645,43,738.0,25,43,2712.0
3034,889.0619750987569,-1.2777777777777777,True,True,83,-18,1,366934,366892,366975,366903,366956,bp,78.6524926686217,53,-745.0,42,41,3995.0
3035,2044.2064968225795,-1.2777777777777777,True,True,66,16,-12,367002,366975,367041,366991,367016,bp,192.77272727272728,25,-2171.0,27,39,3962.0
3036,1563.3838694828873,-1.2777777777777777,True,True,50,27,0,367066,367041,367091,367057,367072,bp,276.3888888888889,15,-1745.0,25,25,4380.0
3037,1757.2299011388932,-1.2777777777777777,True,True,63,0,13,367129,367091,367154,367114,367138,bp,226.53333333333336,24,-2856.0,38,25,4837.0
3038,1813.6285175958535,-1.2777777777777777,True,True,53,6,-5,367178,367154,367207,367162,367186,bp,158.71875,24,-1505.0,24,29,3434.0
3039,1737.0948299974634,-1.2777777777777777,True,True,68,-2,-14,367234,367207,367275,367216,367256,bp,120.4090909090909,40,-2532.0,27,41,5297.0
3040,4262.51816160515,-2.263157894736842,True,True,66,15,4,370393,370358,370424,370379,370404,bp,344.32142857142856,25,-3044.0,35,31,8227.0
3041,2283.626646590711,-2.263157894736842,False,False,62,22,-8,370451,370424,370486,370444,370470,bp,186.19924812030075,26,956.0,27,35,3008.0
3042,3095.3869233543805,-2.263157894736842,False,False,84,9,10,370533,370486,370570,370518,370545,bp,291.15,27,-3880.0,47,37,7546.0
3043,910.7142242238144,-2.263157894736842,False,False,84,-13,-24,370600,370570,370654,370581,370627,bp,63.557504873294356,46,1181.0,30,54,2463.0
3044,735.6373200130772,-2.263157894736842,False,False,37,-3,-11,370667,370654,370691,370660,370681,bp,114.78571428571428,21,1201.0,13,24,1465.0
3045,758.6858813782712,-2.263157894736842,False,False,100,2,-16,370733,370691,370791,370699,370750,bp,81.17647058823529,51,-1557.0,42,58,3675.0
3046,399.88872680924567,-2.263157894736842,True,True,67,-5,-15,370817,370791,370858,370803,370836,bp,54.22368421052632,33,-279.0,26,41,1758.0
3047,239.5353359802305,-2.263157894736842,False,False,29,3,21,370883,370858,370887,370864,370884,bp,67.26315789473685,20,-259.0,25,4,216.0
3048,507.1152001199507,-2.263157894736842,False,False,38,1,10,370911,370887,370925,370907,370920,bp,167.94444444444446,13,-1899.0,24,14,1798.0
3049,806.9810491949594,-2.263157894736842,True,False,67,-31,-9,370954,370925,370992,370934,370985,bp,57.852419354838716,51,-2358.0,29,38,4064.0
3050,750.7060474989337,-2.263157894736842,True,False,88,-25,26,371049,370992,371080,371005,371062,bp,69.02097902097903,57,-718.0,57,31,2512.0
3051,445.26926233194143,-2.263157894736842,True,False,30,8,8,371099,371080,371110,371094,371103,bp,294.0,9,-962.0,19,11,2352.0
3052,586.6555578643787,-2.263157894736842,True,True,47,-14,-3,371132,371110,371157,371120,371147,bp,69.84166666666667,27,-1144.0,22,25,1637.0
3053,285.79286473721714,-2.263157894736842,False,False,34,9,-16,371166,371157,371191,371160,371174,bp,122.27083333333331,14,-1124.0,9,25,585.0
3054,457.60862098864317,-2.263157894736842,False,False,33,-10,-5,371205,371191,371224,371197,371218,bp,81.54326923076924,21,-1890.0,14,19,1989.0
3055,308.2790844566975,-2.263157894736842,True,True,34,-1,-16,371233,371224,371258,371229,371246,bp,145.18269230769232,17,-1403.0,9,25,2344.0
3056,478.65844440868415,-2.263157894736842,True,True,33,0,-13,371268,371258,371291,371262,371278,bp,101.73333333333332,16,-600.0,10,23,1156.0
3057,158.0176963949769,-2.263157894736842,False,False,33,-5,9,371312,371291,371324,371294,371318,bp,45.25,24,-585.0,21,12,650.0
3058,369.792182669756,-2.263157894736842,True,False,82,-16,36,370417,370358,370440,370375,370421,bp,125.5595238095238,46,-611.0,59,23,2191.0
3059,875.8877127907461,-2.263157894736842,True,True,51,-9,3,370467,370440,370491,370451,370479,bp,59.29166666666666,28,-624.0,27,24,2756.0
3060,665.2705539866319,-2.263157894736842,False,False,62,-34,22,370533,370491,370553,370498,370546,bp,63.81428571428572,48,-1713.0,42,20,1903.0
3061,245.95429636998696,-2.263157894736842,True,False,36,39,-10,370566,370553,370589,370560,370571,bp,183.1833333333333,11,-1370.0,13,23,2524.0
3062,931.3604822671543,-2.263157894736842,True,False,85,-25,3,370633,370589,370674,370621,370666,bp,80.79924242424242,45,-932.0,44,41,4101.0
3063,1946.4431604709869,-2.263157894736842,False,False,65,11,-13,370700,370674,370739,370686,370711,bp,165.9090909090909,25,-1768.0,26,39,3187.0
3064,532.2592926389218,-2.263157894736842,False,False,35,9,-13,370750,370739,370774,370747,370762,bp,165.70833333333334,15,68.0,11,24,2542.0
3065,476.6698370059407,-2.263157894736842,False,False,38,4,12,370799,370774,370812,370786,370804,bp,104.7153846153846,18,101.0,25,13,1288.0
3066,1310.5682287109396,-2.263157894736842,False,False,46,7,-2,370834,370812,370858,370826,370846,bp,163.875,20,-1745.0,22,24,3390.0
3067,675.7855353874683,-2.263157894736842,True,True,46,-18,4,370883,370858,370904,370873,370900,bp,78.2529411764706,27,-967.0,25,21,1454.0
3068,188.98470343764674,-2.263157894736842,True,True,31,10,-9,370915,370904,370935,370909,370921,bp,158.41666666666666,12,-1352.0,11,20,1680.0
3069,439.23111443514387,-2.263157894736842,True,True,41,13,-13,370949,370935,370976,370943,370961,bp,145.54166666666669,18,-1592.0,14,27,1926.0
3070,760.6580847865135,-2.263157894736842,True,True,32,10,14,370999,370976,371008,370992,371003,bp,220.19642857142856,11,-1422.0,23,9,2817.0
3071,1169.8862244899085,-2.263157894736842,True,True,50,4,0,371033,371008,371058,371024,371041,bp,176.97222222222226,17,-1630.0,25,25,2582.0
3072,550.4199225519799,-2.263157894736842,True,True,49,0,-9,371078,371058,371107,371062,371086,bp,66.125,24,-421.0,20,29,1506.0
3073,751.092969412771,-2.263157894736842,True,True,49,-19,-29,371117,371107,371156,371110,371146,bp,89.9655172413793,36,-849.0,10,39,2360.0
3074,1096.021546481189,-2.263157894736842,True,True,53,-17,-23,371171,371156,371209,371163,371197,bp,129.95673076923077,34,-1760.0,15,38,2529.0
3075,285.5615083150461,-2.263157894736842,True,False,33,-15,15,371233,371209,371242,371214,371237,bp,126.48684210526315,23,-874.0,24,9,1700.0
3076,213.8379602633615,-2.263157894736842,True,False,48,12,-34,371249,371242,371290,371245,371269,bp,158.95,24,-1050.0,7,41,1530.0
3077,758.8950701551744,-2.263157894736842,True,False,46,5,8,371317,371290,371336,371305,371322,bp,146.60833333333338,17,-2108.0,27,19,1918.0
3078,776.7787075823827,5.71875,True,True,93,-32,11,374599,374547,374640,374570,374627,bp,61.135467980295566,57,-1383.0,52,41,2586.0
3079,1182.3149997834594,5.71875,True,True,63,-2,-5,374669,374640,374703,374652,374689,bp,64.01176470588236,37,-479.0,29,34,3083.0
3080,1392.26026312601,5.71875,True,True,75,14,19,374750,374703,374778,374724,374762,bp,130.55448717948718,38,-2008.0,47,28,4217.0
3081,2352.8299078864593,5.71875,False,False,80,9,24,374830,374778,374858,374814,374845,bp,191.6145833333333,31,-4316.0,52,28,5242.0
3082,1018.8479635654719,5.71875,False,False,94,-2,-10,374900,374858,374952,374885,374923,bp,82.35797101449278,38,-1393.0,42,52,4114.0
3083,597.5550032313221,5.71875,False,False,38,1,-10,374966,374952,374990,374959,374982,bp,89.75892857142857,23,1241.0,14,24,2055.0
3084,1108.8575692919321,5.71875,True,True,50,15,2,375016,374990,375040,375006,375024,bp,183.8875,18,630.0,26,24,3616.0
3085,1802.4861621033367,5.71875,True,True,51,27,1,375066,375040,375091,375057,375076,bp,229.1833333333333,19,-282.0,26,25,3742.0
3086,1147.9353027181553,5.71875,True,False,85,-5,25,375146,375091,375176,375122,375161,bp,86.32083333333333,39,-129.0,55,30,3011.0
3087,2039.2614684987966,5.71875,True,False,48,17,20,375210,375176,375224,375195,375218,bp,182.6375,23,-2097.0,34,14,3048.0
3088,661.3910118163712,5.71875,True,False,83,14,1,375266,375224,375307,375258,375284,bp,130.60416666666666,26,-2065.0,42,41,2405.0
3089,994.5911720397996,5.71875,True,True,65,8,-15,375332,375307,375372,375324,375352,bp,121.1,28,-2143.0,25,40,3144.0
3090,715.1070147526814,5.71875,True,True,69,-5,15,375414,375372,375441,375388,375426,bp,103.21153846153842,38,-1174.0,42,27,1835.0
3091,651.8901907503376,5.71875,True,True,67,15,-19,375465,375441,375508,375459,375487,bp,142.8939393939394,28,-1513.0,24,43,2848.0
3092,795.8345881025189,5.71875,True,True,66,5,14,375548,375508,375574,375530,375558,bp,102.82777777777778,28,-967.0,40,26,1815.0
3093,599.3247906385056,5.71875,False,False,98,-35,24,374598,374537,374635,374555,374617,bp,90.08873929008568,62,-1926.0,61,37,4482.0
3094,1223.9492060193274,5.71875,False,False,49,9,5,374662,374635,374684,374644,374670,bp,93.21527777777777,26,586.0,27,22,2385.0
3095,582.2327487756069,5.71875,True,False,91,-30,39,374749,374684,374775,374705,374767,bp,70.41287878787878,62,-578.0,65,26,3251.0
3096,1240.2549189899655,5.71875,True,True,66,3,18,374817,374775,374841,374799,374833,bp,85.97222222222223,34,-1069.0,42,24,3621.0
3097,583.1960691090974,5.71875,True,False,50,-2,26,374879,374841,374891,374870,374886,bp,167.88888888888889,16,-1045.0,38,12,2225.0
3098,993.9241159430487,5.71875,False,False,65,28,-27,374910,374891,374956,374900,374918,bp,203.5875,18,-1760.0,19,46,4206.0
3099,994.805935248889,5.71875,False,False,41,0,-1,374976,374956,374997,374964,374987,bp,70.32954545454545,23,1117.0,20,21,2467.0
3100,360.1957103612194,5.71875,False,False,43,15,-7,375015,374997,375040,375010,375027,bp,54.075,17,2790.0,18,25,1398.0
3101,1286.9256277859986,5.71875,False,False,51,12,33,375082,375040,375091,375059,375085,bp,199.0144927536232,26,424.0,42,9,2354.0
3102,1349.95961513789,5.71875,True,True,82,-4,0,375132,375091,375173,375123,375158,bp,167.51709401709405,35,-1367.0,41,41,3739.0
3103,1354.8950383150038,5.71875,True,True,83,13,-13,375208,375173,375256,375189,375220,bp,162.51973684210526,31,-1321.0,35,48,4609.0
3104,1711.5422046621345,5.71875,True,True,62,3,-16,375279,375256,375318,375264,375294,bp,123.56666666666666,30,-1104.0,23,39,3269.0
3105,2054.5367126669958,5.71875,True,True,57,-7,3,375348,375318,375375,375327,375363,bp,146.15238095238095,36,-2570.0,30,27,5179.0
3106,2052.4597495002245,5.71875,True,True,49,13,9,375404,375375,375424,375392,375419,bp,143.66666666666669,27,-2220.0,29,20,2884.0
3107,421.9497784748048,5.71875,False,False,66,-2,16,375465,375424,375490,375459,375479,bp,118.8095238095238,20,-1386.0,41,25,818.0
3108,359.5661829899681,5.71875,False,False,28,2,-8,375500,375490,375518,375497,375512,bp,73.20833333333333,15,-1327.0,10,18,341.0
3109,1355.8148824249986,5.71875,False,False,39,-2,9,375542,375518,375557,375529,375551,bp,143.16239316239316,22,-3678.0,24,15,3490.0
3110,801.2524988057573,-0.1875,False,False,69,-24,47,378497,378439,378508,378457,378503,bp,43.78333333333333,46,1492.0,58,11,429.0
3111,965.7144065417053,-0.1875,False,False,77,-13,3,378548,378508,378585,378525,378566,bp,94.68478260869566,41,-1319.0,40,37,3838.0
3112,1921.4100731296128,-0.1875,True,True,54,17,-16,378604,378585,378639,378594,378615,bp,175.7818181818182,21,-1461.0,19,35,3658.0
3113,1661.935812990872,-0.1875,True,True,67,2,-9,378668,378639,378706,378653,378681,bp,150.59230769230768,28,-2074.0,29,38,4248.0
3114,1386.1382175991168,-0.1875,True,True,50,11,-22,378720,378706,378756,378711,378733,bp,153.4957264957265,22,-627.0,14,36,3647.0
3115,1461.4974408898286,-0.1875,True,False,50,24,0,378781,378756,378806,378766,378788,bp,163.24761904761903,22,-229.0,25,25,3098.0
3116,1975.8717923267345,-0.1875,True,False,89,-6,-3,378849,378806,378895,378834,378874,bp,166.61333333333334,40,-2765.0,43,46,7323.0
3117,1995.1229609271024,-0.1875,True,True,78,9,-14,378927,378895,378973,378908,378947,bp,131.61315789473684,39,356.0,32,46,5237.0
3118,2978.8558863209614,-0.1875,True,True,53,15,21,379010,378973,379026,378995,379018,bp,249.34583333333333,23,-112.0,37,16,4721.0
3119,1187.043166336496,-0.1875,False,False,79,-9,31,379081,379026,379105,379056,379087,bp,157.69333333333333,31,-952.0,55,24,2584.0
3120,732.193007406978,-0.1875,True,False,84,2,-32,379131,379105,379189,379109,379154,bp,87.07707509881422,45,-764.0,26,58,4553.0
3121,282.9144310048856,-0.1875,False,False,67,14,-15,379215,379189,379256,379201,379241,bp,60.87362637362639,40,1287.0,26,41,1626.0
3122,775.0674102455616,-0.1875,False,False,84,-5,32,379314,379256,379340,379295,379329,bp,84.59824561403508,34,-354.0,58,26,2424.0
3123,1485.5249148222265,-0.1875,False,False,49,-1,7,379368,379340,379389,379358,379383,bp,145.83333333333334,25,-1290.0,28,21,3511.0
3124,614.4453929477011,-0.1875,False,False,41,9,9,379414,379389,379430,379407,379419,bp,142.25714285714287,12,515.0,25,16,1659.0
3125,3835.1278483577917,-0.1875,True,True,68,0,-4,378471,378439,378507,378459,378489,bp,291.90277777777777,30,-852.0,32,36,6322.0
3126,2306.076793007853,-0.1875,True,True,54,2,-4,378532,378507,378561,378519,378552,bp,178.49038461538458,33,-1027.0,25,29,4025.0
3127,1803.570904466185,-0.1875,True,True,79,4,-5,378598,378561,378640,378587,378616,bp,171.10353535353534,29,-1358.0,37,42,5145.0
3128,2636.0950427121124,-0.1875,True,True,50,13,-2,378664,378640,378690,378649,378676,bp,232.06666666666663,27,-1458.0,24,26,6785.0
3129,1179.2299126943435,-0.1875,True,True,66,17,18,378732,378690,378756,378716,378736,bp,174.65625,20,1408.0,42,24,2021.0
3130,1310.786790665732,-0.1875,True,True,50,15,2,378782,378756,378806,378773,378794,bp,176.47222222222226,21,-518.0,26,24,2875.0
3131,1536.4696382725808,-0.1875,True,True,83,-14,-7,378844,378806,378889,378830,378869,bp,141.70857142857142,39,-2151.0,38,45,6208.0
3132,2143.9338919155225,-0.1875,True,True,51,14,-25,378902,378889,378940,378894,378917,bp,220.85833333333332,23,-364.0,13,38,4696.0
3133,1384.7685228121973,-0.1875,True,True,49,-2,11,378970,378940,378989,378954,378983,bp,107.21394230769229,29,281.0,30,19,3045.0
3134,668.4419249613396,-0.1875,True,True,50,-12,6,379017,378989,379039,379010,379033,bp,142.04910714285714,23,539.0,28,22,2582.0
3135,806.7314785125017,-0.1875,True,False,54,-17,-34,379049,379039,379093,379044,379082,bp,183.75151515151515,38,129.0,10,44,3212.0
3136,1810.030069793263,-0.1875,True,True,46,17,-4,379114,379093,379139,379103,379120,bp,251.59848484848484,17,-1052.0,21,25,4105.0
3137,1419.835917444855,-0.1875,True,True,54,-3,2,379167,379139,379193,379154,379184,bp,107.5045248868778,30,126.0,28,26,3551.0
3138,1322.1527435807052,-0.1875,True,True,63,-15,13,379231,379193,379256,379211,379244,bp,136.79615384615386,33,-382.0,38,25,3791.0
3139,1123.759378634574,-0.1875,True,True,39,-2,1,379276,379256,379295,379262,379286,bp,121.30714285714286,24,32.0,20,19,2578.0
3140,1204.591274507352,-0.1875,True,False,44,5,-4,379315,379295,379339,379308,379332,bp,151.28151260504202,24,-134.0,20,24,3579.0
3141,1874.8484454684226,-0.1875,True,False,83,30,-9,379376,379339,379422,379361,379385,bp,201.5,24,-367.0,37,46,5057.0
3142,3351.636113473523,-1.2727272727272727,True,True,83,2,-3,382379,382339,382422,382360,382394,bp,239.38245614035088,34,-3027.0,40,43,7997.0
3143,2587.300188751692,-1.2727272727272727,True,False,51,6,-1,382447,382422,382473,382430,382458,bp,178.87967914438502,28,24.0,25,26,4504.0
3144,822.1288743192621,-1.2727272727272727,True,False,99,-27,17,382531,382473,382572,382492,382554,bp,85.17391304347825,62,-1104.0,58,41,4515.0
3145,1212.4439324681387,-1.2727272727272727,False,False,50,-6,2,382598,382572,382622,382589,382615,bp,155.38235294117646,26,-1053.0,26,24,1774.0
3146,670.9791622450631,-1.2727272727272727,True,True,67,9,-15,382648,382622,382689,382635,382666,bp,56.72649572649572,31,-731.0,26,41,2793.0
3147,2279.15844486391,-1.2727272727272727,True,True,53,-4,7,382719,382689,382742,382706,382733,bp,185.63736263736263,27,-2974.0,30,23,5194.0
3148,1265.3516251459066,-1.2727272727272727,True,True,64,0,2,382775,382742,382806,382756,382784,bp,95.4970760233918,28,-1357.0,33,31,1969.0
3149,1779.7060882318094,-1.2727272727272727,False,False,50,-1,-4,382829,382806,382856,382812,382844,bp,143.2450980392157,32,-1891.0,23,27,6503.0
3150,1584.0229385401044,-1.2727272727272727,True,True,66,8,18,382898,382856,382922,382875,382903,bp,178.25652173913045,28,-168.0,42,24,2794.0
3151,1559.8309029315262,-1.2727272727272727,True,True,50,24,0,382947,382922,382972,382939,382955,bp,272.0,16,-2044.0,25,25,3833.0
3152,1491.8405480889398,-1.2727272727272727,True,True,66,16,18,383014,382972,383038,382995,383022,bp,171.125,27,-1688.0,42,24,3916.0
3153,568.2785899229252,-1.2727272727272727,False,False,103,-1,-13,383083,383038,383141,383065,383109,bp,45.198717948717956,44,-2184.0,45,58,952.0
3154,1159.490751012502,-1.2727272727272727,False,False,64,-14,-12,383167,383141,383205,383152,383191,bp,128.34583333333333,39,-3973.0,26,38,5790.0
3155,907.80021953377,-1.2727272727272727,False,False,51,-10,1,383231,383205,383256,383216,383249,bp,41.40555555555555,33,-367.0,26,25,2797.0
3156,1065.3662843667598,-1.2727272727272727,False,False,50,16,32,383297,383256,383306,383272,383301,bp,151.97,29,-2542.0,41,9,1908.0
3157,2045.2248164193127,-1.2727272727272727,False,False,83,-4,31,383363,383306,383389,383346,383370,bp,232.93697478991595,24,-5094.0,57,26,5393.0
3158,2184.9436371109314,-1.2727272727272727,True,True,66,-4,4,382442,382407,382473,382422,382453,bp,153.16136363636363,31,-2589.0,35,31,4525.0
3159,1024.072525109066,-1.2727272727272727,False,False,70,2,-18,382499,382473,382543,382480,382515,bp,91.51809210526315,35,-2250.0,26,44,1790.0
3160,445.03924780952616,-1.2727272727272727,True,True,63,-4,-21,382564,382543,382606,382552,382589,bp,79.94666666666666,37,-2227.0,21,42,3213.0
3161,1753.492666868118,-1.2727272727272727,True,True,49,-11,1,382631,382606,382655,382622,382648,bp,155.35294117647058,26,-3040.0,25,24,3361.0
3162,609.5486694995943,-1.2727272727272727,False,False,34,1,16,382680,382655,382689,382663,382685,bp,107.3235294117647,22,-2542.0,25,9,1274.0
3163,1548.2214217107876,-1.2727272727272727,False,False,67,-3,-15,382715,382689,382756,382708,382736,bp,185.57142857142856,28,-4452.0,26,41,4709.0
3164,1546.0666863976196,-1.2727272727272727,True,True,45,0,-27,382765,382756,382801,382761,382785,bp,232.45,24,-2819.0,9,36,3218.0
3165,1677.3191053345774,-1.2727272727272727,True,True,65,16,-37,382815,382801,382866,382809,382834,bp,242.78508771929825,25,-4053.0,14,51,4390.0
3166,1961.4998167696729,-1.2727272727272727,True,True,56,3,-26,382881,382866,382922,382875,382902,bp,242.35714285714286,27,-4037.0,15,41,3358.0
3167,1023.8055282979808,-1.2727272727272727,False,False,68,-1,-14,382949,382922,382990,382932,382967,bp,79.71732026143792,35,-3211.0,27,41,3128.0
3168,281.3916351176486,-1.2727272727272727,False,False,33,17,13,383013,382990,383023,383001,383018,bp,76.29166666666667,17,-1194.0,23,10,1456.0
3169,1062.2969854290286,-1.2727272727272727,False,False,68,13,14,383064,383023,383091,383052,383070,bp,169.54166666666669,18,-2725.0,41,27,2925.0
3170,959.7721226584238,-1.2727272727272727,True,False,64,-23,6,383126,383091,383155,383101,383142,bp,90.235,41,-2803.0,35,29,2847.0
3171,1193.5150433262866,-1.2727272727272727,True,False,34,12,2,383173,383155,383189,383160,383180,bp,159.8021978021978,20,-2872.0,18,16,3242.0
3172,1341.204346265314,-1.2727272727272727,True,False,68,1,-8,383219,383189,383257,383212,383241,bp,183.5649350649351,29,-2959.0,30,38,4488.0
3173,1756.8320165098355,-1.2727272727272727,True,False,48,-3,-2,383280,383257,383305,383271,383299,bp,173.51169590643275,28,-2508.0,23,25,3538.0
3174,514.6298962985609,-1.2727272727272727,False,False,94,-21,-10,383347,383305,383399,383324,383376,bp,64.60344827586206,52,-1959.0,42,52,3155.0
3175,586.4860261869156,0.6857142857142857,True,False,67,2,-17,386430,386405,386472,386415,386445,bp,78.93333333333334,30,-772.0,25,42,3270.0
3176,872.1548222887596,0.6857142857142857,True,False,33,14,17,386497,386472,386505,386477,386500,bp,193.75833333333333,23,-729.0,25,8,2275.0
3177,1020.4673637591713,0.6857142857142857,False,False,84,-3,32,386563,386505,386589,386537,386570,bp,157.57142857142856,33,-2203.0,58,26,3211.0
3178,393.01821757268686,0.6857142857142857,False,False,72,22,-24,386613,386589,386661,386600,386634,bp,34.247252747252745,34,490.0,24,48,2728.0
3179,213.74643061077896,0.6857142857142857,False,False,77,-5,27,386713,386661,386738,386690,386727,bp,24.389751552795033,37,1450.0,52,25,1367.0
3180,865.2610339971376,0.6857142857142857,False,False,51,1,33,386780,386738,386789,386759,386784,bp,131.35714285714286,25,-35.0,42,9,1588.0
3181,890.0547381080697,0.6857142857142857,True,False,50,21,8,386818,386789,386839,386810,386828,bp,137.75,18,-837.0,29,21,1996.0
3182,173.07849625618886,0.6857142857142857,True,True,83,-5,33,386897,386839,386922,386867,386902,bp,97.61666666666666,35,121.0,58,25,2030.0
3183,428.4539529664624,0.6857142857142857,True,True,50,-7,0,386947,386922,386972,386932,386957,bp,48.26666666666666,25,910.0,25,25,1526.0
3184,662.454726526816,0.6857142857142857,True,False,33,-13,-7,386985,386972,387005,386975,387000,bp,80.65,25,903.0,13,20,2522.0
3185,1363.2004311558212,0.6857142857142857,True,False,66,6,-14,387031,387005,387071,387012,387048,bp,114.12229102167184,36,-1230.0,26,40,3008.0
3186,1269.405125317284,0.6857142857142857,True,True,68,17,-16,387097,387071,387139,387090,387115,bp,154.17857142857144,25,-608.0,26,42,4606.0
3187,1543.6966060346526,0.6857142857142857,False,False,66,-8,8,387176,387139,387205,387157,387186,bp,146.84736842105264,29,-87.0,37,29,3902.0
3188,556.8944290614759,0.6857142857142857,False,False,38,4,-20,387214,387205,387243,387207,387231,bp,95.80252100840336,24,2578.0,9,29,2973.0
3189,2024.6479149796396,0.6857142857142857,False,False,52,6,16,387277,387243,387295,387259,387284,bp,192.1190476190476,25,-188.0,34,18,2822.0
3190,195.399127841064,0.6857142857142857,True,True,60,6,12,387331,387295,387355,387315,387342,bp,51.15909090909091,27,281.0,36,24,1523.0
3191,1721.5957136622674,0.6857142857142857,True,False,51,33,1,387381,387355,387406,387375,387392,bp,238.92424242424244,17,-1167.0,26,25,5201.0
3192,1713.936279618498,0.6857142857142857,True,False,68,12,14,386430,386389,386457,386412,386437,bp,232.88888888888889,25,-555.0,41,27,5158.0
3193,1077.142725120546,0.6857142857142857,False,False,81,-7,1,386498,386457,386538,386474,386513,bp,67.55,39,493.0,41,40,1788.0
3194,1282.5177782623007,0.6857142857142857,False,False,49,1,-1,386562,386538,386587,386545,386571,bp,159.44444444444446,26,940.0,24,25,5080.0
3195,1215.1237562476374,0.6857142857142857,True,True,52,18,-6,386610,386587,386639,386598,386617,bp,138.375,19,2732.0,23,29,2157.0
3196,440.377432199334,0.6857142857142857,False,False,50,-11,32,386680,386639,386689,386654,386684,bp,116.55769230769229,30,1617.0,41,9,1328.0
3197,181.35975985705858,0.6857142857142857,False,False,52,14,-2,386714,386689,386741,386703,386724,bp,64.73636363636363,21,1295.0,25,27,784.0
3198,921.8980319881958,0.6857142857142857,False,False,54,-5,-2,386767,386741,386795,386759,386785,bp,102.75,26,-33.0,26,28,2298.0
3199,563.829058740841,0.6857142857142857,True,True,43,1,-7,386813,386795,386838,386806,386825,bp,135.19642857142856,19,234.0,18,25,2106.0
3200,1089.8898892957172,0.6857142857142857,False,False,33,-8,-13,386848,386838,386871,386845,386864,bp,186.94791666666663,19,773.0,10,23,3643.0
3201,466.6633338079475,0.6857142857142857,False,False,34,-11,14,386895,386871,386905,386875,386904,bp,33.022222222222226,29,2547.0,24,10,214.0
3202,678.1927019641099,0.6857142857142857,False,False,67,-26,-15,386931,386905,386972,386922,386964,bp,110.32828282828281,42,-179.0,26,41,2827.0
3203,2244.5704482795913,0.6857142857142857,True,True,50,12,-10,386992,386972,387022,386980,387004,bp,200.875,24,-1619.0,20,30,5557.0
3204,1539.341522856155,0.6857142857142857,True,True,66,-23,-10,387050,387022,387088,387040,387080,bp,134.06666666666666,40,440.0,28,38,5019.0
3205,2196.868048652694,0.6857142857142857,True,True,51,-2,-1,387113,387088,387139,387097,387127,bp,163.40625,30,408.0,25,26,4768.0
3206,2827.114020186352,0.6857142857142857,True,True,65,-5,-7,387168,387139,387204,387155,387187,bp,213.43927125506082,32,-1869.0,29,36,5684.0
3207,1571.7814338024216,0.6857142857142857,True,True,97,-10,-37,387234,387204,387301,387214,387266,bp,112.18125,52,-1205.0,30,67,6296.0
3208,1781.9890105146576,0.6857142857142857,True,False,60,-14,-2,387330,387301,387361,387308,387347,bp,101.98128342245991,39,949.0,29,31,3719.0
3209,3275.795171923337,0.6857142857142857,True,True,61,12,-13,387385,387361,387422,387372,387400,bp,251.53333333333333,28,-2470.0,24,37,6441.0
3210,647.3000017985853,-1.1818181818181819,False,False,101,-15,17,390497,390438,390539,390464,390517,bp,65.16969696969697,53,-1712.0,59,42,4185.0
3211,1173.8187360499505,-1.1818181818181819,True,True,66,7,-18,390563,390539,390605,390555,390586,bp,163.67391304347825,31,-1483.0,24,42,2546.0
3212,859.0118871950348,-1.1818181818181819,True,False,100,10,-18,390646,390605,390705,390624,390662,bp,100.41761363636364,38,-2138.0,41,59,4266.0
3213,1088.361125423262,-1.1818181818181819,True,False,51,1,-1,390730,390705,390756,390710,390742,bp,79.54166666666666,32,-691.0,25,26,2500.0
3214,607.2071663052516,-1.1818181818181819,True,True,42,9,10,390782,390756,390798,390775,390787,bp,155.3142857142857,12,-618.0,26,16,1535.0
3215,572.7459110829333,-1.1818181818181819,True,False,40,25,-8,390814,390798,390838,390808,390825,bp,124.21212121212122,17,-907.0,16,24,1915.0
3216,862.3881519839557,-1.1818181818181819,False,False,101,-18,-7,390885,390838,390939,390867,390917,bp,84.36805555555556,50,-2619.0,47,54,4645.0
3217,1032.3897806487544,-1.1818181818181819,False,False,50,-14,-8,390960,390939,390989,390949,390984,bp,56.14583333333333,35,342.0,21,29,2963.0
3218,411.81138051354554,-1.1818181818181819,False,False,33,2,15,391013,390989,391022,391005,391019,bp,108.47916666666669,14,558.0,24,9,1097.0
3219,862.555083852969,-1.1818181818181819,False,False,49,11,1,391047,391022,391071,391035,391055,bp,146.3125,20,-1517.0,25,24,1905.0
3220,803.7201328141026,-1.1818181818181819,False,False,99,20,-13,391114,391071,391170,391086,391133,bp,80.07988721804512,47,-3001.0,43,56,3869.0
3221,266.867346210478,-1.1818181818181819,False,False,57,-5,29,391213,391170,391227,391200,391218,bp,116.16153846153848,18,-924.0,43,14,1698.0
3222,381.5460412914469,-1.1818181818181819,False,False,44,24,-6,391246,391227,391271,391231,391257,bp,81.3878787878788,26,-279.0,19,25,2473.0
3223,386.0799744889129,-1.1818181818181819,False,False,67,-1,51,391330,391271,391338,391307,391334,bp,88.08695652173913,27,-120.0,59,8,1385.0
3224,1080.4344029221757,-1.1818181818181819,False,False,83,17,-1,391379,391338,391421,391360,391400,bp,98.62907268170427,40,-1997.0,41,42,2757.0
3225,471.1855807914106,-1.1818181818181819,True,False,33,-9,-15,390480,390471,390504,390475,390496,bp,123.9,21,202.0,9,24,2294.0
3226,757.2576515173586,-1.1818181818181819,True,False,35,5,-17,390513,390504,390539,390508,390531,bp,127.38888888888887,23,723.0,9,26,2328.0
3227,1229.922883707455,-1.1818181818181819,True,False,74,1,-24,390564,390539,390613,390559,390591,bp,231.65185185185183,32,-647.0,25,49,3977.0
3228,1294.1563378210915,-1.1818181818181819,True,False,58,-6,-22,390631,390613,390671,390624,390652,bp,141.61904761904762,28,125.0,18,40,2217.0
3229,256.7670769533326,-1.1818181818181819,True,False,32,1,-16,390679,390671,390703,390674,390690,bp,166.1909090909091,16,387.0,8,24,1845.0
3230,344.30631233615463,-1.1818181818181819,False,False,34,12,-14,390713,390703,390737,390707,390723,bp,124.05,16,-5.0,10,24,728.0
3231,727.7481861494119,-1.1818181818181819,False,False,68,10,-14,390764,390737,390805,390751,390782,bp,120.30769230769229,31,-1204.0,27,41,4263.0
3232,753.1146826132355,-1.1818181818181819,False,False,49,0,33,390846,390805,390854,390823,390849,bp,204.1231884057971,26,1470.0,41,8,2283.0
3233,1228.005281876739,-1.1818181818181819,False,False,54,-3,30,390896,390854,390908,390875,390902,bp,133.03571428571428,27,-778.0,42,12,1928.0
3234,578.135107533322,-1.1818181818181819,True,True,42,18,4,390931,390908,390950,390926,390941,bp,140.2,15,-378.0,23,19,2367.0
3235,318.13528589227553,-1.1818181818181819,False,False,72,7,-12,390980,390950,391022,390974,391001,bp,106.51190476190477,27,-3.0,30,42,889.0
3236,756.4322089741496,-1.1818181818181819,False,False,65,2,-9,391050,391022,391087,391035,391070,bp,77.46666666666667,35,-634.0,28,37,3563.0
3237,1618.8877701209367,-1.1818181818181819,True,False,67,-3,9,391125,391087,391154,391107,391134,bp,174.52777777777774,27,-2214.0,38,29,4200.0
3238,702.8574974804253,-1.1818181818181819,True,False,34,8,-14,391164,391154,391188,391158,391181,bp,106.44117647058823,23,-115.0,10,24,1786.0
3239,395.37156186723365,-1.1818181818181819,True,False,84,-15,34,391247,391188,391272,391212,391259,bp,82.13452380952381,47,-1239.0,59,25,2290.0
3240,593.7467546644524,-1.1818181818181819,True,False,49,22,1,391297,391272,391321,391291,391301,bp,223.375,10,-1513.0,25,24,2171.0
3241,836.9269909052907,-1.1818181818181819,True,True,68,20,-16,391347,391321,391389,391333,391353,bp,140.46428571428572,20,-1746.0,26,42,3334.0
3242,446.9016920175912,-1.1818181818181819,True,False,66,-17,-20,391412,391389,391455,391393,391435,bp,59.20823798627003,42,-998.0,23,43,1822.0
3243,1958.651103607752,-2.1515151515151514,True,True,66,-3,16,394429,394388,394454,394407,394438,bp,204.44191919191917,31,-2033.0,41,25,4431.0
3244,2373.075501450941,-2.1515151515151514,False,False,51,4,-1,394479,394454,394505,394466,394493,bp,219.03571428571428,27,-3356.0,25,26,5528.0
3245,711.917081237712,-2.1515151515151514,False,False,95,-30,-13,394546,394505,394600,394524,394581,bp,43.64155844155846,57,307.0,41,54,3281.0
3246,2218.6224296622304,-2.1515151515151514,True,False,55,10,-21,394617,394600,394655,394608,394636,bp,197.01754385964912,28,-908.0,17,38,4645.0
3247,1700.4785541824717,-2.1515151515151514,True,True,83,15,1,394697,394655,394738,394674,394707,bp,171.55,33,-976.0,42,41,4885.0
3248,2518.7005128155183,-2.1515151515151514,True,True,61,10,1,394769,394738,394799,394755,394781,bp,165.07142857142856,26,634.0,31,30,5742.0
3249,1007.5641158967996,-2.1515151515151514,False,False,74,-11,22,394847,394799,394873,394817,394852,bp,175.4,35,-770.0,48,26,2617.0
3250,386.567371999317,-2.1515151515151514,False,False,31,-1,-19,394879,394873,394904,394876,394897,bp,114.27777777777777,21,1073.0,6,25,3030.0
3251,776.9556414964501,-2.1515151515151514,True,True,50,15,2,394930,394904,394954,394917,394940,bp,122.28846153846158,23,1331.0,26,24,1738.0
3252,543.9795349021659,-2.1515151515151514,True,False,65,2,19,394996,394954,395019,394978,395000,bp,156.875,22,240.0,42,23,2304.0
3253,816.6547963699915,-2.1515151515151514,True,False,36,24,-12,395031,395019,395055,395024,395041,bp,141.07857142857142,17,330.0,12,24,2103.0
3254,315.8907872380337,-2.1515151515151514,True,False,116,-33,-34,395096,395055,395171,395082,395146,bp,51.24857142857143,64,470.0,41,75,2605.0
3255,739.7866103629901,-2.1515151515151514,True,False,82,-14,-32,395196,395171,395253,395177,395224,bp,68.39943609022556,47,-198.0,25,57,1940.0
3256,740.8024528161252,-2.1515151515151514,False,False,35,3,-15,395263,395253,395288,395257,395281,bp,122.72222222222223,24,-81.0,10,25,2666.0
3257,294.10930474847936,-2.1515151515151514,False,False,50,-9,32,395329,395288,395338,395308,395333,bp,90.80357142857143,25,1732.0,41,9,1552.0
3258,262.7446357063953,-2.1515151515151514,False,False,33,6,9,395359,395338,395371,395349,395366,bp,62.90714285714286,17,2292.0,21,12,1196.0
3259,615.8790971432493,-2.1515151515151514,False,False,34,15,14,395395,395371,395405,395389,395399,bp,255.125,10,698.0,24,10,2300.0
3260,3085.7707747372137,-2.1515151515151514,True,True,68,1,-14,394414,394387,394455,394403,394435,bp,241.90476190476193,32,-3348.0,27,41,8005.0
3261,4903.059848573644,-2.1515151515151514,True,True,66,12,-16,394480,394455,394521,394468,394492,bp,438.0416666666666,24,-5642.0,25,41,10463.0
3262,3432.0933529645868,-2.1515151515151514,True,True,50,20,-2,394545,394521,394571,394528,394553,bp,300.625,25,-2616.0,24,26,5918.0
3263,3080.7549050949956,-2.1515151515151514,True,True,83,13,1,394613,394571,394654,394598,394627,bp,253.62619047619046,29,-3287.0,42,41,8424.0
3264,3224.727313531378,-2.1515151515151514,True,True,57,-6,-7,394679,394654,394711,394669,394701,bp,236.12727272727275,32,-1664.0,25,32,5895.0
3265,2158.136666880092,-2.1515151515151514,True,True,77,-4,-3,394748,394711,394788,394727,394771,bp,127.86335403726707,44,-683.0,37,40,6151.0
3266,2115.444552757312,-2.1515151515151514,True,True,66,6,6,394824,394788,394854,394811,394837,bp,189.8076923076923,26,113.0,36,30,3825.0
3267,1809.917009629717,-2.1515151515151514,True,True,51,16,1,394880,394854,394905,394869,394886,bp,265.55303030303025,17,-1417.0,26,25,3746.0
3268,1971.4059751051457,-2.1515151515151514,True,True,66,-16,-12,394932,394905,394971,394919,394961,bp,160.25994694960212,42,-2506.0,27,39,6673.0
3269,2227.8539931445325,-2.1515151515151514,False,False,50,2,2,394997,394971,395021,394987,395005,bp,303.9125,18,-1767.0,26,24,5120.0
3270,466.912820528738,-2.1515151515151514,False,False,67,-10,-17,395046,395021,395088,395025,395070,bp,40.93154761904762,45,2036.0,25,42,2451.0
3271,2464.8517382095984,-2.1515151515151514,False,False,65,13,-11,395115,395088,395153,395105,395131,bp,248.56875,26,-2917.0,27,38,4591.0
3272,2812.0669353401445,-2.1515151515151514,True,True,51,13,1,395179,395153,395204,395170,395188,bp,344.16666666666663,18,-3593.0,26,25,7337.0
3273,2777.9565612876386,-2.1515151515151514,False,False,53,0,-1,395230,395204,395257,395219,395246,bp,216.38920454545453,27,-2022.0,26,27,5531.0
3274,913.7056639383306,-2.1515151515151514,False,False,64,-5,14,395296,395257,395321,395273,395309,bp,64.73076923076923,36,807.0,39,25,2226.0
3275,965.4490233240912,-2.1515151515151514,True,True,66,-9,18,395363,395321,395387,395340,395380,bp,69.57033248081841,40,413.0,42,24,3102.0
3276,2396.688368643232,-2.1470588235294117,False,False,68,8,-8,398234,398204,398272,398222,398251,bp,225.01225490196083,29,-2873.0,30,38,6494.0
3277,1838.318957761273,-2.1470588235294117,True,True,49,-14,-1,398296,398272,398321,398288,398314,bp,220.47916666666663,26,-1321.0,24,25,3476.0
3278,780.857595392697,-2.1470588235294117,True,True,50,-26,2,398347,398321,398371,398326,398364,bp,64.73949579831933,38,338.0,26,24,2610.0
3279,757.2770569427263,-2.1470588235294117,True,True,35,-5,-7,398385,398371,398406,398376,398398,bp,124.6153846153846,22,429.0,14,21,2404.0
3280,1419.637118735949,-2.1470588235294117,False,False,50,29,-4,398429,398406,398456,398415,398435,bp,133.36904761904762,20,316.0,23,27,2897.0
3281,3906.9644068479906,-2.1470588235294117,False,False,65,30,13,398495,398456,398521,398484,398505,bp,419.5,21,-5939.0,39,26,8075.0
3282,3081.8318492818776,-2.1470588235294117,False,False,100,20,12,398577,398521,398621,398556,398589,bp,268.05357142857144,33,-5063.0,56,44,8599.0
3283,1433.5744472019976,-2.1470588235294117,False,False,81,-3,11,398667,398621,398702,398642,398686,bp,78.78210526315789,44,-386.0,46,35,2837.0
3284,1903.6744591817999,-2.1470588235294117,False,False,101,15,-13,398746,398702,398803,398727,398764,bp,194.14181286549703,37,-5342.0,44,57,7118.0
3285,827.1623952160222,-2.1470588235294117,False,False,34,7,18,398829,398803,398837,398816,398832,bp,160.2051282051282,16,-257.0,26,8,1806.0
3286,2313.9098005734504,-2.1470588235294117,False,False,50,13,2,398863,398837,398887,398855,398870,bp,344.17857142857144,15,-3118.0,26,24,5996.0
3287,1106.5004529700032,-2.1470588235294117,True,False,84,-13,-26,398916,398887,398971,398898,398953,bp,102.19969969969969,55,-2009.0,29,55,5132.0
3288,1483.3889264936895,-2.1470588235294117,True,True,77,3,7,399013,398971,399048,398995,399025,bp,119.11111111111113,30,-1600.0,42,35,2580.0
3289,1174.7748924596526,-2.1470588235294117,True,True,73,8,-11,399079,399048,399121,399058,399089,bp,109.94285714285714,31,-1619.0,31,42,3264.0
3290,1338.7860338293092,-2.1470588235294117,True,True,49,15,-9,399141,399121,399170,399128,399149,bp,154.10096153846158,21,-1518.0,20,29,3349.0
3291,1173.887704204465,-2.1470588235294117,True,True,51,23,-7,399192,399170,399221,399185,399201,bp,184.02380952380955,16,-515.0,22,29,3867.0
3292,3459.6467235821974,-2.1470588235294117,False,False,67,11,-15,398246,398220,398287,398233,398258,bp,296.14102564102564,25,-4502.0,26,41,7273.0
3293,1305.6085521091147,-2.1470588235294117,False,False,50,1,0,398312,398287,398337,398294,398319,bp,133.14285714285714,25,44.0,25,25,2925.0
3294,1844.889989151443,-2.1470588235294117,True,True,61,-6,-9,398363,398337,398398,398345,398381,bp,140.11111111111111,36,-1136.0,26,35,5820.0
3295,4375.847941323787,-2.1470588235294117,True,True,55,6,-7,398422,398398,398453,398411,398436,bp,348.58766233766227,25,-3326.0,24,31,9140.0
3296,3005.793719980693,-2.1470588235294117,True,True,66,-7,-2,398485,398453,398519,398467,398503,bp,208.25,36,-2689.0,32,34,6428.0
3297,2602.805978880438,-2.1470588235294117,True,True,54,2,2,398547,398519,398573,398532,398559,bp,233.98333333333332,27,-2553.0,28,26,6177.0
3298,2888.431771333843,-2.1470588235294117,True,True,63,5,-15,398597,398573,398636,398588,398616,bp,240.98538011695905,28,-1709.0,24,39,6046.0
3299,2357.6107577339603,-2.1470588235294117,True,True,68,-5,-8,398666,398636,398704,398649,398681,bp,176.63333333333333,32,-2268.0,30,38,4809.0
3300,964.5592587494702,-2.1470588235294117,True,True,51,23,-33,398713,398704,398755,398708,398726,bp,225.17692307692303,18,-533.0,9,42,3228.0
3301,1975.830611006288,-2.1470588235294117,True,True,48,7,2,398780,398755,398803,398767,398790,bp,199.6,23,-1904.0,25,23,4345.0
3302,2350.494075532971,-2.1470588235294117,True,True,67,-2,-13,398830,398803,398870,398820,398850,bp,259.45,30,-4453.0,27,40,6685.0
3303,1776.2288387714914,-2.1470588235294117,True,True,51,1,1,398896,398870,398921,398878,398903,bp,177.48412698412702,25,-1873.0,26,25,3513.0
3304,2264.540990972032,-2.1470588235294117,True,True,50,-5,-2,398945,398921,398971,398929,398961,bp,164.9375,32,-2606.0,24,26,6228.0
3305,1538.0272062041095,-2.1470588235294117,False,False,67,5,15,399012,398971,399038,398988,399019,bp,145.36904761904762,31,-1815.0,41,26,2380.0
3306,305.3554956885626,-2.1470588235294117,True,True,33,7,15,399062,399038,399071,399055,399065,bp,213.14285714285717,10,-1091.0,24,9,2177.0
3307,508.77527637476265,-2.1470588235294117,True,False,50,0,0,399096,399071,399121,399082,399108,bp,76.0,26,-662.0,25,25,2137.0
3308,363.1548459677578,-2.1470588235294117,True,False,53,-22,31,399163,399121,399174,399134,399167,bp,112.7155172413793,33,-565.0,42,11,1656.0
3309,526.5892850548488,-2.1470588235294117,True,False,30,6,-14,399182,399174,399204,399178,399199,bp,168.13235294117646,21,-744.0,8,22,3061.0
3310,3015.2487103353133,2.5,False,False,85,11,-29,403028,403000,403085,403015,403047,bp,260.31983805668017,32,-6020.0,28,57,6720.0
3311,901.887798997752,2.5,False,False,36,5,-12,403097,403085,403121,403090,403109,bp,134.48214285714286,19,-881.0,12,24,2999.0
3312,196.02307203985995,2.5,False,False,33,10,17,403146,403121,403154,403133,403149,bp,110.74358974358977,16,828.0,25,8,1366.0
3313,916.912535857755,2.5,False,False,66,15,18,403196,403154,403220,403175,403201,bp,77.47619047619048,26,62.0,42,24,1429.0
3314,1585.7038745966825,2.5,False,False,67,-12,11,403259,403220,403287,403242,403271,bp,165.64950980392157,29,-3388.0,39,28,4000.0
3315,421.531795735264,2.5,False,False,33,-10,-13,403297,403287,403320,403288,403315,bp,66.33333333333334,27,-177.0,10,23,2669.0
3316,1537.0438904097641,2.5,True,True,50,6,-6,403342,403320,403370,403332,403354,bp,163.075,22,-1120.0,22,28,3417.0
3317,1623.6197902491585,2.5,True,True,50,7,2,403396,403370,403420,403382,403410,bp,139.07142857142856,28,-1653.0,26,24,3747.0
3318,2075.0370855129863,2.5,True,True,64,5,20,403462,403420,403484,403445,403472,bp,199.3970588235294,27,-4106.0,42,22,4198.0
3319,694.7180337084692,2.5,True,True,50,9,6,403512,403484,403534,403504,403518,bp,152.95833333333331,14,-2301.0,28,22,1938.0
3320,1066.5839165361951,2.5,False,False,38,11,-14,403546,403534,403572,403541,403564,bp,96.8,23,-1344.0,12,26,3576.0
3321,1043.5938156320153,2.5,False,False,65,5,15,403612,403572,403637,403598,403624,bp,101.875,26,-1790.0,40,25,1915.0
3322,705.257163277668,2.5,False,False,50,7,-2,403661,403637,403687,403655,403669,bp,196.3333333333333,14,-2223.0,24,26,2912.0
3323,294.3308400621932,2.5,False,False,50,10,-32,403696,403687,403737,403690,403718,bp,73.93181818181819,28,-514.0,9,41,1598.0
3324,646.916793475596,2.5,True,False,68,3,14,403778,403737,403805,403756,403784,bp,98.58333333333334,28,-1858.0,41,27,1727.0
3325,284.1262838153985,2.5,True,False,33,16,7,403825,403805,403838,403815,403832,bp,58.12857142857143,17,-1397.0,20,13,1319.0
3326,580.1666948310143,2.5,True,False,61,12,31,403884,403838,403899,403865,403888,bp,101.01973684210527,23,-2579.0,46,15,1372.0
3327,442.7512561155239,2.5,True,False,71,-3,21,403945,403899,403970,403923,403950,bp,147.32727272727269,27,-3041.0,46,25,2754.0
3328,660.2887797718835,2.5,True,False,33,13,-15,403979,403970,404003,403974,403986,bp,225.57142857142856,12,-2225.0,9,24,3269.0
3329,1328.2568399924787,2.5,False,False,100,40,-50,403012,402987,403087,403000,403033,bp,127.96428571428572,33,-3310.0,25,75,5346.0
3330,487.0051911217341,2.5,False,False,67,-4,11,403126,403087,403154,403106,403139,bp,68.85,33,176.0,39,28,2068.0
3331,801.6462455499465,2.5,True,True,65,-21,21,403197,403154,403219,403168,403213,bp,67.15625,45,-562.0,43,22,2517.0
3332,1127.3515958147611,2.5,False,False,51,4,5,403247,403219,403270,403237,403257,bp,175.55,20,-2284.0,28,23,1851.0
3333,56.794611126836394,2.5,False,False,66,29,-24,403291,403270,403336,403281,403307,bp,52.36875,26,-1123.0,21,45,1697.0
3334,284.4130233771276,2.5,True,False,51,-12,33,403378,403336,403387,403362,403382,bp,147.9375,20,-1772.0,42,9,2534.0
3335,397.4323493710891,2.5,False,False,50,-27,8,403416,403387,403437,403390,403429,bp,35.67307692307692,39,-1312.0,29,21,1546.0
3336,601.3251778756252,2.5,False,False,36,4,-18,403446,403437,403473,403441,403465,bp,56.46842105263158,24,-427.0,9,27,2981.0
3337,753.6314353584007,2.5,False,False,47,4,31,403512,403473,403520,403493,403514,bp,154.82894736842104,21,-1238.0,39,8,973.0
3338,998.0308947340767,2.5,False,False,83,-9,-31,403546,403520,403603,403539,403579,bp,138.85714285714286,40,-2893.0,26,57,3383.0
3339,513.0010752380696,2.5,True,False,68,-30,-18,403628,403603,403671,403610,403657,bp,62.8860153256705,47,-1474.0,25,43,2849.0
3340,86.16312284016071,2.5,True,False,22,8,-4,403680,403671,403693,403674,403686,bp,137.0,12,-315.0,9,13,1748.0
3341,334.8202655927267,2.5,True,True,31,19,7,403712,403693,403724,403706,403718,bp,156.5,12,-410.0,19,12,1724.0
3342,335.72022779042044,2.5,True,True,47,-3,29,403762,403724,403771,403749,403767,bp,105.09230769230768,18,-688.0,38,9,1482.0
3343,143.11791987759938,2.5,True,True,49,-3,27,403809,403771,403820,403782,403814,bp,64.44074074074075,32,-544.0,38,11,1161.0
3344,184.84840060902195,2.5,True,False,53,-3,31,403862,403820,403873,403843,403866,bp,112.25,23,-1217.0,42,11,1585.0
3345,422.5977296866622,2.5,True,False,32,2,6,403892,403873,403905,403886,403900,bp,143.27083333333331,14,-1406.0,19,13,2199.0
3346,743.0569041838603,2.5,True,False,60,-5,-12,403929,403905,403965,403916,403948,bp,76.89068825910931,32,-1921.0,24,36,1733.0
3347,188.84953583134305,2.5,False,False,22,19,4,403978,403965,403987,403975,403982,bp,202.375,7,-1146.0,13,9,1946.0
3348,585.3103673866947,-2.7941176470588234,False,False,67,-13,-17,406445,406420,406487,406431,406473,bp,56.01785714285714,42,631.0,25,42,3249.0
3349,1534.953237288039,-2.7941176470588234,True,True,61,-2,-13,406511,406487,406548,406502,406531,bp,163.33055555555555,29,-479.0,24,37,2803.0
3350,474.3861556656063,-2.7941176470588234,True,True,55,12,-25,406563,406548,406603,406558,406579,bp,123.9625,21,716.0,15,40,2294.0
3351,1219.2188681238372,-2.7941176470588234,True,True,67,2,-7,406633,406603,406670,406612,406650,bp,83.70728291316526,38,-697.0,30,37,2847.0
3352,388.04813583879053,-2.7941176470588234,True,False,99,-21,-47,406696,406670,406769,406690,406742,bp,101.85507246376812,52,-2.0,26,73,2382.0
3353,1226.9945531188444,-2.7941176470588234,False,False,41,2,-21,406779,406769,406810,406773,406797,bp,161.36111111111111,24,-139.0,10,31,3364.0
3354,481.56612397456655,-2.7941176470588234,False,False,28,31,10,406829,406810,406838,406823,406832,bp,219.0833333333333,9,1583.0,19,9,1999.0
3355,968.5334074044774,-2.7941176470588234,False,False,99,-12,17,406896,406838,406937,406872,406922,bp,105.37019230769229,50,-1124.0,58,41,5098.0
3356,2006.0081984453,-2.7941176470588234,True,False,51,6,21,406973,406937,406988,406960,406980,bp,184.33516483516485,20,-389.0,36,15,3681.0
3357,782.1328843861993,-2.7941176470588234,True,False,49,-15,23,407024,406988,407037,407006,407031,bp,93.7698412698413,25,673.0,36,13,1770.0
3358,725.9401915593689,-2.7941176470588234,True,False,33,-7,-7,407050,407037,407070,407041,407064,bp,84.46428571428572,23,792.0,13,20,2397.0
3359,905.6301964242157,-2.7941176470588234,False,False,35,14,17,407096,407070,407105,407080,407099,bp,153.27083333333331,19,-318.0,26,9,1343.0
3360,512.97084429279,-2.7941176470588234,True,True,83,7,1,407147,407105,407188,407132,407174,bp,79.02592592592592,42,-1558.0,42,41,3295.0
3361,518.6485115501257,-2.7941176470588234,False,False,83,13,-1,407229,407188,407271,407223,407249,bp,99.73333333333332,26,-165.0,41,42,1380.0
3362,697.6539378038002,-2.7941176470588234,False,False,66,-7,-6,407301,407271,407337,407288,407318,bp,88.39140271493211,30,-2219.0,30,36,1527.0
3363,460.22881780315015,-2.7941176470588234,True,False,67,-19,-11,407365,407337,407404,407341,407385,bp,50.20833333333333,44,-2603.0,28,39,2237.0
3364,257.3915468374076,-2.7941176470588234,True,False,27,15,-7,407414,407404,407431,407410,407418,bp,217.0,8,-1904.0,10,17,1734.0
3365,964.9219882564344,-2.7941176470588234,True,False,67,-4,-23,406441,406419,406486,406428,406466,bp,55.7523076923077,38,380.0,22,45,2716.0
3366,670.1026824183916,-2.7941176470588234,False,False,62,-25,26,406530,406486,406548,406500,406540,bp,83.96666666666667,40,-744.0,44,18,1767.0
3367,554.693668694836,-2.7941176470588234,True,False,39,33,-13,406561,406548,406587,406555,406573,bp,138.33333333333334,18,-777.0,13,26,2328.0
3368,1020.5813908151613,-2.7941176470588234,True,False,83,18,1,406629,406587,406670,406624,406647,bp,186.0,23,-1314.0,42,41,2862.0
3369,353.59056057179436,-2.7941176470588234,True,True,85,-26,23,406724,406670,406755,406688,406740,bp,72.52430555555556,52,-1061.0,54,31,2221.0
3370,1071.341011994678,-2.7941176470588234,True,True,54,-10,4,406784,406755,406809,406766,406799,bp,74.35,33,-848.0,29,25,3160.0
3371,1200.7049415042325,-2.7941176470588234,True,False,51,-2,11,406840,406809,406860,406822,406848,bp,84.34722222222223,26,-503.0,31,20,1682.0
3372,481.95379922949036,-2.7941176470588234,True,False,93,-10,-55,406879,406860,406953,406872,406921,bp,114.25,49,-1001.0,19,74,3433.0
3373,1975.4625086201172,-2.7941176470588234,True,False,51,17,-13,406972,406953,407004,406960,406981,bp,203.09722222222226,21,-1369.0,19,32,4623.0
3374,412.328264407349,-2.7941176470588234,False,False,34,5,14,407028,407004,407038,407019,407032,bp,191.0833333333333,13,-101.0,24,10,1812.0
3375,941.2450369186267,-2.7941176470588234,False,False,83,23,-1,407079,407038,407121,407050,407087,bp,147.28017241379308,37,-2218.0,41,42,3650.0
3376,1626.8024951015402,-2.7941176470588234,False,False,66,-17,14,407161,407121,407187,407147,407178,bp,145.74789915966386,31,-3211.0,40,26,4359.0
3377,560.116478799337,-2.7941176470588234,False,False,37,-2,13,407212,407187,407224,407192,407217,bp,95.95,25,-961.0,25,12,1575.0
3378,1081.9788758938903,-2.7941176470588234,True,False,47,7,-3,407246,407224,407271,407240,407263,bp,137.7107843137255,23,-1910.0,22,25,2411.0
3379,935.6715510498483,-2.7941176470588234,True,True,64,17,16,407311,407271,407335,407293,407316,bp,111.77777777777777,23,-2229.0,40,24,1705.0
3380,514.1022260169481,-2.7941176470588234,False,False,52,-1,4,407363,407335,407387,407356,407374,bp,147.89610389610388,18,-3022.0,28,24,2760.0
3381,465.8974184859324,-2.7941176470588234,False,False,68,0,-40,407401,407387,407455,407391,407432,bp,59.92258064516128,41,-1578.0,14,54,3703.0
3382,1658.7237254539048,4.606060606060606,True,True,66,2,-14,410380,410354,410420,410370,410402,bp,158.67727272727276,32,1593.0,26,40,4117.0
3383,3333.070667646836,4.606060606060606,True,True,50,20,0,410445,410420,410470,410436,410455,bp,360.26666666666665,19,-922.0,25,25,7121.0
3384,2867.060551211593,4.606060606060606,False,False,67,17,9,410508,410470,410537,410494,410518,bp,231.44285714285712,24,-275.0,38,29,4377.0
3385,2877.5686953045893,4.606060606060606,False,False,67,6,17,410579,410537,410604,410559,410588,bp,287.55833333333334,29,-4986.0,42,25,7188.0
3386,747.4797330571141,4.606060606060606,False,False,83,0,-1,410645,410604,410687,410623,410668,bp,47.29545454545455,45,816.0,41,42,3068.0
3387,560.8234821062257,4.606060606060606,True,False,67,-12,39,410740,410687,410754,410713,410748,bp,70.77777777777777,35,785.0,53,14,1768.0
3388,816.5213387461896,4.606060606060606,False,False,49,22,-1,410778,410754,410803,410771,410785,bp,133.21428571428572,14,1594.0,24,25,2613.0
3389,1689.1826936668406,4.606060606060606,False,False,84,-10,2,410846,410803,410887,410821,410862,bp,155.5575,41,-1845.0,43,41,6739.0
3390,1531.2256174681095,4.606060606060606,False,False,49,8,-13,410905,410887,410936,410893,410914,bp,140.91666666666669,21,2725.0,18,31,3326.0
3391,1106.2098205051236,4.606060606060606,False,False,35,8,17,410962,410936,410971,410943,410966,bp,125.07236842105264,23,2148.0,26,9,1187.0
3392,1438.5538806095572,4.606060606060606,False,False,82,0,26,411025,410971,411053,410997,411034,bp,192.12103174603172,37,-1925.0,54,28,5383.0
3393,732.6517174271968,4.606060606060606,False,False,34,8,18,411079,411053,411087,411071,411084,bp,169.0875,13,307.0,26,8,1338.0
3394,551.7143991801398,4.606060606060606,False,False,49,-13,5,411114,411087,411136,411105,411129,bp,137.23333333333332,24,-2301.0,27,22,1320.0
3395,1452.9721025497772,4.606060606060606,False,False,52,4,-34,411145,411136,411188,411140,411170,bp,164.22,30,-2964.0,9,43,6484.0
3396,1653.3275911341186,4.606060606060606,False,False,60,3,12,411224,411188,411248,411204,411231,bp,146.05357142857144,27,345.0,36,24,3264.0
3397,2046.300673490696,4.606060606060606,True,True,55,17,1,411276,411248,411303,411261,411285,bp,189.77777777777774,24,-1770.0,28,27,3711.0
3398,1485.9317419844836,4.606060606060606,True,True,72,20,12,411345,411303,411375,411326,411350,bp,230.65263157894736,24,-1541.0,42,30,3738.0
3399,1809.9485214190224,4.606060606060606,True,True,64,2,10,410390,410353,410417,410368,410399,bp,160.61111111111111,31,-704.0,37,27,3947.0
3400,1171.9908896490258,4.606060606060606,True,True,53,-2,3,410445,410417,410470,410432,410461,bp,89.49038461538461,29,571.0,28,25,3701.0
3401,1433.4037741380703,4.606060606060606,False,False,67,-2,-9,410499,410470,410537,410488,410522,bp,122.60276679841895,34,553.0,29,38,2567.0
3402,2163.0062119048002,4.606060606060606,False,False,66,-13,18,410579,410537,410603,410554,410589,bp,227.45,35,-3505.0,42,24,6523.0
3403,1913.4757444607349,4.606060606060606,True,True,68,15,8,410641,410603,410671,410611,410649,bp,156.42916666666667,38,-536.0,38,30,4465.0
3404,1729.5741945816424,4.606060606060606,True,False,83,-10,31,410728,410671,410754,410702,410740,bp,156.7275641025641,38,-1064.0,57,26,5427.0
3405,2137.6059709124893,4.606060606060606,True,True,50,12,2,410780,410754,410804,410768,410786,bp,265.2083333333333,18,-1310.0,26,24,3546.0
3406,1520.4452178040347,4.606060606060606,False,False,67,9,-17,410829,410804,410871,410816,410852,bp,159.49665551839462,36,-2501.0,25,42,6344.0
3407,931.77306179794,4.606060606060606,False,False,79,-5,9,410915,410871,410950,410897,410929,bp,72.55158730158729,32,1088.0,44,35,1946.0
3408,383.1839883897495,4.606060606060606,False,False,21,28,3,410962,410950,410971,410956,410963,bp,117.91666666666669,7,1431.0,12,9,245.0
3409,854.8104355660713,4.606060606060606,False,False,82,-5,0,411012,410971,411053,410998,411034,bp,90.3961038961039,36,-785.0,41,41,3822.0
3410,725.0010837140758,4.606060606060606,False,False,34,18,10,411075,411053,411087,411065,411081,bp,90.5,16,489.0,22,12,769.0
3411,1624.899474056273,4.606060606060606,False,False,80,4,4,411129,411087,411167,411115,411147,bp,149.52380952380952,32,-2984.0,42,38,5117.0
3412,1235.9217584332475,4.606060606060606,True,True,69,22,-11,411196,411167,411236,411183,411211,bp,117.42564102564104,28,-1156.0,29,40,4346.0
3413,518.2639987127559,4.606060606060606,False,False,101,-26,19,411296,411236,411337,411261,411315,bp,48.926315789473676,54,-1689.0,60,41,1069.0
3414,490.7558737513321,4.606060606060606,False,False,51,-10,-23,411351,411337,411388,411343,411379,bp,37.535714285714285,36,-873.0,14,37,3393.0
3415,785.9953235089755,-3.4722222222222223,False,False,51,0,3,414296,414269,414320,414281,414302,bp,91.9,21,251.0,27,24,2069.0
3416,137.89575366256992,-3.4722222222222223,False,False,34,15,-14,414330,414320,414354,414323,414340,bp,65.6,17,1631.0,10,24,1574.0
3417,809.5509888697984,-3.4722222222222223,True,True,66,36,-16,414379,414354,414420,414372,414384,bp,211.07142857142856,12,784.0,25,41,2348.0
3418,706.3995163664612,-3.4722222222222223,True,False,66,6,-16,414445,414420,414486,414432,414463,bp,66.94658119658119,31,1488.0,25,41,2354.0
3419,706.8955525186187,-3.4722222222222223,True,False,36,1,14,414511,414486,414522,414500,414513,bp,202.1136363636364,13,706.0,25,11,1776.0
3420,498.828244908553,-3.4722222222222223,False,False,31,9,7,414541,414522,414553,414527,414548,bp,83.21428571428572,21,513.0,19,12,1414.0
3421,2242.4612622029786,-3.4722222222222223,False,False,66,-3,18,414595,414553,414619,414578,414602,bp,280.61764705882354,24,-4057.0,42,24,5356.0
3422,1116.3284814668514,-3.4722222222222223,True,False,68,9,-48,414629,414619,414687,414623,414653,bp,172.39583333333337,30,-1709.0,10,58,3011.0
3423,1125.4442853387689,-3.4722222222222223,False,False,50,1,-12,414706,414687,414737,414692,414717,bp,116.39610389610391,25,-598.0,19,31,3850.0
3424,1935.4758714303375,-3.4722222222222223,True,True,49,4,-7,414758,414737,414786,414743,414771,bp,162.87692307692308,28,-820.0,21,28,3783.0
3425,2348.0294645035565,-3.4722222222222223,True,True,55,-5,-3,414812,414786,414841,414803,414832,bp,237.22222222222226,29,-3042.0,26,29,5226.0
3426,1429.9672425652118,-3.4722222222222223,True,True,46,8,-4,414862,414841,414887,414856,414876,bp,212.28571428571428,20,-464.0,21,25,4885.0
3427,1748.1472080430694,-3.4722222222222223,True,True,65,20,-15,414912,414887,414952,414904,414921,bp,256.8055555555556,17,184.0,25,40,4171.0
3428,839.7781562662819,-3.4722222222222223,True,True,51,-5,-27,414964,414952,415003,414958,414992,bp,137.69642857142858,34,1540.0,12,39,1977.0
3429,809.8081345344907,-3.4722222222222223,False,False,67,15,-15,415029,415003,415070,415021,415040,bp,164.21022727272728,19,-142.0,26,41,1635.0
3430,696.1217495817888,-3.4722222222222223,False,False,49,-1,-31,415079,415070,415119,415074,415099,bp,174.925,25,-711.0,9,40,2967.0
3431,520.9066982770469,-3.4722222222222223,False,False,34,-17,12,415142,415119,415153,415123,415148,bp,81.10526315789474,25,797.0,23,11,1573.0
3432,151.48581220955722,-3.4722222222222223,False,False,34,-12,4,415172,415153,415187,415156,415184,bp,22.35416666666667,28,1407.0,19,15,496.0
3433,675.3701961984953,-3.4722222222222223,False,False,38,14,10,415211,415187,415225,415200,415216,bp,162.75454545454545,16,-832.0,24,14,2286.0
3434,569.9797701369016,-3.4722222222222223,False,False,50,-10,0,414278,414253,414303,414271,414294,bp,126.03125,23,777.0,25,25,1046.0
3435,832.8600322639824,-3.4722222222222223,True,True,49,-4,-31,414312,414303,414352,414307,414334,bp,133.28181818181818,27,-61.0,9,40,3339.0
3436,578.6773247904284,-3.4722222222222223,True,True,71,-11,-51,414362,414352,414423,414357,414403,bp,148.86829268292684,46,863.0,10,61,2750.0
3437,1234.5305271161321,-3.4722222222222223,True,True,49,3,-5,414445,414423,414472,414438,414461,bp,164.00892857142856,23,651.0,22,27,2862.0
3438,951.4975418603852,-3.4722222222222223,False,False,64,43,14,414511,414472,414536,414487,414515,bp,159.8125,28,-321.0,39,25,2092.0
3439,2523.512402097415,-3.4722222222222223,False,False,86,13,34,414596,414536,414622,414586,414607,bp,318.17272727272734,21,-4231.0,60,26,6840.0
3440,1384.723954286536,-3.4722222222222223,False,False,69,-11,3,414658,414622,414691,414641,414673,bp,107.98235294117649,32,-875.0,36,33,3746.0
3441,487.88482128376256,-3.4722222222222223,False,False,62,1,-22,414711,414691,414753,414694,414726,bp,46.05490196078431,32,1121.0,20,42,3172.0
3442,1235.0574625220402,-3.4722222222222223,True,False,33,5,-7,414766,414753,414786,414759,414780,bp,184.0,21,1221.0,13,20,2696.0
3443,1505.17357653603,-3.4722222222222223,True,False,67,-6,19,414829,414786,414853,414806,414835,bp,200.2282608695652,29,-489.0,43,24,4180.0
3444,1710.2866708184245,-3.4722222222222223,True,True,54,14,-14,414873,414853,414907,414858,414883,bp,169.78333333333333,25,-401.0,20,34,3811.0
3445,1513.1359880829252,-3.4722222222222223,True,True,47,3,-3,414929,414907,414954,414922,414946,bp,186.03781512605042,24,156.0,22,25,4193.0
3446,1356.1791477151935,-3.4722222222222223,True,True,49,2,9,414983,414954,415003,414973,414996,bp,141.63461538461542,23,1145.0,29,20,2799.0
3447,1552.6324329351237,-3.4722222222222223,True,True,49,13,5,415030,415003,415052,415021,415039,bp,206.77777777777774,18,620.0,27,22,3787.0
3448,2540.393312363035,-3.4722222222222223,True,True,51,9,1,415078,415052,415103,415070,415091,bp,312.2451923076923,21,-2180.0,26,25,5815.0
3449,1623.3656996879126,-3.4722222222222223,True,False,50,49,2,415129,415103,415153,415121,415135,bp,293.75,14,-713.0,26,24,3523.0
3450,586.3693925428203,-3.4722222222222223,True,False,83,-17,61,415225,415153,415236,415198,415231,bp,93.12962962962963,33,220.0,72,11,2098.0
3451,229.36734394708665,-3.125,True,True,67,-6,17,418795,418753,418820,418771,418808,bp,47.57692307692307,37,562.0,42,25,1329.0
3452,431.13397648992,-3.125,True,True,48,-3,2,418845,418820,418868,418839,418856,bp,132.3030303030303,17,122.0,25,23,2160.0
3453,704.9937973263957,-3.125,False,False,51,8,-31,418878,418868,418919,418870,418900,bp,92.70454545454544,30,950.0,10,41,3123.0
3454,2523.2524065162092,-3.125,True,True,66,31,-6,418949,418919,418985,418938,418964,bp,204.37878787878788,26,-1271.0,30,36,4495.0
3455,1534.0477032092929,-3.125,True,True,97,12,1,419034,418985,419082,419021,419054,bp,158.79423076923078,33,-2319.0,49,48,3914.0
3456,1146.6634055259572,-3.125,False,False,71,1,19,419127,419082,419153,419099,419134,bp,176.51785714285714,35,-515.0,45,26,4409.0
3457,1067.275256711122,-3.125,True,True,84,-16,0,419195,419153,419237,419170,419217,bp,76.82,47,0.0,42,42,3133.0
3458,1400.6589015590423,-3.125,False,False,49,7,-1,419261,419237,419286,419248,419267,bp,154.1602564102564,19,-1249.0,24,25,2044.0
3459,193.77179614392605,-3.125,False,False,33,-4,-7,419299,419286,419319,419293,419311,bp,70.75,18,-2.0,13,20,2045.0
3460,866.6679587789447,-3.125,False,False,50,17,-26,419331,419319,419369,419325,419348,bp,103.55392156862746,23,701.0,12,38,2932.0
3461,1450.1944627335158,-3.125,False,False,50,-5,26,419407,419369,419419,419388,419412,bp,141.69473684210527,24,-1187.0,38,12,2063.0
3462,655.9980654217053,-3.125,False,False,53,-19,1,419446,419419,419472,419431,419463,bp,70.39607843137257,32,-1510.0,27,26,1815.0
3463,536.5474916202659,-3.125,False,False,47,-3,-29,419481,419472,419519,419476,419503,bp,48.6,27,118.0,9,38,3097.0
3464,1437.5889717504162,-3.125,False,False,50,-1,4,419546,419519,419569,419527,419557,bp,102.56937799043061,30,-1421.0,27,23,1597.0
3465,495.0705180069505,-3.125,False,False,100,-6,-6,419616,419569,419669,419586,419636,bp,83.49166666666667,50,-2744.0,47,53,3988.0
3466,557.2178462658884,-3.125,False,False,35,17,17,419695,419669,419704,419680,419700,bp,60.43333333333333,20,-88.0,26,9,1192.0
3467,766.6638281106758,-3.125,False,False,82,-14,0,419745,419704,419786,419737,419772,bp,144.27083333333334,35,-2864.0,41,41,1174.0
3468,764.0803299654107,-3.125,True,False,50,-23,-10,418839,418819,418869,418825,418862,bp,64.45962732919254,37,1965.0,20,30,3269.0
3469,1356.7914748938238,-3.125,True,True,50,2,-8,418890,418869,418919,418876,418900,bp,136.9857142857143,24,2424.0,21,29,3432.0
3470,1337.933416030985,-3.125,True,True,67,-3,15,418960,418919,418986,418926,418968,bp,136.39338235294116,42,1871.0,41,26,3432.0
3471,2050.323217974634,-3.125,True,True,67,-20,15,419027,418986,419053,419007,419044,bp,140.82941176470587,37,-425.0,41,26,4720.0
3472,1069.1910766293656,-3.125,True,True,49,-15,-1,419077,419053,419102,419061,419095,bp,74.9826388888889,34,1459.0,24,25,2087.0
3473,1364.9310801691445,-3.125,True,True,67,29,-23,419124,419102,419169,419114,419135,bp,166.3090909090909,21,539.0,22,45,4149.0
3474,2274.705178245467,-3.125,True,True,66,-4,-16,419194,419169,419235,419185,419216,bp,270.63383838383845,31,-1555.0,25,41,6597.0
3475,2935.0105808075646,-3.125,True,False,50,13,-6,419257,419235,419285,419243,419265,bp,288.99107142857144,22,-1134.0,22,28,5992.0
3476,1469.0849452827454,-3.125,True,False,85,-9,-1,419327,419285,419370,419300,419345,bp,112.67592592592592,45,-1183.0,42,43,4501.0
3477,1076.6754463277866,-3.125,True,False,55,7,-7,419394,419370,419425,419381,419408,bp,89.84615384615385,27,661.0,24,31,3008.0
3478,800.1069072072229,-3.125,True,False,94,-1,-22,419461,419425,419519,419442,419490,bp,87.05535390199638,48,-223.0,36,58,4164.0
3479,1381.9653393654398,-3.125,True,True,67,0,-9,419548,419519,419586,419537,419571,bp,137.5098814229249,34,-81.0,29,38,2140.0
3480,871.3994943139502,-3.125,True,True,72,-20,10,419627,419586,419658,419605,419649,bp,71.36363636363637,44,-760.0,41,31,3417.0
3481,1751.2072081656893,-3.125,False,False,59,17,-11,419682,419658,419717,419673,419697,bp,164.46666666666667,24,-1508.0,24,35,2582.0
3482,2113.465591506168,-3.125,False,False,69,11,-7,419748,419717,419786,419738,419760,bp,277.10833333333335,22,-4522.0,31,38,5847.0
3483,2063.6475498998257,-4.090909090909091,False,False,62,-22,12,422160,422123,422185,422141,422177,bp,146.54179566563462,36,-1938.0,37,25,4984.0
3484,892.2157543600438,-4.090909090909091,False,False,51,-3,23,422222,422185,422236,422191,422232,bp,60.19516129032258,41,-261.0,37,14,1358.0
3485,791.551317514965,-4.090909090909091,False,False,83,10,1,422278,422236,422319,422270,422291,bp,174.1394230769231,21,-2472.0,42,41,3216.0
3486,223.03809500220783,-4.090909090909091,False,False,33,17,-15,422328,422319,422352,422322,422339,bp,102.08333333333334,17,-418.0,9,24,1588.0
3487,727.4644596812459,-4.090909090909091,True,False,67,25,-15,422378,422352,422419,422373,422390,bp,155.70833333333334,17,-896.0,26,41,2662.0
3488,1690.8310452004264,-4.090909090909091,True,False,66,-7,18,422461,422419,422485,422432,422469,bp,194.75,37,-2613.0,42,24,5113.0
3489,2435.879806460073,-4.090909090909091,True,True,67,4,-17,422510,422485,422552,422499,422534,bp,217.3996212121212,35,-4143.0,25,42,6251.0
3490,3142.775879900937,-4.090909090909091,True,True,62,4,-2,422582,422552,422614,422573,422596,bp,255.17857142857144,23,-3235.0,30,32,5920.0
3491,764.1229603917627,-4.090909090909091,False,False,35,0,3,422633,422614,422649,422623,422640,bp,84.00714285714288,17,-412.0,19,16,362.0
3492,855.5741983930518,-4.090909090909091,False,False,40,3,16,422677,422649,422689,422657,422679,bp,167.725,22,-2854.0,28,12,1631.0
3493,553.8218496847845,-4.090909090909091,False,False,46,30,-4,422710,422689,422735,422704,422714,bp,177.83333333333337,10,-1622.0,21,25,2944.0
3494,1443.8035487110308,-4.090909090909091,True,True,84,-1,-28,422763,422735,422819,422754,422796,bp,193.87878787878788,42,-3613.0,28,56,3981.0
3495,3132.617117041925,-4.090909090909091,True,True,66,21,-12,422846,422819,422885,422837,422862,bp,315.15277777777777,25,-5650.0,27,39,7978.0
3496,1643.2755908794104,-4.090909090909091,True,True,101,20,-17,422927,422885,422986,422908,422946,bp,100.73684210526315,38,-1855.0,42,59,3819.0
3497,2223.897926182321,-4.090909090909091,True,True,67,15,-13,423013,422986,423053,423004,423030,bp,233.3954248366013,26,-4350.0,27,40,3649.0
3498,1134.224350569694,-4.090909090909091,False,False,82,-10,0,423094,423053,423135,423071,423114,bp,89.11956521739133,43,-4180.0,41,41,4208.0
3499,2258.5814534463325,-4.090909090909091,True,True,56,11,18,422172,422135,422191,422159,422180,bp,233.7355769230769,21,-479.0,37,19,5360.0
3500,1698.4739389508206,-4.090909090909091,True,True,62,0,12,422228,422191,422253,422212,422241,bp,165.67548076923075,29,-828.0,37,25,3889.0
3501,3278.2766468733803,-4.090909090909091,True,True,66,-4,6,422289,422253,422319,422270,422300,bp,274.7631578947368,30,-3606.0,36,30,7895.0
3502,4096.542123399515,-4.090909090909091,True,True,51,9,-9,422340,422319,422370,422326,422352,bp,362.83333333333337,26,-4098.0,21,30,9064.0
3503,2204.3672772425602,-4.090909090909091,True,True,65,2,15,422410,422370,422435,422387,422418,bp,161.6413043478261,31,-141.0,40,25,3391.0
3504,2817.0128338843842,-4.090909090909091,True,True,51,6,3,422462,422435,422486,422451,422477,bp,230.3757575757576,26,-3025.0,27,24,5249.0
3505,1710.6471223669048,-4.090909090909091,True,True,72,-14,10,422527,422486,422558,422509,422547,bp,109.16666666666666,38,-1700.0,41,31,4609.0
3506,3150.6773546589347,-4.090909090909091,True,True,61,10,-15,422581,422558,422619,422571,422597,bp,270.4625,26,-3090.0,23,38,7325.0
3507,2381.804981000813,-4.090909090909091,True,True,66,-19,-14,422645,422619,422685,422633,422672,bp,190.10185185185185,39,-2746.0,26,40,4764.0
3508,2749.9610624414613,-4.090909090909091,True,True,48,0,2,422710,422685,422733,422692,422718,bp,269.8055555555556,26,-2945.0,25,23,6815.0
3509,1974.408178115684,-4.090909090909091,True,True,65,-17,-11,422760,422733,422798,422744,422782,bp,155.25,38,-3091.0,27,38,4185.0
3510,1763.0378515508066,-4.090909090909091,False,False,55,5,-31,422810,422798,422853,422803,422828,bp,232.01190476190484,25,-2522.0,12,43,6086.0
3511,1576.3439501507053,-4.090909090909091,False,False,33,0,-13,422863,422853,422886,422858,422880,bp,184.58235294117645,22,745.0,10,23,3258.0
3512,1440.7444355368825,-4.090909090909091,True,False,66,-8,-10,422914,422886,422952,422902,422938,bp,136.66666666666666,36,-1005.0,28,38,2928.0
3513,540.6290633854019,-4.090909090909091,False,False,100,-37,-16,422994,422952,423052,422966,423036,bp,40.529761904761905,70,98.0,42,58,2320.0
3514,1257.7593036184282,-4.090909090909091,False,False,66,0,-14,423078,423052,423118,423069,423096,bp,173.52777777777774,27,-2341.0,26,40,2834.0
3515,1775.3089518786062,-4.090909090909091,True,True,50,4,-18,423134,423118,423168,423123,423149,bp,166.22121212121212,26,-2590.0,16,34,5607.0
3516,797.6445135486193,-0.02857142857142857,True,True,51,5,1,426277,426251,426302,426270,426289,bp,133.32738095238096,19,-426.0,26,25,1194.0
3517,153.86290623594473,-0.02857142857142857,False,False,33,11,5,426321,426302,426335,426313,426329,bp,44.1875,16,114.0,19,14,693.0
3518,858.2988241086725,-0.02857142857142857,False,False,84,13,-12,426371,426335,426419,426356,426396,bp,84.86666666666667,40,-1783.0,36,48,3478.0
3519,596.3840509147468,-0.02857142857142857,True,False,83,-13,31,426476,426419,426502,426449,426486,bp,148.8537037037037,37,-848.0,57,26,2911.0
3520,456.03041649176873,-0.02857142857142857,False,False,34,-4,16,426527,426502,426536,426510,426530,bp,86.33333333333334,20,229.0,25,9,813.0
3521,369.35964167786864,-0.02857142857142857,False,False,63,2,-15,426560,426536,426599,426546,426573,bp,50.99450549450549,27,-287.0,24,39,1531.0
3522,74.23546732636362,-0.02857142857142857,False,False,15,10,-7,426603,426599,426614,426602,426609,bp,30.416666666666664,7,1228.0,4,11,-161.0
3523,446.8167281524997,-0.02857142857142857,False,False,37,18,-9,426628,426614,426651,426626,426639,bp,115.04545454545456,13,471.0,14,23,1933.0
3524,679.7124805514766,-0.02857142857142857,True,False,67,-6,-11,426679,426651,426718,426670,426700,bp,111.12698412698411,30,-468.0,28,39,1441.0
3525,594.4123892572552,-0.02857142857142857,False,False,34,-6,-8,426731,426718,426752,426724,426747,bp,96.76339285714286,23,-797.0,13,21,2388.0
3526,95.86695511374391,-0.02857142857142857,False,False,63,22,-13,426777,426752,426815,426764,426782,bp,81.28461538461539,18,1086.0,25,38,1755.0
3527,1332.4423946772574,-0.02857142857142857,True,True,70,26,-46,426827,426815,426885,426822,426849,bp,202.93636363636364,27,-304.0,12,58,2063.0
3528,1333.302753920468,-0.02857142857142857,True,True,66,7,-16,426910,426885,426951,426902,426930,bp,157.725,28,-1139.0,25,41,3701.0
3529,1068.681107101406,-0.02857142857142857,False,False,83,-24,3,426994,426951,427034,426965,427013,bp,90.61433756805808,48,-1896.0,43,40,4480.0
3530,419.69609458182657,-0.02857142857142857,False,False,34,-2,-8,427047,427034,427068,427037,427057,bp,-2.6000000000000014,20,2040.0,13,21,490.0
3531,1114.8998547382928,-0.02857142857142857,False,False,56,12,-6,427093,427068,427124,427075,427100,bp,129.71825396825398,25,-119.0,25,31,2957.0
3532,650.0424972817984,-0.02857142857142857,False,False,44,-5,16,427154,427124,427168,427137,427164,bp,54.61176470588235,27,812.0,30,14,1056.0
3533,1940.8648917779587,-0.02857142857142857,False,False,67,13,-17,427193,427168,427235,427186,427212,bp,218.74060150375942,26,-2200.0,25,42,4660.0
3534,852.1055659358432,-0.02857142857142857,True,False,63,-21,25,426279,426235,426298,426256,426291,bp,87.42028985507245,35,-403.0,44,19,2094.0
3535,399.33313905070776,-0.02857142857142857,True,False,37,10,-13,426310,426298,426335,426305,426322,bp,130.73333333333335,17,-80.0,12,25,2256.0
3536,461.06247282395606,-0.02857142857142857,True,False,73,-12,43,426393,426335,426408,426349,426399,bp,90.8068181818182,50,194.0,58,15,2060.0
3537,951.8110782360448,-0.02857142857142857,True,False,93,-2,-21,426444,426408,426501,426437,426477,bp,153.85497835497836,40,-839.0,36,57,2964.0
3538,512.2918598750304,-0.02857142857142857,True,False,84,-36,6,426546,426501,426585,426515,426571,bp,50.037419354838704,56,-1233.0,45,39,3176.0
3539,731.6404234846028,-0.02857142857142857,True,True,52,2,-30,426596,426585,426637,426591,426621,bp,217.28,30,-1337.0,11,41,3199.0
3540,712.3258849991972,-0.02857142857142857,True,True,64,0,-20,426659,426637,426701,426653,426684,bp,204.6833333333333,31,-1522.0,22,42,3141.0
3541,512.6857331090054,-0.02857142857142857,True,False,67,-12,19,426744,426701,426768,426715,426751,bp,113.7807881773399,36,-282.0,43,24,2851.0
3542,508.0006944929053,-0.02857142857142857,True,False,34,-14,6,426788,426768,426802,426775,426799,bp,69.96503496503496,24,507.0,20,14,1599.0
3543,919.2381802972579,-0.02857142857142857,True,False,49,21,1,426827,426802,426851,426809,426832,bp,147.7,23,-521.0,25,24,2741.0
3544,1291.8504663860651,-0.02857142857142857,True,True,69,-6,15,426893,426851,426920,426876,426913,bp,99.90588235294119,37,-1390.0,42,27,4052.0
3545,704.8750120502573,-0.02857142857142857,True,True,79,40,1,426960,426920,426999,426944,426972,bp,79.16666666666666,28,-334.0,40,39,1814.0
3546,1008.1406873288264,-0.02857142857142857,False,False,70,-4,46,427057,426999,427069,427040,427063,bp,139.91666666666669,23,-1466.0,58,12,2548.0
3547,293.0539441857286,-0.02857142857142857,False,False,50,0,-2,427093,427069,427119,427082,427107,bp,53.064935064935064,25,153.0,24,26,1525.0
3548,616.8544297060668,-0.02857142857142857,True,True,46,7,4,427144,427119,427165,427132,427149,bp,129.86666666666667,17,-894.0,25,21,1715.0
3549,922.864878346006,-0.02857142857142857,True,False,41,16,15,427193,427165,427206,427173,427198,bp,143.225,25,-992.0,28,13,2515.0
3550,1192.8599475835656,-0.02857142857142857,True,False,80,23,0,427246,427206,427286,427239,427265,bp,173.31578947368425,26,-1671.0,40,40,4460.0
3551,3061.182776611989,-4.9411764705882355,False,False,84,21,26,430539,430484,430568,430523,430547,bp,276.09375,24,-2958.0,55,29,6093.0
3552,2702.0541657355625,-4.9411764705882355,True,True,67,6,17,430610,430568,430635,430592,430621,bp,235.4570707070707,29,-2401.0,42,25,6959.0
3553,2391.136914240072,-4.9411764705882355,False,False,62,-4,20,430676,430635,430697,430656,430682,bp,237.225,26,-2091.0,41,21,3908.0
3554,750.8338979498668,-4.9411764705882355,False,False,54,15,-20,430714,430697,430751,430704,430728,bp,95.75,24,-55.0,17,37,3146.0
3555,1148.888503412996,-4.9411764705882355,True,True,51,-5,11,430782,430751,430802,430767,430795,bp,109.43589743589745,28,530.0,31,20,2566.0
3556,708.5801967364963,-4.9411764705882355,False,False,48,-3,6,430829,430802,430850,430818,430838,bp,133.58080808080808,20,-85.0,27,21,1550.0
3557,1395.2182528615576,-4.9411764705882355,False,False,68,5,-42,430863,430850,430918,430855,430886,bp,179.54891304347825,31,-2431.0,13,55,4729.0
3558,750.0114958565233,-4.9411764705882355,True,False,33,17,-15,430927,430918,430951,430922,430937,bp,197.1,15,-99.0,9,24,1304.0
3559,526.6512659271435,-4.9411764705882355,False,False,50,10,0,430976,430951,431001,430969,430989,bp,98.85714285714286,20,-817.0,25,25,1447.0
3560,2329.55704580121,-4.9411764705882355,False,False,66,7,-12,431028,431001,431067,431019,431050,bp,168.68686868686868,31,-2661.0,27,39,6500.0
3561,2424.3738031715397,-4.9411764705882355,True,True,84,3,0,431109,431067,431151,431088,431127,bp,176.86111111111111,39,-3042.0,42,42,7536.0
3562,1125.980633641652,-4.9411764705882355,False,False,66,-25,18,431193,431151,431217,431169,431207,bp,95.75595238095238,38,-659.0,42,24,2389.0
3563,490.5086835760279,-4.9411764705882355,True,False,35,0,-17,431226,431217,431252,431220,431243,bp,164.37745098039215,23,-504.0,9,26,2881.0
3564,904.3206749390037,-4.9411764705882355,True,False,90,-14,-8,431293,431252,431342,431266,431324,bp,73.02927120669057,58,-689.0,41,49,5381.0
3565,2827.194461306279,-4.9411764705882355,True,True,76,19,2,431381,431342,431418,431368,431395,bp,207.68131868131863,27,-1348.0,39,37,5711.0
3566,2788.2077765128947,-4.9411764705882355,True,True,84,14,10,431465,431418,431502,431441,431477,bp,254.89583333333331,36,-3451.0,47,37,8229.0
3567,586.5416681384445,-4.9411764705882355,False,False,44,-6,-16,430549,430535,430579,430540,430566,bp,61.66993464052288,26,-1193.0,14,30,2400.0
3568,1807.335765251304,-4.9411764705882355,False,False,55,12,-27,430593,430579,430634,430586,430612,bp,158.0563909774436,26,-1385.0,14,41,4565.0
3569,4001.429307998296,-4.9411764705882355,False,False,66,6,-14,430660,430634,430700,430650,430675,bp,399.2833333333333,25,-6245.0,26,40,9256.0
3570,1295.2104863522625,-4.9411764705882355,False,False,51,-12,-5,430723,430700,430751,430706,430736,bp,113.35746606334844,30,-841.0,23,28,1497.0
3571,709.5715164705892,-4.9411764705882355,False,False,47,6,-29,430760,430751,430798,430754,430783,bp,114.68115942028984,29,-903.0,9,38,3342.0
3572,1732.1206311674548,-4.9411764705882355,True,False,66,-9,24,430843,430798,430864,430818,430849,bp,196.86,31,-2449.0,45,21,4198.0
3573,943.022238710833,-4.9411764705882355,True,False,54,-14,-30,430876,430864,430918,430871,430904,bp,143.13571428571427,33,-688.0,12,42,2363.0
3574,712.1282685012877,-4.9411764705882355,True,True,49,-14,-9,430938,430918,430967,430923,430954,bp,83.07291666666666,31,-1166.0,20,29,1435.0
3575,556.1658242138736,-4.9411764705882355,True,True,33,8,-13,430977,430967,431000,430971,430988,bp,147.6439393939394,17,-2290.0,10,23,2087.0
3576,905.8735058806667,-4.9411764705882355,False,False,52,16,0,431026,431000,431052,431013,431033,bp,171.10989010989013,20,-1536.0,26,26,3758.0
3577,902.322475384651,-4.9411764705882355,False,False,49,-10,1,431077,431052,431101,431069,431096,bp,133.29934210526315,27,-1410.0,25,24,1122.0
3578,1418.6871803463116,-4.9411764705882355,False,False,51,5,-1,431126,431101,431152,431113,431139,bp,173.6923076923077,26,-2174.0,25,26,5940.0
3579,3902.349860236566,-4.9411764705882355,True,True,65,6,3,431186,431152,431217,431170,431198,bp,290.20833333333337,28,-4275.0,34,31,8008.0
3580,2586.244809235141,-4.9411764705882355,True,True,83,14,-39,431239,431217,431300,431232,431262,bp,293.72049689440985,30,-2789.0,22,61,4705.0
3581,2263.346991676306,-4.9411764705882355,True,True,52,1,-14,431319,431300,431352,431306,431331,bp,167.42948717948718,25,-1770.0,19,33,4903.0
3582,1599.0919668381832,-4.9411764705882355,True,True,50,-19,2,431378,431352,431402,431357,431395,bp,100.35294117647058,38,208.0,26,24,4045.0
3583,679.4699297675406,-4.9411764705882355,False,False,49,-1,1,431427,431402,431451,431414,431439,bp,74.57692307692308,25,1169.0,25,24,550.0
3584,748.0170361745021,-4.9411764705882355,False,False,50,-7,2,431477,431451,431501,431463,431494,bp,72.26890756302521,31,-170.0,26,24,2724.0
3585,839.8104180252907,-2.914285714285714,True,False,49,21,-1,434625,434601,434650,434616,434629,bp,242.41666666666669,13,-391.0,24,25,2678.0
3586,557.644465669158,-2.914285714285714,True,False,84,-29,28,434706,434650,434734,434663,434716,bp,86.69767441860466,53,-1274.0,56,28,2701.0
3587,1768.798730151174,-2.914285714285714,True,True,51,-14,1,434760,434734,434785,434740,434776,bp,117.86875,36,-1386.0,26,25,5524.0
3588,973.0381705356407,-2.914285714285714,False,False,49,-8,-1,434809,434785,434834,434798,434822,bp,93.04895104895105,24,554.0,24,25,1373.0
3589,793.057417735884,-2.914285714285714,True,True,50,-17,-32,434843,434834,434884,434838,434872,bp,166.7206896551724,34,-685.0,9,41,3503.0
3590,672.7908393801305,-2.914285714285714,True,False,34,0,-14,434894,434884,434918,434889,434912,bp,120.62777777777777,23,1053.0,10,24,2328.0
3591,677.5681168966354,-2.914285714285714,False,False,87,-7,-37,434943,434918,435005,434935,434983,bp,96.975,48,1182.0,25,62,4137.0
3592,3911.177621212418,-2.914285714285714,False,False,62,3,0,435036,435005,435067,435024,435046,bp,360.4083333333333,22,-3355.0,31,31,6908.0
3593,1461.4778639330343,-2.914285714285714,False,False,84,7,-58,435080,435067,435151,435071,435115,bp,143.6126984126984,44,410.0,13,71,6259.0
3594,2965.9681778493505,-2.914285714285714,True,True,66,17,-14,435177,435151,435217,435166,435189,bp,275.77651515151507,23,-1261.0,26,40,4674.0
3595,3147.9552594144548,-2.914285714285714,False,False,56,-3,-6,435242,435217,435273,435229,435259,bp,244.36877828054298,30,-3489.0,25,31,7389.0
3596,1262.0004056783505,-2.914285714285714,False,False,39,27,1,435293,435273,435312,435286,435295,bp,222.53571428571428,9,296.0,20,19,942.0
3597,1173.5750588763808,-2.914285714285714,False,False,72,16,-8,435344,435312,435384,435331,435361,bp,115.82805429864254,30,-1022.0,32,40,5029.0
3598,2910.8079206994844,-2.914285714285714,True,True,66,-1,16,435425,435384,435450,435407,435434,bp,251.5833333333333,27,-1794.0,41,25,6285.0
3599,1668.2290249305588,-2.914285714285714,False,False,56,30,-4,435476,435450,435506,435460,435483,bp,167.63839285714286,23,-452.0,26,30,2240.0
3600,441.6365595770284,-2.914285714285714,False,False,92,-3,-20,435542,435506,435598,435536,435571,bp,119.816091954023,35,-41.0,36,56,4082.0
3601,298.6206610470978,-2.914285714285714,False,False,72,-14,46,434593,434534,434606,434561,434594,bp,97.375,33,278.0,59,13,748.0
3602,811.361724664162,-2.914285714285714,False,False,44,-14,-4,434626,434606,434650,434613,434643,bp,54.53393665158372,30,414.0,20,24,2907.0
3603,2432.068023520669,-2.914285714285714,True,False,67,24,-17,434675,434650,434717,434659,434682,bp,247.85714285714286,23,-1960.0,25,42,4674.0
3604,1000.971090764304,-2.914285714285714,False,False,56,-17,28,434759,434717,434773,434729,434765,bp,168.28333333333333,36,-2068.0,42,14,3064.0
3605,693.2239626442018,-2.914285714285714,False,False,61,-4,3,434805,434773,434834,434784,434814,bp,103.67460317460319,30,67.0,32,29,3285.0
3606,821.3167197049365,-2.914285714285714,True,True,67,-40,-15,434860,434834,434901,434840,434893,bp,75.0030303030303,53,135.0,26,41,3920.0
3607,1043.8154097515044,-2.914285714285714,False,False,50,2,-2,434925,434901,434951,434906,434930,bp,169.81052631578947,24,766.0,24,26,3076.0
3608,1066.4343136205346,-2.914285714285714,False,False,49,2,-31,434960,434951,435000,434956,434980,bp,125.3,24,2541.0,9,40,3381.0
3609,2496.536262240197,-2.914285714285714,True,True,48,10,-4,435022,435000,435048,435006,435030,bp,196.375,24,1241.0,22,26,4029.0
3610,1547.80692693543,-2.914285714285714,True,True,70,-29,18,435092,435048,435118,435064,435109,bp,124.94117647058823,45,-935.0,44,26,5086.0
3611,1539.6450993853146,-2.914285714285714,True,True,66,-5,-20,435141,435118,435184,435125,435160,bp,121.72203947368422,35,-265.0,23,43,4045.0
3612,1378.649136936384,-2.914285714285714,False,False,50,-14,8,435213,435184,435234,435190,435221,bp,146.84782608695653,31,389.0,29,21,3331.0
3613,892.2425246650745,-2.914285714285714,False,False,48,-1,2,435259,435234,435282,435238,435263,bp,133.17857142857142,25,2105.0,25,23,2119.0
3614,230.55995534323853,-2.914285714285714,True,False,25,10,-3,435293,435282,435307,435287,435297,bp,194.8333333333333,10,2001.0,11,14,1626.0
3615,1535.9639901334879,-2.914285714285714,True,False,44,25,-14,435322,435307,435351,435317,435332,bp,271.3,15,447.0,15,29,4191.0
3616,1169.574278066793,-2.914285714285714,True,False,83,-7,-1,435392,435351,435434,435372,435417,bp,87.735,45,1215.0,41,42,4544.0
3617,2096.386333285036,-2.914285714285714,False,False,54,-3,30,435476,435434,435488,435455,435480,bp,271.42261904761904,25,-713.0,42,12,3234.0
3618,490.0583290314399,-2.914285714285714,False,False,46,-16,6,435514,435488,435534,435502,435530,bp,45.27083333333334,28,1986.0,26,20,2045.0
3619,1359.3849583579065,-2.914285714285714,True,True,65,-28,17,435575,435534,435599,435542,435588,bp,131.22494172494171,46,143.0,41,24,5134.0
3620,1174.7643552594036,1.0909090909090908,True,True,82,16,2,438477,438435,438517,438451,438488,bp,106.8111888111888,37,1194.0,42,40,3442.0
3621,1488.183395237589,1.0909090909090908,False,False,100,11,-14,438560,438517,438617,438541,438576,bp,142.9325657894737,35,-119.0,43,57,4672.0
3622,391.54335155998825,1.0909090909090908,False,False,34,-18,10,438639,438617,438651,438622,438648,bp,47.029411764705884,26,2879.0,22,12,1018.0
3623,1225.0251049864892,1.0909090909090908,False,False,49,2,-25,438663,438651,438700,438656,438688,bp,142.34285714285716,32,881.0,12,37,3497.0
3624,2076.1008834719773,1.0909090909090908,True,True,68,9,16,438742,438700,438768,438722,438751,bp,185.06944444444446,29,565.0,42,26,5114.0
3625,1626.957371055804,1.0909090909090908,False,False,98,6,-18,438808,438768,438866,438789,438827,bp,137.81578947368422,38,-386.0,40,58,4197.0
3626,319.1322568830141,1.0909090909090908,False,False,19,14,1,438876,438866,438885,438871,438880,bp,186.325,9,2289.0,10,9,1963.0
3627,988.3878702046795,1.0909090909090908,False,False,49,18,25,438922,438885,438934,438903,438929,bp,71.96616541353383,26,2394.0,37,12,1694.0
3628,2360.196516657452,1.0909090909090908,False,False,118,24,-4,438991,438934,439052,438973,439010,bp,189.5716374269006,37,-2176.0,57,61,7978.0
3629,2439.1895009642844,1.0909090909090908,True,False,66,8,6,439088,439052,439118,439071,439104,bp,161.5625,33,303.0,36,30,4678.0
3630,2636.3970211404835,1.0909090909090908,True,True,83,17,23,439171,439118,439201,439145,439181,bp,239.0576923076923,36,-3326.0,53,30,7118.0
3631,1427.8131648172796,1.0909090909090908,True,False,100,41,-16,439243,439201,439301,439234,439256,bp,182.482905982906,22,-650.0,42,58,3461.0
3632,1121.82171274354,1.0909090909090908,True,False,50,7,0,439326,439301,439351,439319,439343,bp,113.97478991596641,24,816.0,25,25,2875.0
3633,1145.360768180585,1.0909090909090908,True,True,50,7,24,439388,439351,439401,439374,439395,bp,132.21428571428572,21,1132.0,37,13,2635.0
3634,523.2552664089037,1.0909090909090908,False,False,50,-5,32,439442,439401,439451,439423,439448,bp,84.80263157894737,25,450.0,41,9,991.0
3635,581.5268470165729,1.0909090909090908,True,True,51,2,1,438492,438466,438517,438480,438501,bp,78.41666666666667,21,-1086.0,26,25,1882.0
3636,750.1980516198294,1.0909090909090908,False,False,84,-24,-24,438547,438517,438601,438524,438587,bp,53.51521739130435,63,-1057.0,30,54,5120.0
3637,2742.231004082043,1.0909090909090908,True,True,65,16,17,438642,438601,438666,438626,438650,bp,274.65625,24,-3783.0,41,24,5294.0
3638,1151.2127429084035,1.0909090909090908,True,False,101,-2,-25,438704,438666,438767,438690,438737,bp,122.82251082251082,47,-2577.0,38,63,4840.0
3639,2002.893148519268,1.0909090909090908,True,False,51,22,-1,438792,438767,438818,438782,438808,bp,166.11875,26,-2275.0,25,26,3800.0
3640,1561.616792174135,1.0909090909090908,True,True,82,2,32,438875,438818,438900,438856,438880,bp,212.38421052631577,24,-2349.0,57,25,3434.0
3641,961.978152965476,1.0909090909090908,False,False,34,0,16,438925,438900,438934,438906,438930,bp,104.92105263157896,24,-1698.0,25,9,1380.0
3642,1332.254682306191,1.0909090909090908,False,False,49,-6,9,438963,438934,438983,438954,438975,bp,184.31944444444446,21,-3720.0,29,20,4260.0
3643,1779.0848396521094,1.0909090909090908,False,False,68,0,-16,439009,438983,439051,438990,439023,bp,170.87030075187968,33,-2820.0,26,42,7058.0
3644,403.04410451863856,1.0909090909090908,False,False,33,6,-15,439060,439051,439084,439056,439070,bp,161.825,14,2326.0,9,24,706.0
3645,1271.748774946154,1.0909090909090908,False,False,47,2,-7,439104,439084,439131,439090,439113,bp,112.40079365079364,23,-596.0,20,27,1636.0
3646,1008.8942625335134,1.0909090909090908,False,False,55,-11,-7,439155,439131,439186,439138,439171,bp,93.77205882352942,33,-2666.0,24,31,3497.0
3647,1024.088967193402,1.0909090909090908,True,True,48,9,-2,439209,439186,439234,439193,439215,bp,167.27083333333331,22,-2360.0,23,25,3389.0
3648,1381.900227563632,1.0909090909090908,True,True,49,-10,1,439259,439234,439283,439246,439275,bp,122.28605769230771,29,-2339.0,25,24,4086.0
3649,840.1725454047096,1.0909090909090908,True,True,40,10,8,439307,439283,439323,439294,439312,bp,162.34615384615384,18,-946.0,24,16,2783.0
3650,1179.8848393027652,1.0909090909090908,True,False,58,-12,16,439360,439323,439381,439340,439369,bp,133.05,29,-1786.0,37,21,3046.0
3651,309.99831337689056,1.0909090909090908,True,False,31,1,-9,439392,439381,439412,439386,439403,bp,152.79545454545456,17,-867.0,11,20,2593.0
3652,1211.974595852202,1.0909090909090908,True,False,50,8,-20,439427,439412,439462,439421,439446,bp,151.32894736842104,25,-938.0,15,35,2051.0
3653,436.31580322823964,-5.485714285714286,True,False,68,-16,-18,442342,442317,442385,442322,442363,bp,60.339285714285715,41,359.0,25,43,1760.0
3654,203.86292499258838,-5.485714285714286,True,False,17,21,-1,442393,442385,442402,442388,442396,bp,243.96666666666667,8,-414.0,8,9,1414.0
3655,921.5438793432993,-5.485714285714286,True,False,65,-11,5,442437,442402,442467,442425,442454,bp,98.96323529411764,29,-1684.0,35,30,3437.0
3656,627.3868168254129,-5.485714285714286,True,True,51,-3,-23,442481,442467,442518,442472,442502,bp,100.78571428571428,30,-979.0,14,37,1664.0
3657,411.95590233666184,-5.485714285714286,True,False,48,6,2,442543,442518,442566,442529,442546,bp,152.33333333333331,17,-1893.0,25,23,1660.0
3658,905.2887563231567,-5.485714285714286,False,False,51,3,-39,442572,442566,442617,442569,442595,bp,192.3623188405797,26,-1732.0,6,45,3649.0
3659,357.3520714876114,-5.485714285714286,False,False,27,2,1,442631,442617,442644,442624,442638,bp,93.07142857142857,14,657.0,14,13,1448.0
3660,502.39885502075873,-5.485714285714286,True,False,40,12,-8,442660,442644,442684,442654,442666,bp,146.58333333333334,12,125.0,16,24,1503.0
3661,283.4518167056705,-5.485714285714286,True,False,67,-25,-41,442697,442684,442751,442690,442735,bp,79.29323308270676,45,285.0,13,54,2390.0
3662,1138.6598400632574,-5.485714285714286,True,True,50,7,-32,442760,442751,442801,442755,442793,bp,154.11818181818182,38,478.0,9,41,4000.0
3663,1637.8353367376974,-5.485714285714286,True,True,83,20,33,442859,442801,442884,442838,442865,bp,166.29761904761904,27,680.0,58,25,3015.0
3664,1082.858712446223,-5.485714285714286,True,True,100,27,-16,442926,442884,442984,442912,442944,bp,110.5,32,-156.0,42,58,3099.0
3665,2191.6582359418408,-5.485714285714286,True,True,67,9,13,443024,442984,443051,443003,443033,bp,203.1746031746032,30,-1161.0,40,27,5538.0
3666,2026.832505707811,-5.485714285714286,True,True,67,13,15,443092,443051,443118,443072,443098,bp,197.725,26,-1067.0,41,26,3557.0
3667,941.0421665959576,-5.485714285714286,True,True,67,30,-17,443143,443118,443185,443137,443152,bp,215.36111111111111,15,-330.0,25,42,3018.0
3668,737.4476739343048,-5.485714285714286,True,False,48,5,0,443209,443185,443233,443197,443215,bp,124.29166666666666,18,662.0,24,24,2149.0
3669,288.0298989660562,-5.485714285714286,True,True,34,10,-14,443243,443233,443267,443238,443249,bp,170.71666666666667,11,1048.0,10,24,2124.0
3670,1169.7978294794373,-5.485714285714286,False,False,50,1,-2,443291,443267,443317,443270,443304,bp,98.60622710622714,34,1669.0,24,26,3847.0
3671,938.8995558892136,-5.485714285714286,True,False,34,-9,-6,442331,442317,442351,442322,442347,bp,107.75347222222223,25,-1136.0,14,20,2353.0
3672,327.784644313007,-5.485714285714286,True,False,32,3,16,442375,442351,442383,442363,442379,bp,146.29166666666666,16,-490.0,24,8,2033.0
3673,248.7446181370437,-5.485714285714286,True,False,100,-24,18,442442,442383,442483,442398,442455,bp,57.1756993006993,57,-852.0,59,41,1914.0
3674,1057.3231432499272,-5.485714285714286,True,False,48,-7,-4,442505,442483,442531,442488,442516,bp,83.68716577540106,28,-1175.0,22,26,2474.0
3675,1247.3722720730486,-5.485714285714286,True,True,59,9,-3,442559,442531,442590,442537,442564,bp,172.67727272727268,27,-1999.0,28,31,2908.0
3676,999.2841131588114,-5.485714285714286,True,True,60,-20,-20,442610,442590,442650,442600,442638,bp,115.02142857142857,38,-1875.0,20,40,5196.0
3677,1877.6617266566307,-5.485714285714286,True,True,66,25,-26,442670,442650,442716,442656,442678,bp,201.83035714285717,22,-1620.0,20,46,3883.0
3678,1358.2646983920686,-5.485714285714286,False,False,53,10,-3,442741,442716,442769,442725,442748,bp,169.45535714285714,23,-1203.0,25,28,3248.0
3679,356.89402260316484,-5.485714285714286,False,False,59,7,-11,442793,442769,442828,442781,442806,bp,48.98076923076921,25,715.0,24,35,1759.0
3680,2613.0438988145856,-5.485714285714286,False,False,55,7,-15,442848,442828,442883,442838,442860,bp,235.3,22,-2830.0,20,35,5470.0
3681,1484.100187988458,-5.485714285714286,True,True,51,-4,3,442910,442883,442934,442889,442916,bp,167.78571428571428,27,-876.0,27,24,3279.0
3682,356.00292128735833,-5.485714285714286,False,False,33,6,15,442958,442934,442967,442939,442963,bp,43.44210526315789,24,265.0,24,9,339.0
3683,1234.5564008757535,-5.485714285714286,False,False,89,2,-15,443004,442967,443056,442993,443030,bp,98.4143356643357,37,-1827.0,37,52,5273.0
3684,3511.882609971466,-5.485714285714286,True,True,51,10,9,443086,443056,443107,443069,443096,bp,278.3294117647059,27,-2691.0,30,21,7126.0
3685,2367.642508087739,-5.485714285714286,True,True,66,16,6,443143,443107,443173,443133,443158,bp,238.38333333333333,25,-1759.0,36,30,4780.0
3686,2315.074508300161,-5.485714285714286,True,True,60,15,12,443209,443173,443233,443199,443216,bp,317.6857142857143,17,-3327.0,36,24,4545.0
3687,860.6022214931622,-5.485714285714286,True,False,84,-18,-26,443262,443233,443317,443248,443301,bp,80.94688644688645,53,-1698.0,29,55,5124.0
3688,856.047592271537,-0.45454545454545453,True,True,70,-28,46,450324,450266,450336,450279,450330,bp,103.73333333333332,51,1099.0,58,12,2116.0
3689,1030.6031457387808,-0.45454545454545453,True,True,79,-14,33,450392,450336,450415,450353,450398,bp,145.57051282051282,45,424.0,56,23,3306.0
3690,815.8562521598047,-0.45454545454545453,True,True,68,17,20,450459,450415,450483,450429,450466,bp,114.98571428571431,37,-163.0,44,24,2740.0
3691,1160.9658848628646,-0.45454545454545453,True,True,90,7,-4,450526,450483,450573,450520,450550,bp,146.83333333333334,30,123.0,43,47,4036.0
3692,1361.1109735019168,-0.45454545454545453,True,True,61,-13,-21,450593,450573,450634,450587,450619,bp,195.28846153846158,32,500.0,20,41,2958.0
3693,206.2087154094441,-0.45454545454545453,False,False,17,14,9,450647,450634,450651,450638,450649,bp,215.63888888888889,11,934.0,13,4,1158.0
3694,1013.5960841362497,-0.45454545454545453,False,False,65,-1,17,450692,450651,450716,450674,450698,bp,138.30555555555554,24,-492.0,41,24,2752.0
3695,2041.4434272932954,-0.45454545454545453,False,False,50,24,-28,450727,450716,450766,450721,450744,bp,154.11274509803926,23,337.0,11,39,5076.0
3696,3954.024883435005,-0.45454545454545453,False,False,84,12,6,450811,450766,450850,450791,450825,bp,312.3107142857143,34,-5969.0,45,39,10257.0
3697,812.1927334198688,-0.45454545454545453,True,True,116,-2,-2,450907,450850,450966,450871,450927,bp,87.01944444444445,56,-1876.0,57,59,3942.0
3698,1184.0425182669928,-0.45454545454545453,False,False,67,-11,17,451008,450966,451033,450981,451023,bp,95.34444444444445,42,56.0,42,25,4311.0
3699,2131.845864503768,-0.45454545454545453,False,False,67,1,17,451075,451033,451100,451054,451080,bp,231.90476190476193,26,-2233.0,42,25,3505.0
3700,417.2089208431208,-0.45454545454545453,False,False,67,-17,-17,451125,451100,451167,451107,451148,bp,55.183574879227045,41,-141.0,25,42,3441.0
3701,1539.2351997926905,-0.45454545454545453,True,True,36,5,-8,451181,451167,451203,451172,451195,bp,143.77777777777774,23,434.0,14,22,3164.0
3702,698.3887661654012,3.0,False,False,47,2,33,451243,451203,451250,451223,451247,bp,78.325,24,1298.0,40,7,702.0
3703,1754.0010978367693,3.0,False,False,82,6,2,451292,451250,451332,451273,451303,bp,171.11961722488041,30,-3114.0,42,40,4343.0
3704,1004.3095761961388,-0.45454545454545453,True,False,65,4,-23,450337,450316,450381,450321,450352,bp,129.90208333333334,31,229.0,21,44,3986.0
3705,1725.2891119153103,-0.45454545454545453,True,False,36,14,-14,450392,450381,450417,450387,450403,bp,313.67272727272734,16,304.0,11,25,4830.0
3706,1576.6730014024274,-0.45454545454545453,True,False,66,10,-10,450445,450417,450483,450433,450463,bp,135.56944444444446,30,788.0,28,38,2514.0
3707,1231.2908035446449,-0.45454545454545453,False,False,83,-8,-19,450515,450483,450566,450503,450541,bp,117.83012820512822,38,101.0,32,51,4798.0
3708,391.10779645543505,-0.45454545454545453,False,False,34,12,-16,450575,450566,450600,450571,450582,bp,182.92857142857144,11,3054.0,9,25,1622.0
3709,960.9043194889177,-0.45454545454545453,False,False,50,16,-10,450620,450600,450650,450605,450627,bp,98.33809523809522,22,2366.0,20,30,1765.0
3710,2011.575989682568,-0.45454545454545453,False,False,65,-1,-13,450676,450650,450715,450665,450694,bp,210.9368686868687,29,-1431.0,26,39,6182.0
3711,3119.5531158588756,-0.45454545454545453,True,True,48,22,-6,450736,450715,450763,450722,450745,bp,267.20634920634916,23,-1053.0,21,27,5835.0
3712,1249.284413362598,-0.45454545454545453,False,False,71,-22,47,450822,450763,450834,450790,450829,bp,114.53125,39,-1561.0,59,12,1866.0
3713,1382.7716229088367,-0.45454545454545453,False,False,67,0,-11,450862,450834,450901,450846,450880,bp,120.77083333333331,34,-1568.0,28,39,6042.0
3714,1280.8385314752538,-0.45454545454545453,True,True,45,0,5,450926,450901,450946,450914,450938,bp,117.125,24,1141.0,25,20,2345.0
3715,480.3641040127528,-0.45454545454545453,True,True,39,1,7,450969,450946,450985,450962,450979,bp,118.93571428571428,17,1215.0,23,16,1271.0
3716,697.032240982658,-0.45454545454545453,True,True,49,-11,19,451019,450985,451034,450997,451027,bp,78.5284090909091,30,982.0,34,15,2397.0
3717,676.5158611443088,-0.45454545454545453,True,True,49,-10,1,451059,451034,451083,451046,451072,bp,71.26923076923076,26,1200.0,25,24,1893.0
3718,817.5994981542883,-0.45454545454545453,True,False,36,2,-18,451092,451083,451119,451088,451112,bp,186.475,24,459.0,9,27,1848.0
3719,1035.7352159494687,-0.45454545454545453,True,False,68,-5,12,451159,451119,451187,451138,451178,bp,84.96115288220551,40,240.0,40,28,4038.0
3720,756.0792274690082,3.0,True,True,79,0,31,451242,451187,451266,451213,451249,bp,159.435960591133,36,-913.0,55,24,3760.0
3721,1535.6752419445424,3.0,False,False,52,16,0,451292,451266,451318,451285,451301,bp,259.73809523809524,16,-702.0,26,26,4488.0
3722,1503.5265835016805,-0.45454545454545453,True,False,66,-1,-14,450226,450200,450266,450218,450249,bp,196.0217391304348,31,393.0,26,40,4287.0
3723,856.047592271537,-0.45454545454545453,True,True,70,-28,46,450324,450266,450336,450279,450330,bp,103.73333333333332,51,1099.0,58,12,2116.0
3724,1030.6031457387808,-0.45454545454545453,True,True,79,-14,33,450392,450336,450415,450353,450398,bp,145.57051282051282,45,424.0,56,23,3306.0
3725,815.8562521598047,-0.45454545454545453,True,True,68,17,20,450459,450415,450483,450429,450466,bp,114.98571428571431,37,-163.0,44,24,2740.0
3726,1160.9658848628646,-0.45454545454545453,True,True,90,7,-4,450526,450483,450573,450520,450550,bp,146.83333333333334,30,123.0,43,47,4036.0
3727,1361.1109735019168,-0.45454545454545453,True,True,61,-13,-21,450593,450573,450634,450587,450619,bp,195.28846153846158,32,500.0,20,41,2958.0
3728,206.2087154094441,-0.45454545454545453,False,False,17,14,9,450647,450634,450651,450638,450649,bp,215.63888888888889,11,934.0,13,4,1158.0
3729,1013.5960841362497,-0.45454545454545453,False,False,65,-1,17,450692,450651,450716,450674,450698,bp,138.30555555555554,24,-492.0,41,24,2752.0
3730,2041.4434272932954,-0.45454545454545453,False,False,50,24,-28,450727,450716,450766,450721,450744,bp,154.11274509803926,23,337.0,11,39,5076.0
3731,3954.024883435005,-0.45454545454545453,False,False,84,12,6,450811,450766,450850,450791,450825,bp,312.3107142857143,34,-5969.0,45,39,10257.0
3732,812.1927334198688,-0.45454545454545453,True,True,116,-2,-2,450907,450850,450966,450871,450927,bp,87.01944444444445,56,-1876.0,57,59,3942.0
3733,1184.0425182669928,-0.45454545454545453,False,False,67,-11,17,451008,450966,451033,450981,451023,bp,95.34444444444445,42,56.0,42,25,4311.0
3734,2131.845864503768,-0.45454545454545453,False,False,67,1,17,451075,451033,451100,451054,451080,bp,231.90476190476193,26,-2233.0,42,25,3505.0
3735,417.2089208431208,-0.45454545454545453,False,False,67,-17,-17,451125,451100,451167,451107,451148,bp,55.183574879227045,41,-141.0,25,42,3441.0
3736,1539.2351997926905,-0.45454545454545453,True,True,36,5,-8,451181,451167,451203,451172,451195,bp,143.77777777777774,23,434.0,14,22,3164.0
3737,2515.7375339928544,-0.45454545454545453,True,True,67,19,-15,450225,450199,450266,450208,450230,bp,300.7882352941176,22,-171.0,26,41,4000.0
3738,763.3244604091819,-0.45454545454545453,True,True,50,20,-22,450280,450266,450316,450271,450286,bp,175.36111111111111,15,784.0,14,36,2363.0
3739,1004.3095761961388,-0.45454545454545453,True,False,65,4,-23,450337,450316,450381,450321,450352,bp,129.90208333333334,31,229.0,21,44,3986.0
3740,1725.2891119153103,-0.45454545454545453,True,False,36,14,-14,450392,450381,450417,450387,450403,bp,313.67272727272734,16,304.0,11,25,4830.0
3741,1576.6730014024274,-0.45454545454545453,True,False,66,10,-10,450445,450417,450483,450433,450463,bp,135.56944444444446,30,788.0,28,38,2514.0
3742,1231.2908035446449,-0.45454545454545453,False,False,83,-8,-19,450515,450483,450566,450503,450541,bp,117.83012820512822,38,101.0,32,51,4798.0
3743,391.10779645543505,-0.45454545454545453,False,False,34,12,-16,450575,450566,450600,450571,450582,bp,182.92857142857144,11,3054.0,9,25,1622.0
3744,960.9043194889177,-0.45454545454545453,False,False,50,16,-10,450620,450600,450650,450605,450627,bp,98.33809523809522,22,2366.0,20,30,1765.0
3745,2011.575989682568,-0.45454545454545453,False,False,65,-1,-13,450676,450650,450715,450665,450694,bp,210.9368686868687,29,-1431.0,26,39,6182.0
3746,3119.5531158588756,-0.45454545454545453,True,True,48,22,-6,450736,450715,450763,450722,450745,bp,267.20634920634916,23,-1053.0,21,27,5835.0
3747,1249.284413362598,-0.45454545454545453,False,False,71,-22,47,450822,450763,450834,450790,450829,bp,114.53125,39,-1561.0,59,12,1866.0
3748,1382.7716229088367,-0.45454545454545453,False,False,67,0,-11,450862,450834,450901,450846,450880,bp,120.77083333333331,34,-1568.0,28,39,6042.0
3749,1280.8385314752538,-0.45454545454545453,True,True,45,0,5,450926,450901,450946,450914,450938,bp,117.125,24,1141.0,25,20,2345.0
3750,480.3641040127528,-0.45454545454545453,True,True,39,1,7,450969,450946,450985,450962,450979,bp,118.93571428571428,17,1215.0,23,16,1271.0
3751,697.032240982658,-0.45454545454545453,True,True,49,-11,19,451019,450985,451034,450997,451027,bp,78.5284090909091,30,982.0,34,15,2397.0
3752,676.5158611443088,-0.45454545454545453,True,True,49,-10,1,451059,451034,451083,451046,451072,bp,71.26923076923076,26,1200.0,25,24,1893.0
3753,817.5994981542883,-0.45454545454545453,True,False,36,2,-18,451092,451083,451119,451088,451112,bp,186.475,24,459.0,9,27,1848.0
3754,1035.7352159494687,-0.45454545454545453,True,False,68,-5,12,451159,451119,451187,451138,451178,bp,84.96115288220551,40,240.0,40,28,4038.0
3755,173.41265853705903,-2.238095238095238,True,True,34,1,-10,454095,454083,454117,454090,454105,bp,128.5,15,122.0,12,22,842.0
3756,564.2345379377579,-2.238095238095238,True,True,47,-14,-5,454138,454117,454164,454121,454152,bp,62.189075630252105,31,-668.0,21,26,1133.0
3757,469.44774981632827,-2.238095238095238,True,False,36,33,-14,454175,454164,454200,454169,454183,bp,144.4375,14,-1212.0,11,25,1678.0
3758,271.14235610677554,-2.238095238095238,True,True,51,5,31,454241,454200,454251,454230,454246,bp,126.21818181818182,16,-1609.0,41,10,1670.0
3759,313.21422976711244,-2.238095238095238,False,False,50,5,22,454287,454251,454301,454267,454293,bp,68.34166666666667,26,-1629.0,36,14,1100.0
3760,752.807126890358,-2.238095238095238,False,False,48,11,32,454341,454301,454349,454324,454344,bp,181.63725490196083,20,-3025.0,40,8,2725.0
3761,483.229422248638,-2.238095238095238,True,True,63,-7,23,454392,454349,454412,454375,454401,bp,138.57843137254903,26,-2972.0,43,20,2205.0
3762,673.6844239173981,-2.238095238095238,True,True,38,-8,-8,454427,454412,454450,454420,454445,bp,94.75396825396824,25,-2646.0,15,23,1851.0
3763,220.15453537906518,-2.238095238095238,True,True,38,-5,12,454475,454450,454488,454462,454481,bp,61.35256410256411,19,-2363.0,25,13,1474.0
3764,414.88191208649073,-2.238095238095238,True,True,35,-1,7,454509,454488,454523,454495,454516,bp,58.39285714285714,21,-2245.0,21,14,1454.0
3765,530.5233735670081,-2.238095238095238,True,True,45,19,-9,454541,454523,454568,454536,454544,bp,332.5333333333333,8,-3045.0,18,27,2794.0
3766,297.8628093038932,-2.238095238095238,True,True,32,3,-18,454575,454568,454600,454571,454587,bp,173.20833333333337,16,-2338.0,7,25,1518.0
3767,577.8594412091571,-2.238095238095238,False,False,33,-2,-7,454613,454600,454633,454606,454625,bp,142.13095238095238,19,-2730.0,13,20,2653.0
3768,174.4114019152834,-2.238095238095238,False,False,33,0,13,454656,454633,454666,454642,454660,bp,68.07142857142857,18,-795.0,23,10,1661.0
3769,397.9906886528223,-2.238095238095238,True,True,34,5,16,454691,454666,454700,454678,454694,bp,112.3205128205128,16,-947.0,25,9,1321.0
3770,220.1831509424283,-2.238095238095238,True,False,31,8,11,454721,454700,454731,454715,454723,bp,184.5833333333333,8,-1461.0,21,10,963.0
3771,478.999808080391,-2.238095238095238,True,False,54,4,-32,454742,454731,454785,454739,454774,bp,173.22395833333337,35,-2107.0,11,43,2565.0
3772,693.6639584520137,-2.238095238095238,True,True,81,17,1,454826,454785,454866,454813,454842,bp,82.52644230769229,29,-1456.0,41,40,3031.0
3773,566.8272117720453,-2.238095238095238,True,True,51,3,33,454908,454866,454917,454888,454912,bp,150.8,24,-1557.0,42,9,1872.0
3774,729.5943420370587,-2.238095238095238,True,True,67,-25,15,454958,454917,454984,454939,454975,bp,67.92260061919505,36,-1834.0,41,26,2771.0
3775,577.6887322465083,-2.238095238095238,True,True,49,0,-33,454992,454984,455033,454986,455012,bp,117.125,26,-505.0,8,41,2846.0
3776,764.9777540246176,-2.238095238095238,True,False,45,50,-27,455042,455033,455078,455038,455054,bp,207.70833333333331,16,-72.0,9,36,2005.0
3777,168.51991490170874,-2.238095238095238,True,True,49,22,7,454095,454067,454116,454081,454097,bp,136.03571428571428,16,-1084.0,28,21,1529.0
3778,779.8054290299721,-2.238095238095238,True,False,62,4,-8,454143,454116,454178,454135,454166,bp,144.25,31,-2566.0,27,35,2127.0
3779,560.217692740728,-2.238095238095238,True,False,69,-14,25,454225,454178,454247,454201,454236,bp,129.42613636363637,35,-3509.0,47,22,3195.0
3780,369.12836423232505,-2.238095238095238,False,False,39,33,-9,454262,454247,454286,454257,454264,bp,330.05,7,-3348.0,15,24,1514.0
3781,118.95778381841332,-2.238095238095238,False,False,52,-4,6,454315,454286,454338,454304,454324,bp,56.323232323232325,20,-3648.0,29,23,884.0
3782,563.4278999145441,-2.238095238095238,True,False,45,-7,-23,454349,454338,454383,454340,454371,bp,94.86363636363636,31,-4297.0,11,34,2642.0
3783,789.8429419971152,-2.238095238095238,True,True,70,-14,-20,454408,454383,454453,454395,454432,bp,133.36698717948718,37,-4853.0,25,45,4092.0
3784,564.2859035473972,-2.238095238095238,False,False,48,1,-26,454464,454453,454501,454455,454482,bp,157.27777777777774,27,-3877.0,11,37,4008.0
3785,388.52262111959936,-2.238095238095238,False,False,44,-3,8,454527,454501,454545,454510,454531,bp,97.66911764705885,21,-1697.0,26,18,2281.0
3786,804.4556360404483,-2.238095238095238,True,True,41,-2,-13,454559,454545,454586,454549,454571,bp,105.29166666666669,22,-1635.0,14,27,1765.0
3787,407.0469519550455,-2.238095238095238,False,False,30,-7,-10,454596,454586,454616,454591,454611,bp,89.96666666666668,20,-1009.0,10,20,2323.0
3788,442.147412539413,-2.238095238095238,True,False,35,17,-9,454629,454616,454651,454624,454636,bp,213.9142857142857,12,-1372.0,13,22,1901.0
3789,656.2993601850209,-2.238095238095238,True,False,64,1,-18,454674,454651,454715,454665,454693,bp,111.30116959064327,28,-1889.0,23,41,3423.0
3790,365.09172057515985,-2.238095238095238,True,False,35,22,-9,454728,454715,454750,454722,454731,bp,173.08333333333331,9,-259.0,13,22,1575.0
3791,280.5286930145296,-2.238095238095238,True,True,54,1,-2,454776,454750,454804,454762,454787,bp,66.737012987013,25,12.0,26,28,1684.0
3792,665.3485602398712,-2.238095238095238,False,False,51,-8,-7,454826,454804,454855,454813,454842,bp,57.697115384615394,29,308.0,22,29,3234.0
3793,889.5259718296383,-2.238095238095238,True,True,44,-13,4,454879,454855,454899,454863,454889,bp,75.90625,26,870.0,24,20,2357.0
3794,163.3625399933951,-2.238095238095238,False,False,34,19,-10,454911,454899,454933,454902,454919,bp,70.74305555555556,17,1491.0,12,22,726.0
3795,376.4752811147867,-2.238095238095238,False,False,83,-36,-1,454974,454933,455016,454955,455007,bp,67.26236044657098,52,-1247.0,41,42,2799.0
3796,439.6848388725042,-2.238095238095238,True,True,52,24,-32,455026,455016,455068,455023,455037,bp,289.66666666666663,14,-619.0,10,42,3065.0
3797,967.5645003758805,-2.1315789473684212,True,False,50,5,2,464191,464165,464215,464178,464195,bp,195.1442307692308,17,-518.0,26,24,2905.0
3798,628.8475980018998,-2.1315789473684212,True,False,34,-3,-16,464224,464215,464249,464217,464236,bp,169.5952380952381,19,57.0,9,25,1565.0
3799,114.63835595948818,-2.1315789473684212,True,False,16,18,0,464257,464249,464265,464252,464261,bp,146.175,9,362.0,8,8,1507.0
3800,263.94649183915567,-2.1315789473684212,False,False,50,-14,36,464308,464265,464315,464288,464312,bp,97.875,24,-1004.0,43,7,1105.0
3801,370.0311020646928,-2.1315789473684212,True,True,51,-4,1,464341,464315,464366,464322,464351,bp,79.9342105263158,29,-1448.0,26,25,1726.0
3802,307.9622531122156,-2.1315789473684212,False,False,49,-5,-1,464390,464366,464415,464376,464404,bp,31.32142857142857,28,-1461.0,24,25,652.0
3803,820.6838083697555,-2.1315789473684212,False,False,71,-1,-9,464446,464415,464486,464427,464462,bp,83.97203947368422,35,-3388.0,31,40,3210.0
3804,287.74379174178034,-2.1315789473684212,False,False,36,0,6,464507,464486,464522,464496,464513,bp,77.71969696969697,17,-751.0,21,15,1770.0
3805,461.24841521292336,-2.1315789473684212,False,False,44,-6,-6,464541,464522,464566,464530,464562,bp,26.129870129870127,32,597.0,19,25,2014.0
3806,425.63762241510216,-2.1315789473684212,False,False,82,-25,32,464623,464566,464648,464588,464637,bp,29.507142857142853,49,-1274.0,57,25,1261.0
3807,977.9552127600484,-2.1315789473684212,False,False,68,-3,-16,464674,464648,464716,464661,464695,bp,122.56043956043956,34,-2836.0,26,42,4129.0
3808,631.4521809288315,-2.1315789473684212,True,False,51,-23,21,464752,464716,464767,464726,464760,bp,83.36538461538461,34,-1225.0,36,15,2322.0
3809,152.00496818101112,-2.1315789473684212,True,False,49,29,-35,464774,464767,464816,464771,464786,bp,268.5,15,-737.0,7,42,3299.0
3810,821.0153480321375,-2.1315789473684212,True,True,49,-1,7,464844,464816,464865,464830,464854,bp,104.95714285714287,24,577.0,28,21,2462.0
3811,270.904555378972,-2.1315789473684212,True,True,35,-4,15,464890,464865,464900,464877,464895,bp,101.63076923076923,18,1237.0,25,10,1379.0
3812,84.15081279673612,-2.1315789473684212,False,False,33,4,9,464921,464900,464933,464909,464925,bp,28.541666666666664,16,790.0,21,12,599.0
3813,676.754634948977,0.7692307692307693,False,False,66,-2,-8,464962,464933,464999,464945,464982,bp,74.81764705882352,37,-502.0,29,37,2611.0
3814,805.3906832216458,0.7692307692307693,True,True,49,13,3,465025,464999,465048,465017,465041,bp,92.0625,24,-163.0,26,23,1547.0
3815,362.7173485470048,0.7692307692307693,True,False,68,-23,42,465103,465048,465116,465078,465110,bp,75.01428571428572,32,-601.0,55,13,1817.0
3816,117.99510883735591,0.7692307692307693,False,False,33,-12,-9,465128,465116,465149,465119,465141,bp,51.89743589743589,22,82.0,12,21,1418.0
3817,270.5341549278249,0.7692307692307693,False,False,50,-29,-26,465161,465149,465199,465151,465192,bp,26.71129032258064,41,1243.0,12,38,2430.0
3818,914.6631679669647,-2.1315789473684212,True,False,66,1,44,464238,464183,464249,464222,464243,bp,147.75625,21,-992.0,55,11,2230.0
3819,991.9367137096293,-2.1315789473684212,False,False,49,20,1,464274,464249,464298,464265,464278,bp,249.68055555555557,13,-3062.0,25,24,1714.0
3820,523.8699686335734,-2.1315789473684212,True,True,73,21,-17,464326,464298,464371,464311,464335,bp,146.0,24,-4198.0,28,45,2321.0
3821,509.1100106043042,-2.1315789473684212,True,True,64,-18,-24,464391,464371,464435,464380,464424,bp,99.15151515151516,44,-3826.0,20,44,3673.0
3822,670.5466500588399,-2.1315789473684212,True,True,80,-25,-34,464458,464435,464515,464450,464497,bp,98.26442307692308,47,-2741.0,23,57,2350.0
3823,305.2520652192318,-2.1315789473684212,True,False,67,-24,9,464553,464515,464582,464519,464564,bp,92.22058823529413,45,-2777.0,38,29,1893.0
3824,224.76213712115285,-2.1315789473684212,True,False,57,4,-43,464589,464582,464639,464585,464616,bp,151.0092592592593,31,-2862.0,7,50,1368.0
3825,1093.4730068746221,-2.1315789473684212,False,False,76,21,-40,464657,464639,464715,464651,464684,bp,187.74074074074073,33,-4010.0,18,58,6344.0
3826,657.2158466151868,-2.1315789473684212,False,False,63,-11,23,464758,464715,464778,464738,464766,bp,142.375,28,-163.0,43,20,3493.0
3827,569.9398017656538,-2.1315789473684212,False,False,38,-16,-2,464796,464778,464816,464783,464810,bp,66.75549450549451,27,1597.0,18,20,2075.0
3828,496.1896086931199,-2.1315789473684212,True,False,49,27,-33,464824,464816,464865,464821,464839,bp,160.5,18,2186.0,8,41,2793.0
3829,689.7124587435377,-2.1315789473684212,True,False,56,-5,28,464907,464865,464921,464884,464912,bp,139.5086956521739,28,970.0,42,14,2195.0
3830,301.2489737063197,-2.1315789473684212,True,False,31,14,7,464940,464921,464952,464935,464944,bp,243.05,9,1313.0,19,12,2478.0
3831,600.7542212718993,0.7692307692307693,True,True,32,9,16,464976,464952,464984,464967,464979,bp,175.05555555555554,12,1146.0,24,8,1520.0
3832,462.659272351154,0.7692307692307693,False,False,49,-16,19,465018,464984,465033,465000,465027,bp,54.944444444444436,27,424.0,34,15,852.0
3833,653.7377354886313,0.7692307692307693,False,False,33,-5,15,465057,465033,465066,465038,465060,bp,221.98245614035088,22,-866.0,24,9,2641.0
3834,486.59010430493345,0.7692307692307693,True,True,32,12,10,465087,465066,465098,465077,465092,bp,104.45,15,-417.0,21,11,1982.0
3835,868.8698651362015,0.7692307692307693,True,False,49,10,3,465124,465098,465147,465119,465141,bp,148.24705882352941,22,-510.0,26,23,2277.0
3836,159.53846626281572,-2.1315789473684212,True,False,28,0,12,463974,463954,463982,463964,463976,bp,150.0,12,-1145.0,20,8,1228.0
3837,599.6863205477129,-2.1315789473684212,True,False,49,-10,3,464008,463982,464031,463988,464017,bp,70.02222222222223,29,-2141.0,26,23,1507.0
3838,540.1380563574422,-2.1315789473684212,True,True,34,11,-10,464043,464031,464065,464036,464047,bp,271.80357142857144,11,-3486.0,12,22,2672.0
3839,660.2113499810313,-2.1315789473684212,False,False,34,5,-14,464075,464065,464099,464069,464087,bp,170.83333333333331,18,-2789.0,10,24,3481.0
3840,527.7291661292476,-2.1315789473684212,False,False,66,16,-16,464124,464099,464165,464110,464136,bp,77.75595238095238,26,-638.0,25,41,2459.0
3841,967.5645003758805,-2.1315789473684212,True,False,50,5,2,464191,464165,464215,464178,464195,bp,195.1442307692308,17,-518.0,26,24,2905.0
3842,628.8475980018998,-2.1315789473684212,True,False,34,-3,-16,464224,464215,464249,464217,464236,bp,169.5952380952381,19,57.0,9,25,1565.0
3843,114.63835595948818,-2.1315789473684212,True,False,16,18,0,464257,464249,464265,464252,464261,bp,146.175,9,362.0,8,8,1507.0
3844,263.94649183915567,-2.1315789473684212,False,False,50,-14,36,464308,464265,464315,464288,464312,bp,97.875,24,-1004.0,43,7,1105.0
3845,370.0311020646928,-2.1315789473684212,True,True,51,-4,1,464341,464315,464366,464322,464351,bp,79.9342105263158,29,-1448.0,26,25,1726.0
3846,307.9622531122156,-2.1315789473684212,False,False,49,-5,-1,464390,464366,464415,464376,464404,bp,31.32142857142857,28,-1461.0,24,25,652.0
3847,820.6838083697555,-2.1315789473684212,False,False,71,-1,-9,464446,464415,464486,464427,464462,bp,83.97203947368422,35,-3388.0,31,40,3210.0
3848,287.74379174178034,-2.1315789473684212,False,False,36,0,6,464507,464486,464522,464496,464513,bp,77.71969696969697,17,-751.0,21,15,1770.0
3849,461.24841521292336,-2.1315789473684212,False,False,44,-6,-6,464541,464522,464566,464530,464562,bp,26.129870129870127,32,597.0,19,25,2014.0
3850,425.63762241510216,-2.1315789473684212,False,False,82,-25,32,464623,464566,464648,464588,464637,bp,29.507142857142853,49,-1274.0,57,25,1261.0
3851,977.9552127600484,-2.1315789473684212,False,False,68,-3,-16,464674,464648,464716,464661,464695,bp,122.56043956043956,34,-2836.0,26,42,4129.0
3852,631.4521809288315,-2.1315789473684212,True,False,51,-23,21,464752,464716,464767,464726,464760,bp,83.36538461538461,34,-1225.0,36,15,2322.0
3853,152.00496818101112,-2.1315789473684212,True,False,49,29,-35,464774,464767,464816,464771,464786,bp,268.5,15,-737.0,7,42,3299.0
3854,821.0153480321375,-2.1315789473684212,True,True,49,-1,7,464844,464816,464865,464830,464854,bp,104.95714285714287,24,577.0,28,21,2462.0
3855,270.904555378972,-2.1315789473684212,True,True,35,-4,15,464890,464865,464900,464877,464895,bp,101.63076923076923,18,1237.0,25,10,1379.0
3856,84.15081279673612,-2.1315789473684212,False,False,33,4,9,464921,464900,464933,464909,464925,bp,28.541666666666664,16,790.0,21,12,599.0
3857,432.7569731207445,-2.1315789473684212,False,False,86,-16,-12,463987,463950,464036,463969,464015,bp,70.45436507936508,46,-4299.0,37,49,3129.0
3858,653.0360753920222,-2.1315789473684212,False,False,49,-8,-3,464059,464036,464085,464045,464076,bp,53.47899159663866,31,-2253.0,23,26,3004.0
3859,623.3646993919996,-2.1315789473684212,False,False,64,-7,-20,464107,464085,464149,464099,464134,bp,71.88657407407408,35,-656.0,22,42,2977.0
3860,733.6977543518974,-2.1315789473684212,True,False,34,26,14,464173,464149,464183,464162,464179,bp,158.8560606060606,17,-188.0,24,10,2746.0
3861,914.6631679669647,-2.1315789473684212,True,False,66,1,44,464238,464183,464249,464222,464243,bp,147.75625,21,-992.0,55,11,2230.0
3862,991.9367137096293,-2.1315789473684212,False,False,49,20,1,464274,464249,464298,464265,464278,bp,249.68055555555557,13,-3062.0,25,24,1714.0
3863,523.8699686335734,-2.1315789473684212,True,True,73,21,-17,464326,464298,464371,464311,464335,bp,146.0,24,-4198.0,28,45,2321.0
3864,509.1100106043042,-2.1315789473684212,True,True,64,-18,-24,464391,464371,464435,464380,464424,bp,99.15151515151516,44,-3826.0,20,44,3673.0
3865,670.5466500588399,-2.1315789473684212,True,True,80,-25,-34,464458,464435,464515,464450,464497,bp,98.26442307692308,47,-2741.0,23,57,2350.0
3866,305.2520652192318,-2.1315789473684212,True,False,67,-24,9,464553,464515,464582,464519,464564,bp,92.22058823529413,45,-2777.0,38,29,1893.0
3867,224.76213712115285,-2.1315789473684212,True,False,57,4,-43,464589,464582,464639,464585,464616,bp,151.0092592592593,31,-2862.0,7,50,1368.0
3868,1093.4730068746221,-2.1315789473684212,False,False,76,21,-40,464657,464639,464715,464651,464684,bp,187.74074074074073,33,-4010.0,18,58,6344.0
3869,657.2158466151868,-2.1315789473684212,False,False,63,-11,23,464758,464715,464778,464738,464766,bp,142.375,28,-163.0,43,20,3493.0
3870,569.9398017656538,-2.1315789473684212,False,False,38,-16,-2,464796,464778,464816,464783,464810,bp,66.75549450549451,27,1597.0,18,20,2075.0
3871,496.1896086931199,-2.1315789473684212,True,False,49,27,-33,464824,464816,464865,464821,464839,bp,160.5,18,2186.0,8,41,2793.0
3872,689.7124587435377,-2.1315789473684212,True,False,56,-5,28,464907,464865,464921,464884,464912,bp,139.5086956521739,28,970.0,42,14,2195.0
3873,301.2489737063197,-2.1315789473684212,True,False,31,14,7,464940,464921,464952,464935,464944,bp,243.05,9,1313.0,19,12,2478.0
3874,2289.925551481422,0.5428571428571428,True,True,64,-3,-10,466308,466281,466345,466296,466326,bp,154.02777777777774,30,-51.0,27,37,4954.0
3875,923.1521552118891,0.5428571428571428,True,False,87,-2,-29,466374,466345,466432,466353,466412,bp,89.78383458646618,59,-174.0,29,58,4083.0
3876,1802.1030482925892,0.5428571428571428,True,False,83,-4,33,466490,466432,466515,466469,466496,bp,240.3809523809524,27,-2093.0,58,25,4045.0
3877,549.3619728375364,0.5428571428571428,False,False,31,-11,-5,466528,466515,466546,466519,466544,bp,78.1423611111111,25,-201.0,13,18,534.0
3878,1031.8997666299272,0.5428571428571428,False,False,53,17,3,466574,466546,466599,466558,466585,bp,115.67613636363636,27,-1843.0,28,25,3335.0
3879,832.4919641256889,0.5428571428571428,True,True,83,-5,31,466656,466599,466682,466629,466668,bp,95.64351851851852,39,-1815.0,57,26,2319.0
3880,1498.5536196054516,0.5428571428571428,False,False,67,0,-15,466708,466682,466749,466702,466727,bp,200.3114035087719,25,-3189.0,26,41,3496.0
3881,700.9500672696256,0.5428571428571428,False,False,62,16,-44,466758,466749,466811,466752,466777,bp,119.21929824561406,25,-944.0,9,53,3783.0
3882,2155.62339283141,0.5428571428571428,True,False,38,18,-4,466828,466811,466849,466818,466842,bp,171.2,24,-1600.0,17,21,2784.0
3883,2188.51237881482,0.5428571428571428,False,False,83,2,11,466896,466849,466932,466884,466913,bp,196.96323529411762,29,-4058.0,47,36,6338.0
3884,1321.7029662016787,0.5428571428571428,False,False,45,6,5,466957,466932,466977,466944,466962,bp,152.86923076923074,18,311.0,25,20,2609.0
3885,4078.292448018297,0.5428571428571428,False,False,55,-8,3,467006,466977,467032,466986,467019,bp,297.5442307692308,33,-8038.0,29,26,7926.0
3886,1299.12497426267,0.5428571428571428,False,False,49,5,-1,467056,467032,467081,467044,467062,bp,170.45833333333334,18,-2546.0,24,25,3255.0
3887,526.1860380517928,0.5428571428571428,False,False,34,8,8,467102,467081,467115,467085,467108,bp,81.99019607843138,23,-757.0,21,13,1520.0
3888,218.3129114060826,0.5428571428571428,False,False,56,-5,28,467157,467115,467171,467139,467163,bp,66.1388888888889,24,-2309.0,42,14,1146.0
3889,832.015588727366,0.5428571428571428,True,False,60,12,-22,467190,467171,467231,467182,467207,bp,107.25,25,-3083.0,19,41,2574.0
3890,518.4036478034924,0.5428571428571428,True,True,51,3,3,467258,467231,467282,467244,467269,bp,90.50974025974024,25,-2220.0,27,24,2260.0
3891,2269.413077715877,0.5428571428571428,True,True,101,-5,-5,466296,466248,466349,466270,466317,bp,156.59432234432234,47,-582.0,48,53,7242.0
3892,1930.7137237246527,0.5428571428571428,False,False,37,8,11,466373,466349,466386,466359,466376,bp,200.25,17,1040.0,24,13,1869.0
3893,559.1199568934028,0.5428571428571428,False,False,46,18,-2,466408,466386,466432,466401,466420,bp,75.76190476190476,19,1143.0,22,24,1699.0
3894,2659.777988162717,0.5428571428571428,False,False,69,-7,13,466473,466432,466501,466457,466490,bp,188.7408088235294,33,-3128.0,41,28,6564.0
3895,1690.2117550123228,0.5428571428571428,True,False,64,28,-18,466524,466501,466565,466516,466536,bp,222.625,20,-1026.0,23,41,2727.0
3896,371.7794027725958,0.5428571428571428,False,False,34,17,16,466590,466565,466599,466584,466594,bp,218.29166666666663,10,-1015.0,25,9,1513.0
3897,1718.9876174635183,0.5428571428571428,False,False,66,-6,16,466640,466599,466665,466621,466657,bp,122.56965944272446,36,-2667.0,41,25,5356.0
3898,2167.8020386416824,0.5428571428571428,True,True,66,0,8,466702,466665,466731,466687,466713,bp,178.7181818181818,26,-2309.0,37,29,4255.0
3899,1392.0992572889356,0.5428571428571428,True,True,68,-9,-16,466757,466731,466799,466739,466777,bp,110.73611111111113,38,-2178.0,26,42,3977.0
3900,1565.7521178310374,0.5428571428571428,True,True,50,11,-2,466823,466799,466849,466806,466833,bp,145.75,27,-1551.0,24,26,3586.0
3901,1618.2248229659078,0.5428571428571428,True,True,81,-14,3,466891,466849,466930,466871,466912,bp,129.375,41,-3251.0,42,39,4973.0
3902,2077.006619377269,0.5428571428571428,True,True,55,7,-1,466957,466930,466985,466939,466966,bp,203.44444444444446,27,-3145.0,27,28,4996.0
3903,2562.140580901011,0.5428571428571428,True,True,51,-1,-1,467010,466985,467036,467000,467023,bp,251.33461538461538,23,-3804.0,25,26,5314.0
3904,1258.2092943271284,0.5428571428571428,True,True,44,0,-2,467057,467036,467080,467045,467069,bp,129.66666666666666,24,-1401.0,21,23,2928.0
3905,802.8478858456817,0.5428571428571428,True,True,50,-2,6,467108,467080,467130,467093,467115,bp,97.03809523809522,22,-547.0,28,22,1575.0
3906,360.561503713864,0.5428571428571428,True,False,34,3,-14,467140,467130,467164,467135,467152,bp,102.50833333333333,17,-168.0,10,24,1901.0
3907,744.45067248694,0.5428571428571428,True,False,68,-26,18,467207,467164,467232,467172,467218,bp,79.20389610389611,46,-1452.0,43,25,2586.0
3908,519.5066121785591,0.5428571428571428,False,False,48,-9,-6,467253,467232,467280,467238,467267,bp,38.97857142857143,29,-1270.0,21,27,825.0
3909,2321.1632760737853,1.5,True,True,66,2,-16,470289,470264,470330,470273,470309,bp,148.1375,36,-2147.0,25,41,5108.0
3910,1230.921535382609,1.5,True,True,84,8,8,470376,470330,470414,470347,470392,bp,101.48275862068964,45,-784.0,46,38,3853.0
3911,1536.2534111619773,1.5,True,True,69,7,17,470457,470414,470483,470445,470466,bp,198.51388888888889,21,-926.0,43,26,4401.0
3912,533.3700109403006,1.5,False,False,32,9,16,470507,470483,470515,470494,470510,bp,114.43589743589745,16,1175.0,24,8,1044.0
3913,448.9977360141301,1.5,False,False,83,-33,-29,470542,470515,470598,470535,470585,bp,113.38205980066445,50,-299.0,27,56,2456.0
3914,470.31467929433813,1.5,True,False,36,-12,14,470623,470598,470634,470602,470629,bp,75.72619047619048,27,-86.0,25,11,1358.0
3915,492.3807679939199,1.5,True,True,44,0,-6,470653,470634,470678,470644,470663,bp,103.06111111111113,19,-147.0,19,25,2405.0
3916,606.0319715437076,1.5,True,False,53,4,-29,470690,470678,470731,470682,470714,bp,114.10416666666669,32,233.0,12,41,2030.0
3917,432.08035100632003,1.5,False,False,50,-5,2,470757,470731,470781,470750,470770,bp,148.79120879120882,20,-915.0,26,24,517.0
3918,43.338879188929226,1.5,True,True,17,12,-1,470789,470781,470798,470785,470792,bp,65.79166666666666,7,-801.0,8,9,798.0
3919,538.1447401223393,1.5,False,False,54,-1,-4,470823,470798,470852,470811,470840,bp,52.08333333333333,29,-1003.0,25,29,2345.0
3920,931.3065432909008,1.5,False,False,46,-13,-2,470874,470852,470898,470868,470892,bp,147.05555555555554,24,-1256.0,22,24,1679.0
3921,133.83478639246232,1.5,False,False,33,-10,-7,470911,470898,470931,470903,470927,bp,45.53125,24,-335.0,13,20,1450.0
3922,391.52467853616065,1.5,True,True,50,10,6,470959,470931,470981,470941,470962,bp,80.8611111111111,21,-125.0,28,22,1235.0
3923,483.1292553511273,1.5,True,False,37,6,15,471007,470981,471018,470993,471012,bp,85.52142857142857,19,-1026.0,26,11,1170.0
3924,195.5999142396143,1.5,True,False,81,-5,-5,471056,471018,471099,471037,471076,bp,41.59342105263159,39,-1131.0,38,43,2312.0
3925,576.2405992962713,1.5,False,False,66,-24,-12,471126,471099,471165,471110,471151,bp,59.24125,41,-1429.0,27,39,2681.0
3926,157.3113678381312,1.5,False,False,34,7,-8,471178,471165,471199,471168,471187,bp,64.53333333333333,19,886.0,13,21,2054.0
3927,1519.4686004710113,1.5,True,True,67,2,23,470292,470247,470314,470267,470301,bp,148.98444444444445,34,297.0,45,22,3453.0
3928,1495.5526756531474,1.5,True,True,65,7,-3,470345,470314,470379,470337,470357,bp,212.9375,20,-662.0,31,34,3593.0
3929,376.23956943822134,1.5,True,False,55,-27,33,470423,470379,470434,470384,470427,bp,152.0480769230769,43,483.0,44,11,2395.0
3930,861.4921627880788,1.5,True,False,48,2,20,470468,470434,470482,470443,470476,bp,88.37,33,901.0,34,14,2539.0
3931,766.8211263885255,1.5,True,False,99,-26,5,470534,470482,470581,470511,470561,bp,57.4194847020934,50,-272.0,52,47,2461.0
3932,1263.7906918545498,1.5,True,False,50,2,-30,470591,470581,470631,470585,470612,bp,189.75,27,-1222.0,10,40,3953.0
3933,664.3799950387922,1.5,True,True,33,4,9,470652,470631,470664,470641,470658,bp,122.8560606060606,17,-83.0,21,12,1962.0
3934,914.5686931774969,1.5,True,False,50,34,4,470691,470664,470714,470679,470696,bp,199.375,17,-687.0,27,23,3478.0
3935,392.75810052612326,1.5,True,False,85,2,-1,470756,470714,470799,470747,470775,bp,136.80994152046785,28,-1173.0,42,43,2514.0
3936,1419.7483295768927,1.5,False,False,38,-3,10,470823,470799,470837,470805,470827,bp,236.88888888888889,22,-2156.0,24,14,3638.0
3937,590.0601328932355,1.5,False,False,30,-5,28,470866,470837,470867,470846,470867,bp,-86.85,21,92.0,29,1,-215.0
3938,786.3746361443774,1.5,False,False,44,10,14,470896,470867,470911,470883,470903,bp,98.84065934065931,20,-1632.0,29,15,1924.0
3939,366.0446770220572,1.5,True,True,53,24,-1,470937,470911,470964,470933,470942,bp,231.425,9,-1314.0,26,27,2110.0
3940,511.05267511994026,1.5,True,False,37,-5,17,470991,470964,471001,470975,470995,bp,111.09375,20,-1337.0,27,10,2026.0
3941,529.8946845542363,1.5,True,True,50,-13,-6,471023,471001,471051,471010,471042,bp,64.19230769230771,32,-1158.0,22,28,2543.0
3942,665.3764860133582,1.5,True,True,47,16,-3,471073,471051,471098,471061,471078,bp,122.24166666666667,17,-991.0,22,25,2490.0
3943,1118.8185424303408,1.5,True,True,50,6,2,471124,471098,471148,471111,471130,bp,204.3141025641025,19,-2736.0,26,24,3149.0
3944,768.4200185113414,1.5,False,False,66,-9,-26,471168,471148,471214,471155,471193,bp,99.75692307692309,38,-1475.0,20,46,3879.0
3945,502.229916702902,-5.264705882352941,False,False,52,-4,0,474156,474130,474182,474138,474168,bp,55.930555555555564,30,-1504.0,26,26,766.0
3946,918.6327304001694,-5.264705882352941,False,False,66,15,-16,474207,474182,474248,474194,474223,bp,117.7596153846154,29,-2620.0,25,41,4249.0
3947,2493.3263561892954,-5.264705882352941,True,True,82,26,-32,474273,474248,474330,474267,474291,bp,292.1944444444445,24,-3546.0,25,57,5318.0
3948,3654.213873608374,-5.264705882352941,False,False,64,-1,-14,474355,474330,474394,474341,474371,bp,261.3080357142857,30,-5724.0,25,39,7877.0
3949,1084.361213070536,-5.264705882352941,False,False,70,-17,-44,474407,474394,474464,474400,474443,bp,131.77380952380952,43,-799.0,13,57,3002.0
3950,942.9952272791464,-5.264705882352941,True,True,67,6,-37,474479,474464,474531,474469,474499,bp,114.4,30,-851.0,15,52,2131.0
3951,602.2688336736218,-5.264705882352941,True,True,65,9,-49,474539,474531,474596,474535,474568,bp,179.45689655172413,33,-731.0,8,57,3650.0
3952,220.85198467048386,-5.264705882352941,False,False,49,-12,37,474639,474596,474645,474610,474641,bp,73.47413793103449,31,368.0,43,6,384.0
3953,285.3368864828112,-5.264705882352941,False,False,69,-15,-13,474673,474645,474714,474660,474698,bp,77.96153846153845,38,-870.0,28,41,2353.0
3954,445.37639316517914,-5.264705882352941,False,False,49,18,3,474740,474714,474763,474721,474750,bp,67.61052631578947,29,533.0,26,23,2157.0
3955,925.7582884201033,-5.264705882352941,True,True,67,-12,9,474801,474763,474830,474797,474826,bp,272.91,29,-699.0,38,29,2654.0
3956,204.47729074761227,-5.264705882352941,False,False,47,2,7,474857,474830,474877,474843,474867,bp,38.714285714285715,24,353.0,27,20,1045.0
3957,684.2626824541868,-5.264705882352941,False,False,68,-17,-10,474906,474877,474945,474893,474936,bp,76.16666666666667,43,-807.0,29,39,2315.0
3958,1001.6780278026308,-5.264705882352941,True,True,50,2,6,474973,474945,474995,474962,474983,bp,147.48181818181817,21,-1832.0,28,22,2792.0
3959,308.1011483566495,-5.264705882352941,True,True,53,-10,3,475023,474995,475048,475006,475036,bp,24.436651583710407,30,-867.0,28,25,1811.0
3960,1206.6564971532318,-5.264705882352941,True,True,49,8,-9,475068,475048,475097,475056,475075,bp,167.11904761904762,19,-1335.0,20,29,3973.0
3961,757.4827417300775,-5.264705882352941,True,False,54,14,-34,474089,474079,474133,474084,474111,bp,168.48636363636362,27,-655.0,10,44,2557.0
3962,797.2530987317198,-5.264705882352941,True,True,81,-32,-1,474173,474133,474214,474152,474202,bp,73.70771756978655,50,-1706.0,40,41,3526.0
3963,1133.4004578301503,-5.264705882352941,True,True,50,13,-14,474232,474214,474264,474220,474245,bp,98.83974358974359,25,-399.0,18,32,2788.0
3964,1257.0074005763895,-5.264705882352941,True,True,80,-18,4,474306,474264,474344,474283,474325,bp,95.59153318077804,42,-1543.0,42,38,4550.0
3965,1849.594107082712,-5.264705882352941,True,True,53,3,-17,474362,474344,474397,474349,474376,bp,139.88186813186815,27,-957.0,18,35,2787.0
3966,1372.0324332935181,-5.264705882352941,True,True,50,-7,0,474422,474397,474447,474406,474440,bp,102.01736111111113,34,-1571.0,25,25,3763.0
3967,1849.7268918769546,-5.264705882352941,True,True,67,8,13,474487,474447,474514,474467,474500,bp,138.43461538461537,33,-1622.0,40,27,4681.0
3968,819.7284056799663,-5.264705882352941,False,False,66,-2,24,474559,474514,474580,474541,474568,bp,73.6111111111111,27,40.0,45,21,1886.0
3969,430.03972753270284,-5.264705882352941,False,False,56,-14,-2,474607,474580,474636,474593,474630,bp,12.139751552795033,37,1234.0,27,29,1834.0
3970,1708.7994189619706,-5.264705882352941,False,False,68,-4,-10,474665,474636,474704,474653,474690,bp,127.86333333333332,37,-717.0,29,39,4491.0
3971,674.1032145495353,-5.264705882352941,True,False,64,-11,6,474739,474704,474768,474723,474753,bp,55.98214285714285,30,589.0,35,29,1676.0
3972,342.0413475422295,-5.264705882352941,True,False,28,7,-8,474778,474768,474796,474772,474792,bp,102.4404761904762,20,524.0,10,18,1484.0
3973,632.3497294098325,-5.264705882352941,True,False,51,-10,7,474825,474796,474847,474819,474841,bp,149.32291666666669,22,-694.0,29,22,2425.0
3974,548.566215150345,-5.264705882352941,True,False,34,-1,-14,474857,474847,474881,474853,474873,bp,240.90625,20,-1229.0,10,24,3111.0
3975,1029.4688987753814,-5.264705882352941,True,True,50,-8,18,474915,474881,474931,474892,474925,bp,103.36956521739133,33,-353.0,34,16,3066.0
3976,295.5653041535715,-5.264705882352941,True,True,67,-17,17,474973,474931,474998,474950,474985,bp,41.20833333333333,35,694.0,42,25,1536.0
3977,263.1749687560102,-5.264705882352941,False,False,46,-13,16,475029,474998,475044,475003,475035,bp,37.1474358974359,32,-258.0,31,15,337.0
3978,351.2934461964782,-5.264705882352941,False,False,57,-1,-25,475060,475044,475101,475054,475082,bp,60.66666666666666,28,-738.0,16,41,2240.0
3979,882.4916374782712,0.02702702702702703,False,False,81,4,-43,478416,478397,478478,478403,478441,bp,101.65076923076923,38,-1363.0,19,62,5663.0
3980,152.97164464160073,0.02702702702702703,False,False,19,13,-3,478486,478478,478497,478483,478492,bp,155.25,9,3156.0,8,11,1058.0
3981,1020.0558800330516,0.02702702702702703,False,False,67,2,-15,478523,478497,478564,478514,478543,bp,186.76944444444442,29,74.0,26,41,3649.0
3982,1714.078031247469,0.02702702702702703,True,True,54,15,-4,478589,478564,478618,478574,478601,bp,145.90833333333333,27,148.0,25,29,4430.0
3983,409.34804287695124,0.02702702702702703,False,False,73,-20,29,478669,478618,478691,478643,478680,bp,57.21328671328671,37,121.0,51,22,1964.0
3984,233.7655432241663,0.02702702702702703,True,True,40,-4,-6,478708,478691,478731,478697,478717,bp,112.71717171717172,20,660.0,17,23,1948.0
3985,635.4069980494833,0.02702702702702703,False,False,29,-6,-13,478739,478731,478760,478733,478752,bp,117.18589743589745,19,928.0,8,21,2275.0
3986,354.9391205543992,0.02702702702702703,False,False,55,0,-25,478775,478760,478815,478765,478800,bp,26.38,35,2765.0,15,40,1537.0
3987,2671.965630631008,0.02702702702702703,False,False,68,11,12,478855,478815,478883,478835,478864,bp,286.40833333333336,29,-2349.0,40,28,7245.0
3988,2240.765063469154,0.02702702702702703,True,True,63,44,15,478922,478883,478946,478904,478929,bp,202.281746031746,25,-743.0,39,24,3759.0
3989,1600.9228691714466,0.02702702702702703,True,True,86,17,40,479009,478946,479032,478998,479025,bp,155.9119318181818,27,-1431.0,63,23,3245.0
3990,2201.069453158246,0.02702702702702703,False,False,83,-2,29,479088,479032,479115,479069,479094,bp,276.08333333333337,25,-3632.0,56,27,4773.0
3991,342.6116205679343,0.02702702702702703,False,False,29,14,-15,479122,479115,479144,479117,479129,bp,212.4142857142857,12,-574.0,7,22,3168.0
3992,1404.4109334403495,0.02702702702702703,True,False,52,6,2,479171,479144,479196,479155,479177,bp,176.75,22,-1292.0,27,25,2958.0
3993,240.74202149888356,0.02702702702702703,True,True,51,-6,1,479222,479196,479247,479205,479231,bp,100.4281045751634,26,179.0,26,25,2683.0
3994,1276.4845993804581,0.02702702702702703,True,True,50,4,-2,479271,479247,479297,479251,479280,bp,140.95833333333331,29,-139.0,24,26,3905.0
3995,1906.4507972891877,0.02702702702702703,True,True,56,6,6,479328,479297,479353,479313,479342,bp,155.20714285714286,29,-1100.0,31,25,4400.0
3996,1559.850832451928,0.02702702702702703,True,True,61,44,11,479389,479353,479414,479377,479396,bp,227.06547619047618,19,-1168.0,36,25,3783.0
3997,899.5902717313243,0.02702702702702703,True,False,66,4,-30,478404,478386,478452,478399,478440,bp,132.35277777777782,41,396.0,18,48,3955.0
3998,1301.2132550557812,0.02702702702702703,True,True,61,4,15,478490,478452,478513,478485,478506,bp,174.275,21,2065.0,38,23,3592.0
3999,1785.3397463405895,0.02702702702702703,True,True,51,-3,13,478545,478513,478564,478531,478557,bp,147.44047619047618,26,1104.0,32,19,3110.0
4000,2123.5212506918974,0.02702702702702703,True,True,54,7,-4,478589,478564,478618,478580,478606,bp,207.73202614379085,26,-1059.0,25,29,4691.0
4001,1282.622092719521,0.02702702702702703,True,True,63,4,1,478650,478618,478681,478639,478664,bp,172.3798701298701,25,-48.0,32,31,3181.0
4002,1010.5873084885072,0.02702702702702703,True,True,45,21,-7,478700,478681,478726,478693,478711,bp,178.50649350649346,18,527.0,19,26,2893.0
4003,681.698321461701,0.02702702702702703,True,False,59,8,-1,478755,478726,478785,478750,478770,bp,181.9,20,578.0,29,30,1863.0
4004,200.30519543091134,0.02702702702702703,False,False,30,15,10,478805,478785,478815,478798,478811,bp,107.2738095238095,13,1415.0,20,10,2015.0
4005,1847.5595731353455,0.02702702702702703,False,False,67,-6,15,478856,478815,478882,478839,478873,bp,152.67647058823533,34,-650.0,41,26,6186.0
4006,3039.3199234016242,0.02702702702702703,False,False,50,13,10,478912,478882,478932,478901,478923,bp,233.54545454545456,22,-695.0,30,20,4703.0
4007,248.4541035053836,0.02702702702702703,False,False,43,21,35,478971,478932,478975,478958,478972,bp,118.0,14,1947.0,39,4,799.0
4008,958.7952020772836,0.02702702702702703,False,False,73,-5,23,479023,478975,479048,479007,479038,bp,95.25416666666666,31,-76.0,48,25,3903.0
4009,1490.5965428683933,0.02702702702702703,True,False,66,-7,-8,479077,479048,479114,479064,479094,bp,130.01357466063348,30,-431.0,29,37,3167.0
4010,1123.3394728803903,0.02702702702702703,True,False,34,-2,-16,479123,479114,479148,479117,479141,bp,158.61111111111111,24,539.0,9,25,3569.0
4011,1166.134023100523,0.02702702702702703,True,False,57,-5,-9,479172,479148,479205,479163,479193,bp,132.52380952380952,30,321.0,24,33,2013.0
4012,1266.15347726334,0.02702702702702703,True,True,42,4,-6,479223,479205,479247,479218,479235,bp,267.43333333333334,17,-1361.0,18,24,3585.0
4013,1216.1801002464995,0.02702702702702703,True,True,64,1,-16,479271,479247,479311,479256,479286,bp,110.46666666666668,30,-914.0,24,40,4170.0
4014,1185.492116819904,0.02702702702702703,True,True,49,-1,-27,479322,479311,479360,479317,479344,bp,166.4,27,517.0,11,38,2609.0
4015,1014.8970367221727,0.02702702702702703,True,True,66,-10,-16,479385,479360,479426,479370,479406,bp,79.99047619047619,36,39.0,25,41,2798.0
4016,2587.9901177863435,2.896551724137931,True,True,67,26,-9,482193,482164,482231,482185,482213,bp,256.7125,28,-1706.0,29,38,8087.0
4017,2173.975789076111,2.896551724137931,False,False,99,0,17,482289,482231,482330,482267,482305,bp,189.1306818181818,38,-3684.0,58,41,4755.0
4018,1951.437595207805,2.896551724137931,True,True,52,10,-2,482355,482330,482382,482343,482368,bp,172.98076923076923,25,-2350.0,25,27,5407.0
4019,1700.4867139227085,2.896551724137931,True,True,65,7,15,482422,482382,482447,482403,482429,bp,160.703007518797,26,-441.0,40,25,3175.0
4020,981.3590308934747,2.896551724137931,False,False,67,-15,17,482489,482447,482514,482462,482507,bp,64.87037037037037,45,-194.0,42,25,2405.0
4021,4061.2785119518453,2.896551724137931,False,False,66,11,10,482552,482514,482580,482537,482562,bp,361.0,25,-6671.0,38,28,9058.0
4022,3122.772479116461,2.896551724137931,False,False,67,21,-9,482609,482580,482647,482598,482623,bp,271.02272727272725,25,-4098.0,29,38,6376.0
4023,929.2443218789143,2.896551724137931,False,False,100,26,-44,482675,482647,482747,482669,482704,bp,124.5603448275862,35,39.0,28,72,4038.0
4024,2273.0768115202764,2.896551724137931,True,False,52,-7,2,482774,482747,482799,482765,482792,bp,244.0,27,-2346.0,27,25,3703.0
4025,754.2757788393744,2.896551724137931,True,True,49,10,-3,482822,482799,482848,482812,482833,bp,153.0681818181818,21,-2033.0,23,26,2548.0
4026,1093.9602503088968,2.896551724137931,False,False,65,-2,5,482883,482848,482913,482864,482892,bp,129.28362573099415,28,-932.0,35,30,4349.0
4027,686.4594787200642,2.896551724137931,False,False,35,-7,-17,482922,482913,482948,482918,482941,bp,102.59868421052632,23,2155.0,9,26,1926.0
4028,1374.4965196475794,2.896551724137931,False,False,49,5,1,482973,482948,482997,482957,482984,bp,126.71875,27,-454.0,25,24,1855.0
4029,294.0254977804855,2.896551724137931,False,False,50,4,2,483023,482997,483047,483016,483035,bp,102.73214285714286,19,-995.0,26,24,1022.0
4030,818.7987793641205,2.896551724137931,False,False,84,1,-12,483083,483047,483131,483058,483106,bp,54.17826086956522,48,-2232.0,36,48,3487.0
4031,1974.4867736309118,2.896551724137931,False,False,82,-25,28,482202,482147,482229,482157,482212,bp,208.13888888888889,55,-2562.0,55,27,6923.0
4032,1113.8813049562405,2.896551724137931,False,False,52,7,28,482269,482229,482281,482242,482275,bp,118.98148148148148,33,1252.0,40,12,2397.0
4033,2127.361006006958,2.896551724137931,False,False,82,8,24,482334,482281,482363,482315,482346,bp,196.90570175438597,31,-2126.0,53,29,5863.0
4034,3438.350805161173,2.896551724137931,True,True,70,-1,14,482405,482363,482433,482385,482419,bp,218.90714285714282,34,-2207.0,42,28,8077.0
4035,2848.106622154746,2.896551724137931,True,True,80,2,-2,482472,482433,482513,482452,482488,bp,183.5375,36,-2049.0,39,41,4904.0
4036,2734.4662813685595,2.896551724137931,True,True,67,5,-15,482539,482513,482580,482526,482559,bp,215.3942307692308,33,-3755.0,26,41,7363.0
4037,1974.6588404190231,2.896551724137931,True,False,63,44,-11,482606,482580,482643,482597,482627,bp,212.9920634920635,30,-2235.0,26,37,3646.0
4038,1285.1918907511822,2.896551724137931,True,False,104,-3,56,482723,482643,482747,482701,482734,bp,161.52272727272728,33,-1992.0,80,24,5682.0
4039,2326.208592644428,2.896551724137931,True,True,66,-3,16,482788,482747,482813,482764,482795,bp,212.52976190476195,31,-1480.0,41,25,4728.0
4040,1693.6638414485365,2.896551724137931,True,True,46,1,6,482839,482813,482859,482823,482844,bp,246.31875,21,-1248.0,26,20,3496.0
4041,1914.591768527556,2.896551724137931,True,True,55,8,-19,482877,482859,482914,482866,482896,bp,153.54784688995215,30,-1627.0,18,37,4147.0
4042,2333.784438449378,2.896551724137931,True,True,64,3,-12,482940,482914,482978,482934,482958,bp,273.0,24,-2129.0,26,38,5860.0
4043,1868.0791561477624,2.896551724137931,True,False,49,27,-5,483000,482978,483027,482985,483009,bp,153.54444444444445,24,-264.0,22,27,3013.0
4044,1875.8335403813155,2.896551724137931,True,False,87,16,3,483072,483027,483114,483060,483093,bp,147.83333333333334,33,-2365.0,45,42,4405.0
4045,721.9418936094017,0.38461538461538464,True,True,71,-43,13,486722,486680,486751,486687,486743,bp,51.742857142857154,56,63.0,42,29,2994.0
4046,447.6389817099186,0.38461538461538464,True,False,46,-5,-6,486771,486751,486797,486756,486782,bp,89.32424242424244,26,986.0,20,26,1185.0
4047,186.08658875502,0.38461538461538464,False,False,17,13,-1,486805,486797,486814,486803,486811,bp,210.5,8,1165.0,8,9,1188.0
4048,1099.5247750690291,0.38461538461538464,False,False,50,2,2,486840,486814,486864,486832,486858,bp,131.29166666666666,26,-522.0,26,24,2652.0
4049,638.1667122800075,0.38461538461538464,True,False,73,-23,43,486922,486864,486937,486886,486926,bp,110.02777777777777,40,-84.0,58,15,1985.0
4050,266.6702334591236,0.38461538461538464,True,False,27,10,9,486955,486937,486964,486943,486958,bp,95.95833333333334,15,644.0,18,9,993.0
4051,341.50613549552736,0.38461538461538464,True,False,33,15,17,486989,486964,486997,486983,486993,bp,172.45833333333331,10,-231.0,25,8,1458.0
4052,733.8238342367482,0.38461538461538464,True,False,66,5,-16,487022,486997,487063,487018,487040,bp,150.75,22,-589.0,25,41,2629.0
4053,431.2060675831675,0.38461538461538464,True,False,33,12,-13,487073,487063,487096,487067,487078,bp,131.33333333333331,11,491.0,10,23,1601.0
4054,888.2096747133986,0.38461538461538464,False,False,35,1,-17,487105,487096,487131,487101,487124,bp,116.94736842105264,23,936.0,9,26,2572.0
4055,1063.7303951161257,0.38461538461538464,False,False,66,17,-12,487158,487131,487197,487148,487167,bp,143.36666666666667,19,144.0,27,39,1601.0
4056,195.48658134414868,0.38461538461538464,False,False,27,-2,15,487218,487197,487224,487203,487221,bp,36.0,18,-86.0,21,6,193.0
4057,781.6373608221526,0.38461538461538464,False,False,41,5,-11,487239,487224,487265,487237,487257,bp,187.13888888888889,20,-1091.0,15,26,2779.0
4058,1258.3268546236945,0.38461538461538464,True,True,65,-3,-17,487289,487265,487330,487282,487311,bp,150.3181818181818,29,-1212.0,24,41,2848.0
4059,892.4428703751602,0.38461538461538464,True,True,51,-5,-9,487351,487330,487381,487337,487367,bp,84.58928571428572,30,-358.0,21,30,2853.0
4060,394.4277098573224,0.38461538461538464,True,False,33,-3,15,487405,487381,487414,487392,487411,bp,135.83333333333331,19,101.0,24,9,1689.0
4061,408.36437185206495,0.38461538461538464,False,False,66,-3,18,487456,487414,487480,487427,487461,bp,76.72413793103449,34,-224.0,42,24,1323.0
4062,269.08201510876097,0.38461538461538464,False,False,50,6,2,487506,487480,487530,487492,487518,bp,33.13690476190476,26,577.0,26,24,1642.0
4063,1375.3399064505813,0.38461538461538464,True,True,67,11,15,487571,487530,487597,487550,487577,bp,152.01190476190476,27,-1001.0,41,26,2673.0
4064,840.1709417929485,0.38461538461538464,True,False,84,11,-32,487623,487597,487681,487615,487644,bp,125.95535714285714,29,-1551.0,26,58,2402.0
4065,659.4164820385856,0.38461538461538464,True,False,33,9,-17,487689,487681,487714,487684,487707,bp,121.53888888888888,23,-1009.0,8,25,1280.0
4066,193.63846499109314,0.38461538461538464,False,False,33,9,9,486735,486714,486747,486723,486740,bp,59.75833333333333,17,2679.0,21,12,1501.0
4067,210.1571178023975,0.38461538461538464,False,False,67,-31,43,486802,486747,486814,486766,486808,bp,60.59722222222222,42,-30.0,55,12,1073.0
4068,203.19442199815632,0.38461538461538464,False,False,49,1,-27,486825,486814,486863,486819,486846,bp,135.0952380952381,27,-1501.0,11,38,1438.0
4069,297.60836232738546,0.38461538461538464,False,False,53,4,-3,486888,486863,486916,486874,486899,bp,83.98701298701297,25,-978.0,25,28,2590.0
4070,176.54883829432816,0.38461538461538464,True,False,35,14,9,486938,486916,486951,486928,486942,bp,171.15,14,315.0,22,13,1707.0
4071,510.2133908410943,0.38461538461538464,True,False,79,-34,29,487005,486951,487030,486970,487023,bp,57.411111111111104,53,-453.0,54,25,2758.0
4072,819.8993335605787,0.38461538461538464,True,False,45,11,7,487056,487030,487075,487042,487062,bp,154.53571428571428,20,-307.0,26,19,2519.0
4073,1098.898598045853,0.38461538461538464,True,True,69,-12,25,487122,487075,487144,487093,487129,bp,164.53448275862067,36,-1014.0,47,22,3743.0
4074,1597.5280052011774,0.38461538461538464,True,True,48,0,0,487168,487144,487192,487153,487178,bp,133.39999999999998,25,-748.0,24,24,3023.0
4075,1066.4634175399492,0.38461538461538464,True,True,56,0,4,487222,487192,487248,487203,487234,bp,116.30701754385963,31,-1179.0,30,26,3133.0
4076,693.9287874862433,0.38461538461538464,True,True,65,21,-17,487272,487248,487313,487265,487285,bp,182.48901098901095,20,-524.0,24,41,3258.0
4077,804.8752644044798,0.38461538461538464,True,True,67,10,-13,487340,487313,487380,487326,487358,bp,107.82936507936508,32,-79.0,27,40,3160.0
4078,1589.9305412611645,0.38461538461538464,False,False,64,-4,-10,487407,487380,487444,487400,487427,bp,190.09285714285718,27,-1169.0,27,37,2822.0
4079,3444.724968317245,0.38461538461538464,False,False,52,5,-28,487456,487444,487496,487450,487474,bp,409.25,24,-4922.0,12,40,8765.0
4080,2603.416801609032,0.38461538461538464,True,True,51,13,-9,487517,487496,487547,487503,487528,bp,237.57142857142856,25,-1248.0,21,30,5861.0
4081,4162.719214246319,0.38461538461538464,True,True,51,16,9,487577,487547,487598,487566,487586,bp,434.7373737373737,20,-4885.0,30,21,8281.0
4082,1502.594669864109,0.38461538461538464,True,True,66,21,2,487632,487598,487664,487622,487641,bp,197.5,19,-1529.0,34,32,2772.0
4083,2108.309348251424,0.38461538461538464,True,False,63,16,-13,487689,487664,487727,487681,487701,bp,242.54166666666669,20,-3579.0,25,38,4762.0
4084,949.4520956712132,3.090909090909091,True,True,66,-9,16,490739,490698,490764,490719,490752,bp,67.99038461538461,33,888.0,41,25,1532.0
4085,751.3433745706959,3.090909090909091,True,True,55,3,-5,490789,490764,490819,490776,490811,bp,63.05769230769231,35,572.0,25,30,2581.0
4086,960.5187567533957,3.090909090909091,True,False,81,20,-9,490855,490819,490900,490849,490873,bp,182.3055555555556,24,172.0,36,45,3554.0
4087,734.2861547947676,3.090909090909091,True,False,47,25,3,490925,490900,490947,490917,490934,bp,104.1875,17,1875.0,25,22,1872.0
4088,277.7079404854624,3.090909090909091,False,False,83,0,3,490990,490947,491030,490976,491010,bp,34.06428571428572,34,1455.0,43,40,1559.0
4089,890.5614895618195,3.090909090909091,False,False,65,-14,-15,491055,491030,491095,491044,491079,bp,97.2310606060606,35,-184.0,25,40,2130.0
4090,1193.2098119143918,3.090909090909091,True,True,42,5,-20,491106,491095,491137,491100,491124,bp,147.0,24,-436.0,11,31,3618.0
4091,708.0376335695048,3.090909090909091,True,True,61,-10,43,491189,491137,491198,491153,491192,bp,137.81944444444446,39,192.0,52,9,1568.0
4092,973.7795882874302,3.090909090909091,True,True,66,18,18,491240,491198,491264,491221,491257,bp,77.53250773993808,36,-1009.0,42,24,2826.0
4093,1246.374014126615,3.090909090909091,True,True,83,13,33,491322,491264,491347,491311,491328,bp,209.0378787878788,17,-1942.0,58,25,3509.0
4094,929.2715870159784,3.090909090909091,True,True,50,-10,2,491373,491347,491397,491358,491391,bp,76.83333333333334,33,-1145.0,26,24,3230.0
4095,1451.0735570959293,3.090909090909091,True,True,51,1,1,491423,491397,491448,491414,491440,bp,161.80392156862746,26,-1579.0,26,25,3700.0
4096,1419.2096674224676,3.090909090909091,True,False,49,-2,33,491489,491448,491497,491467,491492,bp,202.35606060606065,25,-2078.0,41,8,2317.0
4097,460.2067592125742,3.090909090909091,True,False,82,-22,34,491555,491497,491579,491515,491561,bp,113.24583333333332,46,-1923.0,58,24,2356.0
4098,1168.6402414981012,3.090909090909091,True,False,51,-4,-23,491593,491579,491630,491585,491616,bp,139.69021739130434,31,-2753.0,14,37,2205.0
4099,776.3168238516739,3.090909090909091,True,True,68,18,16,491672,491630,491698,491643,491684,bp,90.54597701149427,41,-2687.0,42,26,3182.0
4100,2401.2782005343147,3.090909090909091,True,True,83,-4,33,490755,490697,490780,490735,490765,bp,211.875,30,442.0,58,25,5730.0
4101,2757.421517010753,3.090909090909091,True,True,51,-8,11,490811,490780,490831,490791,490825,bp,177.84642857142862,34,-380.0,31,20,5253.0
4102,3098.1901887106765,3.090909090909091,True,True,66,9,-10,490859,490831,490897,490851,490880,bp,301.8571428571429,29,-1613.0,28,38,6975.0
4103,3299.300305147524,3.090909090909091,True,True,68,2,-6,490928,490897,490965,490918,490949,bp,249.83095238095243,31,-580.0,31,37,8545.0
4104,3353.85055417526,3.090909090909091,True,True,65,3,-9,490993,490965,491030,490982,491010,bp,272.60962566844916,28,5.0,28,37,5969.0
4105,2203.7956907706334,3.090909090909091,True,True,68,-17,-18,491055,491030,491098,491041,491081,bp,174.23901098901095,40,-290.0,25,43,5457.0
4106,1506.3321215763585,3.090909090909091,True,True,49,-17,-1,491122,491098,491147,491104,491138,bp,107.32638888888887,34,1238.0,24,25,2903.0
4107,968.2909366656356,3.090909090909091,True,False,33,14,5,491166,491147,491180,491155,491174,bp,160.33522727272725,19,993.0,19,14,2759.0
4108,490.58625519802507,3.090909090909091,True,False,114,-25,-28,491223,491180,491294,491207,491267,bp,64.9715909090909,60,213.0,43,71,2450.0
4109,1984.1403030730341,3.090909090909091,True,False,49,-6,7,491322,491294,491343,491302,491330,bp,187.825,28,-550.0,28,21,4814.0
4110,1543.739216714582,3.090909090909091,True,True,59,-8,3,491374,491343,491402,491352,491389,bp,122.5969696969697,37,-591.0,31,28,4171.0
4111,1561.1171552294895,3.090909090909091,True,True,46,2,6,491428,491402,491448,491418,491440,bp,131.33333333333334,22,912.0,26,20,3564.0
4112,780.9534044609758,3.090909090909091,False,False,69,-11,11,491488,491448,491517,491464,491500,bp,90.33333333333331,36,137.0,40,29,1922.0
4113,1691.6497386252934,3.090909090909091,False,False,50,14,-6,491539,491517,491567,491525,491547,bp,200.29464285714286,22,-2404.0,22,28,4464.0
4114,1787.1069296350477,3.090909090909091,True,True,63,23,-19,491589,491567,491630,491583,491603,bp,238.85714285714286,20,-1463.0,22,41,4783.0
4115,1225.6755459783478,3.090909090909091,True,False,38,1,14,491656,491630,491668,491646,491661,bp,217.5,15,-1364.0,26,12,2593.0
4116,851.381544355791,3.090909090909091,True,False,63,-7,-21,491689,491668,491731,491677,491711,bp,99.37878787878788,34,-1015.0,21,42,4040.0
4117,2665.991463844036,1.606060606060606,True,True,67,10,-17,494939,494914,494981,494926,494961,bp,208.47027972027973,35,-2418.0,25,42,6357.0
4118,1415.1623399900632,1.606060606060606,True,True,83,10,9,495027,494981,495064,495006,495041,bp,91.9404761904762,35,-661.0,46,37,3911.0
4119,2240.4291097582604,1.606060606060606,True,True,66,6,4,495099,495064,495130,495086,495112,bp,183.8076923076923,26,-1678.0,35,31,4170.0
4120,1137.4163663013182,1.606060606060606,True,True,67,-9,17,495172,495130,495197,495144,495180,bp,129.22321428571428,36,-129.0,42,25,3531.0
4121,1776.559574645136,1.606060606060606,True,True,66,1,-18,495221,495197,495263,495207,495242,bp,139.97619047619048,35,-1349.0,24,42,4876.0
4122,1785.2306512657142,1.606060606060606,False,False,67,27,-15,495289,495263,495330,495278,495301,bp,162.13636363636363,23,-246.0,26,41,4089.0
4123,2653.62072484708,1.606060606060606,False,False,66,-8,18,495372,495330,495396,495351,495379,bp,310.6428571428571,28,-5429.0,42,24,5598.0
4124,542.6605064442065,1.606060606060606,False,False,51,49,-31,495406,495396,495447,495399,495417,bp,138.96103896103895,18,-820.0,10,41,3903.0
4125,2573.5845047911816,1.606060606060606,False,False,84,-5,32,495505,495447,495531,495484,495515,bp,320.26428571428573,31,-8356.0,58,26,6356.0
4126,1041.8320350739184,1.606060606060606,False,False,51,-3,-3,495555,495531,495582,495541,495573,bp,80.61904761904762,32,-3956.0,24,27,3439.0
4127,974.0311479946173,1.606060606060606,True,True,48,30,0,495606,495582,495630,495602,495613,bp,233.80357142857144,11,-2314.0,24,24,3366.0
4128,2080.3477503603804,1.606060606060606,False,False,67,2,15,495671,495630,495697,495654,495680,bp,216.17320261437908,26,-3931.0,41,26,5061.0
4129,463.97443601744004,1.606060606060606,False,False,63,5,-13,495722,495697,495760,495708,495734,bp,84.21428571428572,26,-1085.0,25,38,1929.0
4130,254.73468616958968,1.606060606060606,True,False,37,19,-13,495772,495760,495797,495765,495785,bp,89.23626373626374,20,-679.0,12,25,1895.0
4131,183.80827471759082,1.606060606060606,True,False,67,-14,49,495855,495797,495864,495824,495857,bp,145.4112903225806,33,-706.0,58,9,1134.0
4132,373.9617640131967,1.606060606060606,True,True,50,0,0,495889,495864,495914,495876,495899,bp,90.42307692307692,23,-1414.0,25,25,1703.0
4133,845.7164089775821,1.606060606060606,True,True,49,9,1,495939,495914,495963,495922,495943,bp,195.55882352941174,21,-2641.0,25,24,2614.0
4134,1634.6191602703755,1.606060606060606,True,True,51,5,3,494957,494930,494981,494950,494973,bp,164.96428571428572,23,539.0,27,24,4717.0
4135,1715.2575227813638,1.606060606060606,True,True,78,-14,6,495023,494981,495059,495001,495042,bp,128.7200956937799,41,-1328.0,42,36,4728.0
4136,1387.2931743853226,1.606060606060606,True,False,55,-11,3,495088,495059,495114,495069,495100,bp,129.59429824561406,31,21.0,29,26,2911.0
4137,544.1651077050317,1.606060606060606,True,False,101,-50,15,495172,495114,495215,495120,495199,bp,56.57549857549858,79,-96.0,58,43,2768.0
4138,2331.9622680905163,1.606060606060606,True,False,49,-2,-1,495239,495215,495264,495228,495255,bp,185.125,27,-1964.0,24,25,6072.0
4139,875.6150076141362,1.606060606060606,False,False,66,0,-14,495290,495264,495330,495280,495309,bp,128.38947368421051,29,474.0,26,40,1743.0
4140,735.6848646145976,1.606060606060606,True,True,66,4,-16,495355,495330,495396,495338,495369,bp,94.2016806722689,31,-556.0,25,41,2917.0
4141,2090.5456673156173,1.606060606060606,True,True,51,17,-7,495418,495396,495447,495404,495428,bp,201.25,24,-1057.0,22,29,5688.0
4142,1959.142665232073,1.606060606060606,False,False,65,3,9,495484,495447,495512,495469,495495,bp,170.15454545454546,26,-1756.0,37,28,2668.0
4143,2451.966707369196,1.606060606060606,False,False,58,2,-4,495539,495512,495570,495524,495557,bp,189.23888888888888,33,-5649.0,27,31,5778.0
4144,1523.3616114164722,1.606060606060606,False,False,60,-2,12,495606,495570,495630,495592,495621,bp,108.19761904761904,29,-1659.0,36,24,4433.0
4145,1632.4978672936766,1.606060606060606,True,False,66,-13,18,495672,495630,495696,495648,495681,bp,177.16666666666663,33,-3141.0,42,24,4074.0
4146,691.4810290126,1.606060606060606,True,False,55,5,-31,495708,495696,495751,495701,495733,bp,117.2342857142857,32,-1282.0,12,43,2368.0
4147,686.1642091795344,1.606060606060606,True,True,65,-11,11,495789,495751,495816,495770,495809,bp,62.0,39,-1225.0,38,27,2560.0
4148,610.2359472284486,1.606060606060606,True,True,81,0,-3,495855,495816,495897,495837,495876,bp,69.06349206349206,39,-1572.0,39,42,2202.0
4149,520.0523219318981,1.606060606060606,True,False,67,-23,17,495939,495897,495964,495915,495953,bp,79.05059523809524,38,-1904.0,42,25,1967.0
4150,444.8284215990705,-0.47058823529411764,False,False,48,-8,30,498670,498631,498679,498645,498673,bp,40.81333333333333,28,2021.0,39,9,510.0
4151,567.9549902599497,-0.47058823529411764,False,False,68,35,-16,498705,498679,498747,498693,498712,bp,113.27976190476191,19,1008.0,26,42,2569.0
4152,980.254348081432,-0.47058823529411764,True,True,67,0,-15,498773,498747,498814,498766,498798,bp,158.96,32,584.0,26,41,4646.0
4153,1475.5357456974505,-0.47058823529411764,False,False,44,24,8,498840,498814,498858,498830,498847,bp,189.67857142857144,17,1601.0,26,18,2271.0
4154,1733.4953311259715,-0.47058823529411764,False,False,87,-13,9,498906,498858,498945,498888,498926,bp,151.95833333333331,38,-1618.0,48,39,6118.0
4155,1492.4804235447912,-0.47058823529411764,False,False,52,11,-30,498956,498945,498997,498951,498976,bp,190.675,25,1931.0,11,41,3797.0
4156,884.3499167939074,-0.47058823529411764,True,True,83,-10,-33,499022,498997,499080,499012,499057,bp,114.92142857142859,45,2169.0,25,58,3921.0
4157,1002.9222663277203,-0.47058823529411764,True,True,67,-21,-17,499105,499080,499147,499092,499135,bp,72.77179487179487,43,2811.0,25,42,2933.0
4158,1013.5862864001455,-0.47058823529411764,False,False,48,-10,2,499172,499147,499195,499157,499182,bp,157.95,25,1496.0,25,23,1362.0
4159,297.563859429352,-0.47058823529411764,False,False,18,16,-6,499201,499195,499213,499197,499210,bp,106.63888888888887,13,2179.0,6,12,1171.0
4160,701.1002463633557,-0.47058823529411764,False,False,66,7,18,499255,499213,499279,499239,499262,bp,81.44642857142857,23,652.0,42,24,1798.0
4161,481.05898450635294,-0.47058823529411764,True,True,52,4,34,499322,499279,499331,499292,499326,bp,135.14166666666665,34,-174.0,43,9,2147.0
4162,424.00637235452143,-0.47058823529411764,False,False,62,4,20,499372,499331,499393,499364,499381,bp,142.9375,17,-255.0,41,21,954.0
4163,117.19479797596789,-0.47058823529411764,True,True,37,12,-13,499405,499393,499430,499402,499416,bp,122.77272727272728,14,-347.0,12,25,1331.0
4164,648.821613187602,-0.47058823529411764,True,True,50,12,0,499455,499430,499480,499442,499461,bp,179.91025641025644,19,-1076.0,25,25,3159.0
4165,537.8130187435452,-0.47058823529411764,True,True,50,-4,8,499509,499480,499530,499492,499523,bp,49.292016806722685,31,168.0,29,21,2265.0
4166,343.7464481446742,-0.47058823529411764,False,False,67,-10,23,499575,499530,499597,499550,499584,bp,80.84888888888891,34,-493.0,45,22,1077.0
4167,1471.6866763943315,-0.47058823529411764,True,True,67,-14,-11,498625,498597,498664,498617,498657,bp,165.90625,40,-2565.0,28,39,3992.0
4168,1317.1938928654902,-0.47058823529411764,True,False,66,-2,18,498706,498664,498730,498683,498710,bp,163.07608695652175,27,-1924.0,42,24,1965.0
4169,122.42749150629056,-0.47058823529411764,True,False,18,34,0,498739,498730,498748,498735,498743,bp,194.0,8,-1717.0,9,9,1841.0
4170,1245.5947478492972,-0.47058823529411764,True,False,65,18,21,498791,498748,498813,498785,498800,bp,226.63888888888889,15,-2657.0,43,22,4192.0
4171,1674.5772345809278,-0.47058823529411764,True,True,67,16,-13,498840,498813,498880,498833,498856,bp,222.31696428571428,23,-2223.0,27,40,4082.0
4172,2603.0640201884157,-0.47058823529411764,True,True,50,21,0,498905,498880,498930,498895,498916,bp,295.4136363636364,21,-3877.0,25,25,6167.0
4173,3140.3238349126145,-0.47058823529411764,True,True,67,14,17,498972,498930,498997,498958,498983,bp,295.3506493506493,25,-4037.0,42,25,7853.0
4174,1812.9973223920435,-0.47058823529411764,False,False,67,8,23,499042,498997,499064,499022,499056,bp,96.76071428571429,34,-686.0,45,22,2104.0
4175,2257.1697286411336,-0.47058823529411764,False,False,83,17,3,499107,499064,499147,499098,499124,bp,273.86274509803917,26,-4581.0,43,40,6369.0
4176,1799.9451136382957,-0.47058823529411764,True,True,72,6,-20,499173,499147,499219,499167,499193,bp,221.375,26,-2434.0,26,46,3541.0
4177,819.5330625124046,-0.47058823529411764,True,True,59,-14,-21,499238,499219,499278,499225,499265,bp,86.87606837606839,40,-2160.0,19,40,2001.0
4178,845.4805957760395,-0.47058823529411764,True,False,62,-2,22,499320,499278,499340,499291,499325,bp,147.4,34,-2794.0,42,20,3076.0
4179,860.6315901936717,-0.47058823529411764,True,True,57,-4,-3,499367,499340,499397,499357,499382,bp,107.5,25,-3228.0,27,30,1992.0
4180,791.9218864674465,-0.47058823529411764,False,False,53,-7,-15,499416,499397,499450,499403,499434,bp,115.02991452991455,31,-3535.0,19,34,3658.0
4181,368.975565895194,-0.47058823529411764,False,False,64,16,-30,499467,499450,499514,499458,499485,bp,55.08333333333334,27,-997.0,17,47,3476.0
4182,723.3302164940906,-0.47058823529411764,True,True,66,12,-12,499541,499514,499580,499528,499551,bp,74.3923076923077,23,282.0,27,39,1976.0
4183,633.8268519168244,-0.47058823529411764,True,True,67,22,-17,499605,499580,499647,499586,499623,bp,66.87719298245614,37,-670.0,25,42,1881.0
4184,1364.4353306789794,-2.1875,False,False,35,2,19,502339,502312,502347,502321,502342,bp,147.0,21,915.0,27,8,1104.0
4185,846.1700722824369,-2.1875,False,False,83,40,-35,502371,502347,502430,502365,502386,bp,184.6833333333333,21,-532.0,24,59,4160.0
4186,1569.3084120106855,-2.1875,True,True,50,3,0,502455,502430,502480,502447,502472,bp,161.57352941176467,25,241.0,25,25,3773.0
4187,1526.498071949216,-2.1875,True,True,82,2,2,502522,502480,502562,502500,502543,bp,104.65259740259741,43,-421.0,42,40,4444.0
4188,3002.8343748980865,-2.1875,False,False,71,17,15,502605,502562,502633,502588,502612,bp,376.1596638655463,24,-3666.0,43,28,7657.0
4189,1276.0633893552658,-2.1875,False,False,79,-11,-3,502671,502633,502712,502653,502695,bp,82.56944444444444,42,292.0,38,41,3452.0
4190,845.1040279359204,-2.1875,True,False,69,-9,17,502755,502712,502781,502726,502767,bp,89.433908045977,41,560.0,43,26,2581.0
4191,511.5804018079483,-2.1875,True,True,65,-16,-17,502805,502781,502846,502799,502839,bp,95.72058823529413,40,1240.0,24,41,2568.0
4192,827.2505535451783,-2.1875,True,False,47,2,5,502872,502846,502893,502863,502880,bp,161.25,17,494.0,26,21,1769.0
4193,347.7930875803801,-2.1875,True,False,37,33,-13,502905,502893,502930,502899,502915,bp,157.38333333333333,16,-20.0,12,25,1593.0
4194,568.1062477601461,-2.1875,True,False,84,4,-2,502971,502930,503014,502964,502990,bp,133.43984962406014,26,-984.0,41,43,2968.0
4195,1041.166130305415,-2.1875,True,True,66,11,-18,503038,503014,503080,503020,503053,bp,113.38333333333333,33,-1216.0,24,42,3117.0
4196,874.1620043907702,-2.1875,True,True,46,-12,12,503109,503080,503126,503097,503122,bp,97.22115384615385,25,-986.0,29,17,1490.0
4197,780.441481067706,-2.1875,True,True,60,-15,-2,503155,503126,503186,503135,503174,bp,78.73157894736842,39,-2063.0,29,31,3606.0
4198,1560.2822491145844,-2.1875,True,False,44,22,-4,503206,503186,503230,503198,503222,bp,170.28125,24,-1905.0,20,24,2901.0
4199,1519.5839302075092,-2.1875,False,False,55,-13,29,502355,502313,502368,502321,502359,bp,173.16176470588238,38,-1121.0,42,13,2344.0
4200,2020.0811425041788,-2.1875,False,False,66,-5,-2,502400,502368,502434,502384,502417,bp,137.22426470588235,33,-1938.0,32,34,5943.0
4201,5493.442056711327,-2.1875,False,False,61,9,-17,502456,502434,502495,502445,502470,bp,522.7694805194806,25,-8472.0,22,39,12510.0
4202,4536.360689828352,-2.1875,True,True,66,23,-20,502518,502495,502561,502504,502529,bp,383.52272727272725,25,-5020.0,23,43,9367.0
4203,4361.874656198465,-2.1875,False,False,53,7,3,502589,502561,502614,502577,502598,bp,463.34722222222223,21,-5391.0,28,25,9271.0
4204,1594.1209225850578,-2.1875,False,False,65,5,-5,502644,502614,502679,502626,502657,bp,111.97863247863249,31,-103.0,30,35,3437.0
4205,1399.5472269270965,-2.1875,True,True,50,14,-4,502702,502679,502729,502693,502708,bp,256.08333333333337,15,-1031.0,23,27,3576.0
4206,1900.1990745995984,-2.1875,True,True,52,16,-8,502751,502729,502781,502737,502759,bp,231.4642857142857,22,-1577.0,22,30,5075.0
4207,1806.1621369707175,-2.1875,True,True,64,1,6,502816,502781,502845,502797,502828,bp,154.76973684210526,31,-885.0,35,29,4585.0
4208,1205.1227589442376,-2.1875,True,True,51,8,1,502871,502845,502896,502860,502876,bp,173.3818181818182,16,-120.0,26,25,2162.0
4209,791.7466200609706,-2.1875,True,True,50,1,-10,502916,502896,502946,502900,502926,bp,76.28125,26,465.0,20,30,2314.0
4210,1196.0615189028936,-2.1875,True,True,67,-7,-15,502972,502946,503013,502953,502991,bp,90.2894736842105,38,-957.0,26,41,2552.0
4211,2317.1323252368106,-2.1875,True,True,51,-7,-1,503038,503013,503064,503022,503050,bp,166.71875,28,-2641.0,25,26,5468.0
4212,835.1315920823371,-2.1875,True,True,65,-26,11,503102,503064,503129,503071,503116,bp,52.2315668202765,45,-475.0,38,27,1978.0
4213,1058.8332634080082,-2.1875,True,True,51,12,1,503155,503129,503180,503135,503161,bp,138.85833333333332,26,-1335.0,26,25,3302.0
4214,2985.788076777652,-2.1875,True,True,69,2,-7,503211,503180,503249,503199,503228,bp,221.91421568627453,29,-3970.0,31,38,6358.0
4215,2947.7814381601,-2.1875,True,True,54,2,-8,503272,503249,503303,503259,503289,bp,221.16968325791854,30,-3977.0,23,31,6604.0
4216,858.6945872980369,0.0,False,False,45,9,5,507204,507179,507224,507187,507207,bp,190.63725490196083,20,533.0,25,20,1900.0
4217,685.0655139802456,0.0,False,False,39,14,-11,507238,507224,507263,507236,507251,bp,98.73076923076924,15,1961.0,14,25,2043.0
4218,2267.919481526401,0.0,False,False,64,18,-8,507291,507263,507327,507280,507306,bp,192.84242424242424,26,-1346.0,28,36,3933.0
4219,2789.539743820595,0.0,True,True,69,5,11,507367,507327,507396,507350,507381,bp,227.55462184873952,31,-3867.0,40,29,6985.0
4220,1762.8337826934937,0.0,False,False,83,1,1,507438,507396,507479,507417,507448,bp,158.01190476190476,31,-1523.0,42,41,3617.0
4221,135.6881964462504,0.0,False,False,34,-14,-4,507494,507479,507513,507480,507509,bp,16.776190476190475,29,1960.0,15,19,914.0
4222,239.864074223804,0.0,False,False,37,-4,13,507538,507513,507550,507524,507540,bp,91.96428571428572,16,1034.0,25,12,653.0
4223,107.07699668531168,0.0,False,False,45,6,-35,507555,507550,507595,507552,507577,bp,81.74242424242424,25,1063.0,5,40,1471.0
4224,749.2687439939584,0.0,True,True,57,-1,7,507627,507595,507652,507608,507637,bp,81.56052631578947,29,295.0,32,25,2434.0
4225,746.9236469997522,0.0,True,True,45,3,5,507677,507652,507697,507665,507690,bp,70.67628205128204,25,957.0,25,20,1751.0
4226,986.9527150096441,0.0,True,True,50,-4,6,507725,507697,507747,507718,507739,bp,157.17857142857142,21,-226.0,28,22,2452.0
4227,677.2506559119506,0.0,False,False,32,12,14,507770,507747,507779,507756,507772,bp,119.07142857142857,16,-819.0,23,9,1032.0
4228,364.40385111980055,0.0,False,False,83,-12,1,507821,507779,507862,507800,507844,bp,53.31780538302277,44,-2431.0,42,41,1836.0
4229,509.5527598533477,0.0,False,False,54,28,-2,507888,507862,507916,507876,507894,bp,124.16666666666666,18,-1775.0,26,28,2427.0
4230,344.7273140171682,0.0,False,False,64,11,46,507971,507916,507980,507940,507977,bp,44.04032258064516,37,-1781.0,55,9,1058.0
4231,335.8548688560441,0.0,True,False,102,-18,46,508054,507980,508082,508025,508070,bp,45.714439655172406,45,-2141.0,74,28,2499.0
4232,379.8227595505557,0.0,True,False,31,6,13,508104,508082,508113,508097,508108,bp,197.17857142857144,11,-1952.0,22,9,1747.0
4233,799.1858798583139,0.0,False,False,82,-11,10,507210,507164,507246,507175,507228,bp,68.50396825396825,53,-1294.0,46,36,4490.0
4234,1050.027306794794,0.0,False,False,83,-7,-11,507282,507246,507329,507270,507308,bp,82.8301282051282,38,389.0,36,47,2583.0
4235,2513.376584954039,0.0,False,False,51,-5,3,507356,507329,507380,507339,507369,bp,187.0,30,-2359.0,27,24,5691.0
4236,1206.1241984881324,0.0,True,True,50,-16,8,507409,507380,507430,507394,507423,bp,98.46190476190478,29,37.0,29,21,2066.0
4237,436.1261969116111,0.0,True,False,66,-6,-28,507449,507430,507496,507436,507472,bp,59.34949832775919,36,335.0,19,47,1533.0
4238,1469.1919456377993,0.0,False,False,61,9,-19,507517,507496,507557,507502,507527,bp,172.93333333333337,25,-980.0,21,40,5438.0
4239,246.70608160690296,0.0,False,False,23,4,-7,507565,507557,507580,507561,507577,bp,129.66666666666666,16,3101.0,8,15,1380.0
4240,1394.601834510951,0.0,False,False,65,-5,7,507616,507580,507645,507597,507633,bp,119.38390092879257,36,266.0,36,29,2335.0
4241,1061.7456151818367,0.0,True,True,64,9,-10,507672,507645,507709,507664,507686,bp,156.78571428571428,22,-922.0,27,37,2898.0
4242,642.0853667279907,0.0,True,False,71,17,-45,507722,507709,507780,507717,507745,bp,227.4913043478261,28,-1421.0,13,58,1699.0
4243,314.2450199306055,0.0,True,False,99,-6,-15,507822,507780,507879,507790,507845,bp,55.61209239130435,55,-2257.0,42,57,3418.0
4244,518.1549955439101,0.0,True,False,49,-11,23,507915,507879,507928,507894,507923,bp,85.93452380952381,29,-1563.0,36,13,1584.0
4245,584.1257749588427,0.0,True,True,49,-2,5,507955,507928,507977,507941,507962,bp,140.89285714285714,21,-3112.0,27,22,2882.0
4246,453.3084769767653,0.0,True,True,42,24,-22,507987,507977,508019,507981,507992,bp,219.05,11,-2704.0,10,32,2088.0
4247,449.2071359606148,0.0,True,True,44,-4,-8,508037,508019,508063,508027,508050,bp,102.47692307692309,23,-2148.0,18,26,1976.0
4248,979.0915030518428,0.0,True,True,39,4,5,508085,508063,508102,508069,508090,bp,137.50625,21,-2132.0,22,17,2163.0
4249,1177.6645410323522,0.0,True,False,44,8,-4,508122,508102,508146,508115,508138,bp,165.61607142857144,23,-2870.0,20,24,3020.0
4250,1190.2068142595278,-1.6857142857142857,True,True,68,11,-26,510550,510529,510597,510539,510572,bp,129.88636363636363,33,-1049.0,21,47,4063.0
4251,1073.9466828842772,-1.6857142857142857,True,True,64,8,-16,510621,510597,510661,510616,510641,bp,208.6,25,-347.0,24,40,2988.0
4252,897.1150408600766,-1.6857142857142857,True,True,53,20,1,510688,510661,510714,510674,510698,bp,101.02857142857141,24,1022.0,27,26,2590.0
4253,1376.7670206618686,-1.6857142857142857,True,True,66,8,14,510754,510714,510780,510742,510771,bp,132.51225490196077,29,-526.0,40,26,3339.0
4254,512.811348984853,-1.6857142857142857,True,True,94,-10,-10,510822,510780,510874,510808,510851,bp,95.29433497536944,43,-401.0,42,52,5085.0
4255,1144.701897338886,-1.6857142857142857,True,True,61,-17,1,510905,510874,510935,510884,510925,bp,74.25833333333334,41,1010.0,31,30,2297.0
4256,680.0691593919173,-1.6857142857142857,True,True,45,-9,-5,510955,510935,510980,510949,510976,bp,98.67857142857143,27,1619.0,20,25,2050.0
4257,553.0758982650161,-1.6857142857142857,True,True,65,-7,17,511021,510980,511045,510994,511026,bp,125.28148148148148,32,1684.0,41,24,2466.0
4258,1070.1057943700348,-1.6857142857142857,False,False,43,7,9,511071,511045,511088,511051,511076,bp,104.5,25,1028.0,26,17,1507.0
4259,494.7986001719647,-1.6857142857142857,True,True,54,-9,12,511121,511088,511142,511108,511134,bp,75.07692307692307,26,958.0,33,21,2731.0
4260,819.516502887277,-1.6857142857142857,True,True,38,26,-12,511155,511142,511180,511151,511161,bp,369.6666666666666,10,391.0,13,25,3668.0
4261,470.3147739497455,-1.6857142857142857,True,True,49,15,-1,511204,511180,511229,511197,511215,bp,166.14935064935062,18,1934.0,24,25,2009.0
4262,766.5483733336853,-1.6857142857142857,False,False,53,37,-3,511254,511229,511282,511248,511264,bp,191.06666666666663,16,1273.0,25,28,1909.0
4263,1109.0502349774886,-1.6857142857142857,False,False,83,7,27,511337,511282,511365,511317,511345,bp,133.9625,28,-1120.0,55,28,2543.0
4264,563.4216004773116,-1.6857142857142857,False,False,47,-8,-1,511388,511365,511412,511380,511407,bp,90.56907894736841,27,138.0,23,24,2741.0
4265,556.4634013363072,-1.6857142857142857,True,True,50,-4,6,511440,511412,511462,511426,511449,bp,92.03174603174602,23,1145.0,28,22,2099.0
4266,635.5109099476957,-1.6857142857142857,True,True,67,-7,-17,511487,511462,511529,511468,511506,bp,56.89473684210525,38,1351.0,25,42,2268.0
4267,2665.2821469120927,-1.6857142857142857,True,True,49,7,-9,510550,510530,510579,510536,510564,bp,216.03571428571428,28,-1782.0,20,29,6707.0
4268,2796.6364381509184,-1.6857142857142857,True,True,66,14,18,510621,510579,510645,510599,510627,bp,255.22727272727275,28,-1073.0,42,24,4760.0
4269,2240.723730080275,-1.6857142857142857,True,True,65,16,9,510682,510645,510710,510669,510690,bp,211.0769230769231,21,-957.0,37,28,3683.0
4270,826.2040597067385,-1.6857142857142857,True,True,69,1,-13,510738,510710,510779,510727,510756,bp,120.59343434343435,29,-1178.0,28,41,2342.0
4271,358.05195059799973,-1.6857142857142857,True,True,67,19,-27,510799,510779,510846,510786,510817,bp,59.267094017094024,31,-457.0,20,47,3121.0
4272,419.52199738493607,-1.6857142857142857,False,False,51,2,5,510874,510846,510897,510867,510884,bp,104.17857142857143,17,651.0,28,23,1615.0
4273,1535.951640710362,-1.6857142857142857,False,False,49,-11,-21,510911,510897,510946,510903,510938,bp,160.54166666666666,35,-1088.0,14,35,5446.0
4274,3228.497434668653,-1.6857142857142857,True,True,62,3,-10,510972,510946,511008,510962,510989,bp,292.41764705882355,27,-2462.0,26,36,8698.0
4275,2590.449119495304,-1.6857142857142857,True,True,54,-9,6,511038,511008,511062,511019,511049,bp,203.95454545454544,30,-207.0,30,24,4585.0
4276,1837.045882684949,-1.6857142857142857,True,True,51,-10,1,511088,511062,511113,511070,511100,bp,172.44444444444446,30,-276.0,26,25,4794.0
4277,1266.642906270514,-1.6857142857142857,True,True,50,-11,-4,511136,511113,511163,511120,511156,bp,93.80625,36,1102.0,23,27,3279.0
4278,813.598049495257,-1.6857142857142857,True,False,49,-7,31,511203,511163,511212,511181,511206,bp,142.88636363636363,25,2038.0,40,9,1951.0
4279,473.9118966298008,-1.6857142857142857,False,False,49,-10,3,511238,511212,511261,511224,511249,bp,80.64285714285714,25,1450.0,26,23,985.0
4280,231.95199274329082,-1.6857142857142857,False,False,18,10,-8,511266,511261,511279,511264,511277,bp,45.15909090909091,13,2249.0,5,13,254.0
4281,1226.002740615656,-1.6857142857142857,False,False,50,-7,2,511305,511279,511329,511300,511322,bp,197.82352941176467,22,-219.0,26,24,3357.0
4282,845.9034403716215,-1.6857142857142857,True,False,88,16,-38,511354,511329,511417,511337,511376,bp,77.66978609625669,39,-691.0,25,63,2157.0
4283,1153.4177043664565,-1.6857142857142857,True,False,63,-17,11,511454,511417,511480,511431,511473,bp,94.59839816933638,42,-1726.0,37,26,4588.0
4284,1868.8034906402954,-1.6857142857142857,True,True,61,13,-11,511505,511480,511541,511498,511517,bp,251.44642857142856,19,-991.0,25,36,4993.0
4285,579.8773148493954,-2.388888888888889,False,False,78,-26,-32,514058,514035,514113,514050,514100,bp,129.03869047619048,50,-3220.0,23,55,2713.0
4286,186.046296858626,-2.388888888888889,False,False,33,2,15,514137,514113,514146,514124,514142,bp,72.88461538461539,18,-1585.0,24,9,1313.0
4287,387.05159892828254,-2.388888888888889,True,True,34,14,16,514171,514146,514180,514162,514174,bp,138.38888888888889,12,-1895.0,25,9,1132.0
4288,137.02527216832348,-2.388888888888889,True,True,38,12,14,514206,514180,514218,514200,514209,bp,135.33333333333334,9,-2594.0,26,12,917.0
4289,394.1488279982654,-2.388888888888889,True,True,45,14,-5,514238,514218,514263,514230,514242,bp,157.0,12,-3389.0,20,25,1869.0
4290,430.50304610308893,-2.388888888888889,False,False,83,1,-67,514271,514263,514346,514268,514310,bp,142.62820512820514,42,-2707.0,8,75,3474.0
4291,657.1997873354153,-2.388888888888889,True,True,66,4,-16,514371,514346,514412,514353,514392,bp,66.46428571428572,39,-2018.0,25,41,2318.0
4292,779.9002053208827,-2.388888888888889,True,False,84,2,2,514455,514412,514496,514435,514466,bp,109.6590909090909,31,-2658.0,43,41,3036.0
4293,622.48468438586,-2.388888888888889,True,False,50,18,-30,514506,514496,514546,514499,514519,bp,92.77472527472528,20,-1389.0,10,40,2749.0
4294,946.1734173413753,-2.388888888888889,True,True,50,-5,-2,514570,514546,514596,514557,514583,bp,100.1153846153846,26,-1075.0,24,26,3049.0
4295,591.5245527560378,-2.388888888888889,False,False,66,-20,20,514639,514596,514662,514604,514652,bp,56.69340659340659,48,-1212.0,43,23,1579.0
4296,989.2163939389728,-2.388888888888889,True,True,61,0,-9,514688,514662,514723,514680,514705,bp,139.31985294117646,25,-2644.0,26,35,2621.0
4297,691.0548240285776,-2.388888888888889,False,False,56,8,-28,514737,514723,514779,514730,514767,bp,92.29523809523808,37,-1493.0,14,42,4389.0
4298,587.4245464912202,-2.388888888888889,False,False,62,-4,24,514822,514779,514841,514812,514832,bp,131.5,20,-813.0,43,19,769.0
4299,714.8024652570722,-2.388888888888889,False,False,38,-1,-10,514855,514841,514879,514848,514872,bp,120.2983193277311,24,-2017.0,14,24,2511.0
4300,1667.2220185725034,-2.388888888888889,True,False,66,11,-14,514905,514879,514945,514895,514924,bp,164.53947368421052,29,-3277.0,26,40,5004.0
4301,733.3471958947175,-2.388888888888889,False,False,66,-7,20,514988,514945,515011,514964,514993,bp,97.95833333333334,29,-1564.0,43,23,1496.0
4302,449.80527070069735,-2.388888888888889,True,False,32,21,10,514051,514030,514062,514045,514054,bp,267.4166666666667,9,-2656.0,21,11,2238.0
4303,240.03686657841104,-2.388888888888889,True,False,67,21,-15,514088,514062,514129,514084,514108,bp,264.3,24,-3154.0,26,41,3148.0
4304,703.1960843297643,-2.388888888888889,True,True,70,-10,14,514171,514129,514199,514153,514189,bp,91.44444444444444,36,-2581.0,42,28,3279.0
4305,320.8329943645678,-2.388888888888889,True,False,54,-10,24,514238,514199,514253,514215,514245,bp,95.1055900621118,30,-1105.0,39,15,1407.0
4306,268.0951382488956,-2.388888888888889,True,True,54,7,-18,514271,514253,514307,514265,514287,bp,101.77083333333331,22,-1237.0,18,36,2079.0
4307,505.6526003710324,-2.388888888888889,True,True,37,13,-11,514320,514307,514344,514316,514327,bp,223.10714285714286,11,-1112.0,13,24,2499.0
4308,470.1447333521716,-2.388888888888889,True,False,36,-15,18,514371,514344,514380,514351,514376,bp,92.275,25,-91.0,27,9,1867.0
4309,560.6085545164576,-2.388888888888889,False,False,33,1,-7,514393,514380,514413,514386,514406,bp,96.489010989011,20,355.0,13,20,1975.0
4310,1680.1257104767014,-2.388888888888889,False,False,55,-5,-5,514438,514413,514468,514427,514457,bp,146.61483253588517,30,-2004.0,25,30,3669.0
4311,1842.9392098030835,-2.388888888888889,True,True,60,8,-18,514489,514468,514528,514482,514507,bp,194.6349206349206,25,-1993.0,21,39,4903.0
4312,2072.338750392764,-2.388888888888889,True,True,51,4,-5,514551,514528,514579,514540,514560,bp,212.22222222222226,20,-1850.0,23,28,3907.0
4313,399.5287781979431,-2.388888888888889,False,False,33,-6,9,514600,514579,514612,514584,514607,bp,83.33482142857143,23,-352.0,21,12,1484.0
4314,1847.8238595272312,-2.388888888888889,False,False,63,-7,-11,514638,514612,514675,514624,514658,bp,114.69642857142857,34,-1885.0,26,37,5757.0
4315,3208.7829796068127,-2.388888888888889,True,True,54,12,-2,514701,514675,514729,514685,514711,bp,243.48125,26,-2448.0,26,28,5792.0
4316,1448.9271507467347,-2.388888888888889,True,False,62,-5,16,514768,514729,514791,514749,514776,bp,146.31578947368422,27,-258.0,39,23,3174.0
4317,1082.636787511765,-2.388888888888889,True,True,38,4,-4,514808,514791,514829,514798,514815,bp,207.22142857142862,17,-438.0,17,21,3418.0
4318,2328.5050959237587,-2.388888888888889,True,True,51,5,-1,514854,514829,514880,514836,514867,bp,166.8311965811966,31,-2510.0,25,26,4451.0
4319,3573.022796193014,-2.388888888888889,True,True,64,3,-2,514911,514880,514944,514903,514927,bp,322.25,24,-5378.0,31,33,6691.0
4320,1602.4163602801864,-2.388888888888889,True,False,52,-9,24,514982,514944,514996,514954,514989,bp,164.01785714285714,35,-2190.0,38,14,3867.0
4321,616.6655180394326,-1.3636363636363635,False,False,36,10,12,518154,518130,518166,518145,518160,bp,142.61111111111111,15,2602.0,24,12,1730.0
4322,1383.1789150521215,-1.3636363636363635,False,False,63,1,13,518204,518166,518229,518185,518210,bp,155.39473684210526,25,795.0,38,25,2793.0
4323,706.4489883216174,-1.3636363636363635,True,True,83,-23,1,518271,518229,518312,518236,518294,bp,67.64223602484472,58,525.0,42,41,3791.0
4324,1073.9038817558067,-1.3636363636363635,True,True,67,-2,-21,518335,518312,518379,518329,518361,bp,158.62820512820508,32,1418.0,23,44,3273.0
4325,929.8145050345148,-1.3636363636363635,False,False,34,-6,14,518403,518379,518413,518391,518408,bp,181.10833333333332,17,461.0,24,10,2068.0
4326,132.06603679301477,-1.3636363636363635,True,True,33,-1,15,518437,518413,518446,518419,518439,bp,139.80555555555554,20,867.0,24,9,1507.0
4327,1071.2678518068367,-1.3636363636363635,False,False,56,24,-8,518470,518446,518502,518458,518475,bp,237.45833333333331,17,624.0,24,32,4065.0
4328,1076.2376306771562,-1.3636363636363635,True,False,94,1,-22,518538,518502,518596,518516,518571,bp,101.86363636363636,55,-258.0,36,58,5514.0
4329,983.2832657623736,-1.3636363636363635,True,True,100,25,14,518653,518596,518696,518627,518658,bp,180.0576923076923,31,848.0,57,43,3006.0
4330,1308.8546774599336,-1.3636363636363635,True,True,65,3,7,518732,518696,518761,518714,518743,bp,95.2550505050505,29,43.0,36,29,2105.0
4331,708.648727610165,-1.3636363636363635,True,True,51,19,3,518788,518761,518812,518775,518795,bp,155.42857142857144,20,343.0,27,24,3352.0
4332,1076.0189359631904,-1.3636363636363635,True,False,56,-11,28,518854,518812,518868,518834,518861,bp,115.91785714285713,27,232.0,42,14,2008.0
4333,370.9106364190283,-1.3636363636363635,False,False,44,5,-4,518888,518868,518912,518877,518900,bp,60.19318181818182,23,833.0,20,24,1208.0
4334,2686.061639677005,-1.3636363636363635,False,False,69,17,-17,518938,518912,518981,518928,518957,bp,252.3,29,-4429.0,26,43,6299.0
4335,2406.7021947553117,-1.3636363636363635,True,True,81,-10,1,519022,518981,519062,519003,519042,bp,169.6671052631579,39,-5584.0,41,40,5663.0
4336,3050.614543680731,-1.3636363636363635,True,True,57,13,-15,519083,519062,519119,519071,519097,bp,234.5059523809524,26,-5450.0,21,36,6898.0
4337,409.85668942046937,-1.3636363636363635,False,False,33,5,-7,518142,518129,518162,518133,518156,bp,44.503968253968246,23,996.0,13,20,1390.0
4338,459.4032540063445,-1.3636363636363635,True,False,84,-11,24,518216,518162,518246,518184,518223,bp,106.94419642857143,39,-358.0,54,30,2752.0
4339,1330.477263136111,-1.3636363636363635,False,False,49,-7,7,518274,518246,518295,518251,518281,bp,162.15217391304347,30,455.0,28,21,4094.0
4340,2131.9998062150275,-1.3636363636363635,True,True,47,9,-3,518317,518295,518342,518304,518322,bp,282.9846153846154,18,-1524.0,22,25,3816.0
4341,1528.8777594511728,-1.3636363636363635,True,True,53,9,-5,518366,518342,518395,518349,518375,bp,146.4052287581699,26,-1307.0,24,29,3412.0
4342,1895.2468270752288,-1.3636363636363635,True,True,51,0,-1,518420,518395,518446,518410,518436,bp,195.075,26,-2534.0,25,26,4938.0
4343,1881.1985051672546,-1.3636363636363635,True,True,49,21,-3,518469,518446,518495,518462,518477,bp,322.9375,15,-1414.0,23,26,5885.0
4344,2834.3598645986212,-1.3636363636363635,True,True,74,-3,10,518537,518495,518569,518513,518551,bp,194.39285714285717,38,-2103.0,42,32,7031.0
4345,3363.2071033402362,-1.3636363636363635,False,False,93,23,-23,518604,518569,518662,518586,518627,bp,251.292270531401,41,-5257.0,35,58,8108.0
4346,804.7430050859916,-1.3636363636363635,False,False,83,-4,1,518704,518662,518745,518691,518723,bp,88.53846153846155,32,136.0,42,41,2048.0
4347,1230.7598910599072,-1.3636363636363635,False,False,67,-2,-15,518771,518745,518812,518751,518785,bp,126.25,34,-1971.0,26,41,4347.0
4348,619.2695001061918,-1.3636363636363635,False,False,51,18,-27,518824,518812,518863,518817,518835,bp,128.23376623376623,18,67.0,12,39,1822.0
4349,2174.719871833886,-1.3636363636363635,False,False,46,11,2,518887,518863,518909,518871,518893,bp,261.96875,22,-3519.0,24,22,4826.0
4350,2830.0930287570945,-1.3636363636363635,True,True,71,9,-15,518937,518909,518980,518926,518959,bp,240.04545454545453,33,-5278.0,28,43,8473.0
4351,4369.687653625401,-1.3636363636363635,True,True,64,7,8,519016,518980,519044,519001,519026,bp,370.6,25,-6241.0,36,28,9075.0
4352,2944.942996602225,-1.3636363636363635,True,True,69,-5,-17,519070,519044,519113,519058,519091,bp,222.54166666666669,33,-4640.0,26,43,5684.0
4353,1565.200256945061,-1.3636363636363635,True,False,50,-9,-2,519137,519113,519163,519119,519149,bp,134.25,30,-4107.0,24,26,2771.0
4354,1484.6192562064864,-1.59375,True,True,49,23,-1,522304,522280,522329,522292,522310,bp,167.79166666666666,18,1018.0,24,25,2845.0
4355,1465.7122205260416,-1.59375,True,True,66,13,16,522370,522329,522395,522351,522376,bp,213.92543859649123,25,-993.0,41,25,3642.0
4356,703.9195997504927,-1.59375,True,True,67,-5,15,522436,522395,522462,522414,522447,bp,72.1590909090909,33,-238.0,41,26,2057.0
4357,1408.0938853704693,-1.59375,True,True,51,7,-9,522483,522462,522513,522475,522498,bp,168.25416666666666,23,-1234.0,21,30,3984.0
4358,943.4989069184472,-1.59375,True,True,54,42,-10,522535,522513,522567,522528,522543,bp,174.48214285714286,15,19.0,22,32,2207.0
4359,346.66616661002337,-1.59375,False,False,77,-21,29,522620,522567,522644,522600,522634,bp,58.07142857142857,34,-246.0,53,24,1099.0
4360,156.74852881152745,-1.59375,True,False,33,28,-15,522653,522644,522677,522647,522666,bp,66.09615384615384,19,-159.0,9,24,1221.0
4361,1016.423095022775,-1.59375,True,False,85,9,25,522732,522677,522762,522713,522741,bp,137.36257309941521,28,-1290.0,55,30,3554.0
4362,1682.6522180910547,-1.59375,True,True,56,2,-4,522788,522762,522818,522778,522804,bp,167.0375,26,-1502.0,26,30,4080.0
4363,1292.7420694669388,-1.59375,True,False,93,28,-29,522850,522818,522911,522832,522860,bp,107.27777777777777,28,2.0,32,61,3454.0
4364,1708.729082236762,-1.59375,True,False,52,12,-30,522922,522911,522963,522916,522945,bp,231.59420289855075,29,-49.0,11,41,4196.0
4365,1686.9256121694918,-1.59375,False,False,65,-3,17,523004,522963,523028,522986,523011,bp,123.42460317460316,25,-940.0,41,24,1676.0
4366,256.83021686956323,-1.59375,False,False,34,27,-14,523038,523028,523062,523033,523043,bp,148.3,10,-149.0,10,24,2101.0
4367,631.1831681994229,-1.59375,True,False,50,30,30,523102,523062,523112,523080,523106,bp,135.64772727272728,26,276.0,40,10,2333.0
4368,1324.2254467017808,-1.59375,True,False,84,13,30,523169,523112,523196,523162,523181,bp,190.80952380952382,19,-267.0,57,27,3553.0
4369,853.2940472734587,-1.59375,False,False,66,-12,14,523236,523196,523262,523213,523250,bp,72.2748447204969,37,-2170.0,40,26,1129.0
4370,1443.9360373054087,-1.59375,True,True,67,-10,-27,522298,522278,522345,522284,522324,bp,123.02747252747251,40,-5.0,20,47,3771.0
4371,1149.026967442688,-1.59375,True,True,53,2,-5,522369,522345,522398,522354,522382,bp,104.84871794871796,28,-689.0,24,29,2886.0
4372,1799.10987162918,-1.59375,True,True,68,13,-18,522423,522398,522466,522412,522439,bp,166.3465909090909,27,-2305.0,25,43,3615.0
4373,1320.2340537225998,-1.59375,True,True,47,8,-5,522487,522466,522513,522479,522494,bp,255.51785714285717,15,-2592.0,21,26,3541.0
4374,1014.8294621358267,-1.59375,True,True,53,-21,-5,522537,522513,522566,522517,522556,bp,75.35394736842105,39,-878.0,24,29,3570.0
4375,1179.7536054201394,-1.59375,True,True,62,-5,14,522604,522566,522628,522574,522608,bp,156.25833333333333,34,-1019.0,38,24,2351.0
4376,1020.4153361550644,-1.59375,True,False,57,37,-13,522650,522628,522685,522637,522665,bp,87.9794871794872,28,-1372.0,22,35,2640.0
4377,581.1747466517182,-1.59375,True,False,109,-15,37,522758,522685,522794,522730,522773,bp,71.69642857142857,43,-1696.0,73,36,2617.0
4378,1446.701252257065,-1.59375,True,False,35,6,-9,522807,522794,522829,522801,522821,bp,191.84523809523807,20,-2161.0,13,22,3802.0
4379,2092.6841677700595,-1.59375,True,False,66,6,-8,522858,522829,522895,522847,522874,bp,187.23011363636363,27,-2171.0,29,37,6660.0
4380,2020.565335392861,-1.59375,True,True,66,-6,-22,522917,522895,522961,522907,522940,bp,204.1717391304348,33,-1657.0,22,44,4179.0
4381,1549.5464109189686,-1.59375,True,True,51,0,-27,522973,522961,523012,522967,522995,bp,215.05303030303028,28,-1507.0,12,39,3133.0
4382,984.3435283186564,-1.59375,True,True,67,-1,-15,523038,523012,523079,523023,523060,bp,64.13939393939394,37,-594.0,26,41,3776.0
4383,1012.3640854557183,-1.59375,False,False,50,26,0,523104,523079,523129,523096,523110,bp,204.0,14,-1073.0,25,25,1958.0
4384,2459.671277998369,-1.59375,True,True,55,6,1,523157,523129,523184,523150,523172,bp,250.1523809523809,22,-2888.0,28,27,6986.0
4385,2957.8964209099104,-1.59375,True,True,63,12,-13,523209,523184,523247,523200,523224,bp,264.5,24,-2819.0,25,38,4316.0
4386,1791.6534431433865,2.21875,True,True,68,10,18,526155,526112,526180,526140,526166,bp,182.06666666666663,26,-1034.0,43,25,4698.0
4387,2055.4679831887233,2.21875,True,True,65,13,3,526214,526180,526245,526202,526231,bp,146.28676470588238,29,-594.0,34,31,3601.0
4388,2646.639250451577,2.21875,True,True,68,17,16,526287,526245,526313,526273,526298,bp,221.53246753246756,25,-2683.0,42,26,5343.0
4389,1818.7522606778186,2.21875,False,False,99,-7,15,526370,526313,526412,526340,526387,bp,153.32450980392156,47,-3816.0,57,42,7417.0
4390,1208.533550755776,2.21875,False,False,34,9,16,526437,526412,526446,526427,526442,bp,163.0,15,1184.0,25,9,2188.0
4391,999.553328595876,2.21875,True,False,66,-7,16,526487,526446,526512,526466,526501,bp,96.46428571428572,35,-366.0,41,25,2329.0
4392,909.6405543331688,2.21875,False,False,50,3,2,526538,526512,526562,526529,526550,bp,132.47222222222223,21,-895.0,26,24,2353.0
4393,349.1443389078156,2.21875,False,False,34,9,16,526587,526562,526596,526574,526591,bp,108.93269230769229,17,501.0,25,9,1748.0
4394,1260.7700350496125,2.21875,True,False,66,-1,8,526633,526596,526662,526617,526643,bp,102.81875,26,-894.0,37,29,2067.0
4395,512.4942282024518,2.21875,False,False,83,-25,-33,526687,526662,526745,526668,526727,bp,51.47368421052632,59,-430.0,25,58,5047.0
4396,2021.954214283368,2.21875,True,True,50,15,2,526771,526745,526795,526761,526783,bp,202.34166666666667,22,-483.0,26,24,3714.0
4397,2149.7864420893225,2.21875,True,True,67,-4,17,526837,526795,526862,526820,526853,bp,181.7720588235294,33,-3099.0,42,25,5859.0
4398,1531.2549469812554,2.21875,True,True,51,5,9,526892,526862,526913,526882,526906,bp,139.5142857142857,24,-712.0,30,21,2750.0
4399,498.60645841890397,2.21875,True,False,66,-3,14,526953,526913,526979,526935,526965,bp,70.0,30,-837.0,40,26,2092.0
4400,680.067062638404,2.21875,True,False,37,14,13,527004,526979,527016,526992,527009,bp,140.90833333333333,17,-1244.0,25,12,1786.0
4401,868.9617689864183,2.21875,True,False,62,12,12,527053,527016,527078,527040,527058,bp,141.32307692307694,18,-1525.0,37,25,2265.0
4402,1095.3854696119458,2.21875,True,True,51,-18,1,527104,527078,527129,527088,527123,bp,91.25657894736841,35,-2802.0,26,25,3055.0
4403,795.4960588699153,2.21875,True,True,67,-1,-15,526138,526112,526179,526125,526158,bp,109.06730769230771,33,-525.0,26,41,3579.0
4404,1070.7150673686047,2.21875,False,False,52,30,0,526205,526179,526231,526190,526214,bp,134.92222222222222,24,543.0,26,26,3274.0
4405,2218.8081228029737,2.21875,False,False,81,7,31,526287,526231,526312,526268,526297,bp,243.93684210526317,29,-3176.0,56,25,6233.0
4406,2379.0731844712577,2.21875,True,True,71,-5,5,526350,526312,526383,526333,526369,bp,161.21981424148606,36,-2248.0,38,33,6451.0
4407,1966.6920411087128,2.21875,True,True,56,5,12,526417,526383,526439,526400,526425,bp,143.91544117647058,25,920.0,34,22,3293.0
4408,1667.663873484251,2.21875,True,True,73,-6,-11,526470,526439,526512,526455,526490,bp,121.24166666666667,35,-860.0,31,42,3282.0
4409,1539.632322913807,2.21875,True,True,66,-4,-12,526539,526512,526578,526519,526558,bp,104.89605263157895,39,-2016.0,27,39,3941.0
4410,1053.3782680562426,2.21875,True,True,95,-22,-33,526609,526578,526673,526593,526650,bp,79.51524390243901,57,-1477.0,31,64,3451.0
4411,2122.082518991178,2.21875,True,True,61,-8,-1,526703,526673,526734,526685,526718,bp,153.35555555555555,33,-2409.0,30,31,5168.0
4412,1043.2255972818498,2.21875,True,True,61,-18,13,526771,526734,526795,526743,526788,bp,68.59138655462185,45,-664.0,37,24,2473.0
4413,1132.2549361009924,2.21875,True,True,67,0,19,526838,526795,526862,526815,526846,bp,141.3586956521739,31,-2321.0,43,24,3337.0
4414,849.7074166110367,2.21875,True,True,65,-12,17,526903,526862,526927,526877,526915,bp,75.10897435897436,38,-2289.0,41,24,2351.0
4415,480.64926874804604,2.21875,True,False,100,-34,-60,526947,526927,527027,526941,527004,bp,98.48684210526315,63,-2020.0,20,80,2281.0
4416,2004.4006971971014,2.21875,True,False,51,16,-29,527038,527027,527078,527033,527057,bp,292.7526315789473,24,-3756.0,11,40,6605.0
4417,2202.54967832432,2.21875,True,True,64,20,-10,527105,527078,527142,527097,527116,bp,292.33522727272725,19,-3271.0,27,37,4546.0
4418,488.37691683676326,-2.696969696969697,True,True,83,-9,3,530321,530278,530361,530304,530341,bp,59.30588235294118,37,-75.0,43,40,2100.0
4419,1000.2342973741704,-2.696969696969697,True,True,50,-19,2,530387,530361,530411,530369,530403,bp,83.3298611111111,34,-1322.0,26,24,2481.0
4420,895.0339269406894,-2.696969696969697,True,True,50,-14,2,530437,530411,530461,530418,530455,bp,77.38011695906431,37,-1449.0,26,24,2384.0
4421,616.8792328023012,-2.696969696969697,True,True,78,-5,6,530503,530461,530539,530478,530516,bp,105.1723076923077,38,-2501.0,42,36,4075.0
4422,1967.4932579754095,-2.696969696969697,True,True,51,-1,-19,530555,530539,530590,530549,530575,bp,176.89166666666665,26,-1325.0,16,35,3749.0
4423,1665.8069135518695,-2.696969696969697,True,True,71,-1,-11,530620,530590,530661,530600,530640,bp,123.65,40,-2529.0,30,41,4697.0
4424,1646.7119068604943,-2.696969696969697,False,False,67,0,17,530703,530661,530728,530679,530709,bp,214.5,30,-1705.0,42,25,4241.0
4425,781.9061803814409,-2.696969696969697,False,False,67,4,-17,530753,530728,530795,530739,530771,bp,68.74603174603175,32,508.0,25,42,2887.0
4426,1146.6371710982366,-2.696969696969697,True,True,66,7,-16,530820,530795,530861,530807,530840,bp,94.93653846153845,33,636.0,25,41,3890.0
4427,2220.043243919685,-2.696969696969697,True,True,63,-2,11,530898,530861,530924,530880,530907,bp,215.72222222222226,27,-2095.0,37,26,4951.0
4428,1319.2626333315586,-2.696969696969697,True,True,70,0,-12,530953,530924,530994,530932,530967,bp,128.0119047619048,35,-1429.0,29,41,3979.0
4429,915.8563930373532,-2.696969696969697,True,True,73,-29,11,531036,530994,531067,531002,531056,bp,59.647058823529406,54,-1754.0,42,31,2472.0
4430,2155.568207176098,-2.696969696969697,True,True,61,7,-3,531096,531067,531128,531081,531106,bp,164.0333333333334,25,-3122.0,29,32,4120.0
4431,2506.8331834185133,-2.696969696969697,True,True,51,1,1,531154,531128,531179,531138,531161,bp,275.7232142857143,23,-5674.0,26,25,5363.0
4432,1235.1370157899596,-2.696969696969697,False,False,66,1,-18,531203,531179,531245,531185,531226,bp,82.11714975845409,41,-3135.0,24,42,4071.0
4433,125.990676367888,-2.696969696969697,False,False,49,-9,27,531283,531245,531294,531268,531290,bp,71.77142857142857,22,-926.0,38,11,1349.0
4434,2003.161866803684,-2.696969696969697,False,False,69,-1,15,530348,530306,530375,530333,530358,bp,180.88333333333333,25,-941.0,42,27,4063.0
4435,1872.3288195500836,-2.696969696969697,True,True,53,4,-21,530391,530375,530428,530382,530409,bp,203.5,27,-1182.0,16,37,5474.0
4436,1306.999443745681,-2.696969696969697,True,True,55,14,1,530456,530428,530483,530440,530462,bp,172.11458333333331,22,1094.0,28,27,2944.0
4437,1905.4261469052656,-2.696969696969697,True,True,57,-5,-11,530506,530483,530540,530498,530527,bp,205.41964285714286,29,-219.0,23,34,3460.0
4438,2066.7739420616194,-2.696969696969697,True,True,56,-1,4,530570,530540,530596,530551,530582,bp,168.32236842105263,31,-1469.0,30,26,5407.0
4439,3085.039082993407,-2.696969696969697,True,True,66,7,-12,530623,530596,530662,530612,530643,bp,248.37727272727275,31,-2020.0,27,39,6768.0
4440,3423.285556750808,-2.696969696969697,False,False,70,-2,-6,530694,530662,530732,530681,530715,bp,252.7692307692308,34,-3380.0,32,38,7744.0
4441,538.3685796847295,-2.696969696969697,False,False,46,-1,-4,530753,530732,530778,530747,530766,bp,99.30128205128206,19,2172.0,21,25,993.0
4442,1537.2485725858444,-2.696969696969697,False,False,66,18,-26,530798,530778,530844,530784,530815,bp,150.77941176470586,31,-1681.0,20,46,4110.0
4443,1440.1505437194144,-2.696969696969697,True,False,51,-1,1,530870,530844,530895,530864,530882,bp,201.08333333333331,18,-746.0,26,25,3674.0
4444,392.97357329933413,-2.696969696969697,True,False,33,20,-13,530905,530895,530928,530899,530914,bp,158.22222222222226,15,1057.0,10,23,2787.0
4445,445.49223902956993,-2.696969696969697,False,False,67,22,-15,530954,530928,530995,530949,530972,bp,186.23888888888888,23,1456.0,26,41,2141.0
4446,1776.9196555177532,-2.696969696969697,False,False,69,13,7,531033,530995,531064,531017,531041,bp,181.21875,24,-2017.0,38,31,3528.0
4447,1953.8005693190387,-2.696969696969697,True,True,48,22,-4,531086,531064,531112,531078,531094,bp,291.125,16,-3004.0,22,26,5241.0
4448,2638.621274105783,-2.696969696969697,True,True,65,1,-7,531141,531112,531177,531132,531159,bp,197.8333333333333,27,-2232.0,29,36,5742.0
4449,2922.580225796086,-2.696969696969697,True,True,51,10,1,531203,531177,531228,531187,531211,bp,298.40625,24,-3211.0,26,25,5838.0
4450,1898.4111161330984,-2.696969696969697,True,True,63,24,17,531268,531228,531291,531245,531275,bp,185.9099378881988,30,-1670.0,40,23,3797.0
4451,1543.9820763309992,0.9666666666666667,True,True,68,2,-18,534419,534394,534462,534401,534436,bp,120.35457516339869,35,-2069.0,25,43,3849.0
4452,1309.6149301215,0.9666666666666667,True,True,49,21,-13,534480,534462,534511,534473,534493,bp,166.54395604395603,20,-876.0,18,31,3819.0
4453,3354.1110136789666,0.9666666666666667,True,True,66,29,0,534544,534511,534577,534534,534558,bp,292.3857142857143,24,-3101.0,33,33,6623.0
4454,2450.277468564654,0.9666666666666667,True,False,107,12,9,534635,534577,534684,534611,534647,bp,277.3541666666667,36,-5430.0,58,49,8832.0
4455,3196.697643874013,0.9666666666666667,True,False,50,29,-12,534703,534684,534734,534695,534716,bp,334.85096153846155,21,-2391.0,19,31,6424.0
4456,1218.7591211032102,0.9666666666666667,True,False,111,-11,-15,534782,534734,534845,534766,534824,bp,117.91666666666666,58,-977.0,48,63,3942.0
4457,451.22540211118684,0.9666666666666667,False,False,83,-4,33,534903,534845,534928,534871,534913,bp,71.24375,42,-142.0,58,25,2116.0
4458,2327.3608604181322,0.9666666666666667,False,False,69,12,13,534969,534928,534997,534951,534975,bp,280.5555555555556,24,-3458.0,41,28,5071.0
4459,962.4902477080792,0.9666666666666667,False,False,48,8,4,535023,534997,535045,535011,535031,bp,117.72916666666666,20,-366.0,26,22,2441.0
4460,137.4901728655581,0.9666666666666667,False,False,68,-20,14,535086,535045,535113,535059,535098,bp,20.125,39,-341.0,41,27,380.0
4461,928.2872593261467,0.9666666666666667,False,False,49,1,-17,535129,535113,535162,535117,535142,bp,109.08974358974359,25,-1324.0,16,33,4019.0
4462,970.1369014159084,0.9666666666666667,True,True,64,-17,-16,535186,535162,535226,535168,535208,bp,69.73484848484848,40,19.0,24,40,2951.0
4463,1238.3279499774915,0.9666666666666667,True,True,51,24,-5,535249,535226,535277,535231,535259,bp,114.15,28,170.0,23,28,2860.0
4464,1166.7921208688813,0.9666666666666667,True,True,67,1,17,535319,535277,535344,535311,535337,bp,171.30555555555554,26,-983.0,42,25,2756.0
4465,335.9852563537812,0.9666666666666667,False,False,57,-7,25,534368,534327,534384,534349,534373,bp,113.85789473684211,24,238.0,41,16,1766.0
4466,396.1808445830247,0.9666666666666667,False,False,44,-5,-16,534398,534384,534428,534390,534412,bp,92.83035714285714,22,139.0,14,30,1045.0
4467,139.7532800188079,0.9666666666666667,False,False,16,1,8,534440,534428,534444,534429,534442,bp,63.36363636363636,13,771.0,12,4,513.0
4468,345.06468735450613,0.9666666666666667,False,False,52,26,0,534470,534444,534496,534456,534481,bp,82.20454545454545,25,-390.0,26,26,2288.0
4469,1461.7491136398926,0.9666666666666667,False,False,84,12,-2,534537,534496,534580,534532,534559,bp,190.85909090909092,27,-748.0,41,43,5409.0
4470,901.7964848722172,0.9666666666666667,True,True,92,-32,22,534637,534580,534672,534598,534655,bp,76.52350427350427,57,-371.0,57,35,3194.0
4471,538.7567574544487,0.9666666666666667,False,False,90,-12,10,534722,534672,534762,534680,534745,bp,45.6583850931677,65,-498.0,50,40,1570.0
4472,1021.2281013116024,0.9666666666666667,True,True,82,29,2,534804,534762,534844,534798,534820,bp,164.16666666666669,22,-1529.0,42,40,3358.0
4473,685.2967676595476,0.9666666666666667,True,True,84,-3,0,534886,534844,534928,534871,534904,bp,84.03888888888889,33,-1037.0,42,42,3735.0
4474,966.750432867982,0.9666666666666667,False,False,35,1,13,534952,534928,534963,534934,534956,bp,91.0,22,-846.0,24,11,934.0
4475,471.17081982555254,0.9666666666666667,False,False,81,2,-5,535001,534963,535044,534979,535014,bp,70.95454545454545,35,-2201.0,38,43,2847.0
4476,492.1642328679029,0.9666666666666667,False,False,33,22,-5,535058,535044,535077,535051,535066,bp,126.125,15,-613.0,14,19,2414.0
4477,1094.558733937855,0.9666666666666667,True,False,67,6,29,535125,535077,535144,535103,535137,bp,89.25757575757574,34,-1140.0,48,19,3488.0
4478,897.6130033111365,0.9666666666666667,True,True,88,4,-6,535185,535144,535232,535177,535208,bp,138.08423913043478,31,-831.0,41,47,3514.0
4479,775.3825973278864,0.9666666666666667,True,True,68,42,-28,535252,535232,535300,535243,535265,bp,94.33333333333334,22,136.0,20,48,1835.0
4480,823.0521472587873,0.9666666666666667,True,True,78,4,-12,535333,535300,535378,535329,535355,bp,230.20454545454544,26,-510.0,33,45,3287.0
4481,640.1024484033177,0.5172413793103449,True,False,81,18,-35,538103,538080,538161,538092,538126,bp,83.43675889328063,34,1664.0,23,58,2149.0
4482,1243.4876502226398,0.5172413793103449,False,False,50,31,0,538186,538161,538211,538178,538197,bp,150.51704545454544,19,1325.0,25,25,3004.0
4483,3467.823727410438,0.5172413793103449,False,False,84,16,32,538269,538211,538295,538247,538277,bp,361.5284090909091,30,-4884.0,58,26,8019.0
4484,2661.1221948157136,0.5172413793103449,True,True,82,9,2,538337,538295,538377,538323,538354,bp,203.75,31,-2646.0,42,40,6461.0
4485,1079.689069632767,0.5172413793103449,False,False,68,-20,18,538420,538377,538445,538394,538431,bp,147.96853146853147,37,-1516.0,43,25,4269.0
4486,595.8680909842609,0.5172413793103449,False,False,49,-2,-1,538469,538445,538494,538448,538482,bp,57.73443223443224,34,758.0,24,25,1656.0
4487,1384.6234823452605,0.5172413793103449,False,False,66,23,-12,538521,538494,538560,538514,538539,bp,170.35714285714286,25,-982.0,27,39,3238.0
4488,1472.2034311312811,0.5172413793103449,True,True,82,26,2,538602,538560,538642,538587,538608,bp,250.61666666666667,21,-1443.0,42,40,5266.0
4489,1064.4852345854815,0.5172413793103449,False,False,56,12,30,538685,538642,538698,538655,538691,bp,106.28333333333332,36,698.0,43,13,2139.0
4490,996.6196873183158,0.5172413793103449,False,False,100,-18,42,538769,538698,538798,538739,538786,bp,79.08823529411767,47,-1778.0,71,29,3244.0
4491,1090.3176418258445,0.5172413793103449,True,True,63,12,-21,538819,538798,538861,538815,538842,bp,195.90217391304347,27,-1107.0,21,42,3203.0
4492,1301.80403665261,0.5172413793103449,True,True,73,4,9,538902,538861,538934,538881,538920,bp,76.67857142857143,39,-1365.0,41,32,2860.0
4493,2034.0451989594567,0.5172413793103449,True,True,76,-2,2,538973,538934,539010,538963,538993,bp,194.975,30,-3509.0,39,37,5401.0
4494,1374.1952542740935,0.5172413793103449,True,True,66,14,-14,539036,539010,539076,539021,539052,bp,95.04375,31,-1123.0,26,40,2804.0
4495,2319.519700219988,0.5172413793103449,False,False,49,-8,-9,538098,538078,538127,538086,538121,bp,173.7427536231884,35,-1312.0,20,29,2715.0
4496,672.9543944894348,0.5172413793103449,True,False,84,2,-32,538153,538127,538211,538148,538189,bp,158.99722222222226,41,-1212.0,26,58,2846.0
4497,1839.682594586924,0.5172413793103449,True,True,82,5,2,538253,538211,538293,538232,538266,bp,162.42490842490844,34,-2735.0,42,40,5661.0
4498,1878.491470991196,0.5172413793103449,True,True,51,13,1,538319,538293,538344,538305,538328,bp,192.5515873015873,23,-1331.0,26,25,4246.0
4499,2430.689241037286,0.5172413793103449,True,True,72,19,-12,538374,538344,538416,538364,538387,bp,243.4653846153846,23,-2720.0,30,42,5391.0
4500,2665.8034944606584,0.5172413793103449,True,True,77,15,-5,538452,538416,538493,538429,538461,bp,226.15700483091788,32,-3602.0,36,41,5429.0
4501,1036.5348483128882,0.5172413793103449,False,False,85,-9,3,538537,538493,538578,538508,538553,bp,91.89008620689656,45,-3501.0,44,41,3249.0
4502,388.90237255438797,0.5172413793103449,False,False,82,-26,-26,538606,538578,538660,538589,538641,bp,37.81680672268907,52,-1392.0,28,54,3332.0
4503,1120.1973519766987,0.5172413793103449,True,True,51,-13,-1,538685,538660,538711,538667,538705,bp,84.56944444444444,38,-1015.0,25,26,3263.0
4504,1040.4851169681583,0.5172413793103449,False,False,50,-3,20,538746,538711,538761,538730,538756,bp,103.61875,26,-1801.0,35,15,1482.0
4505,1211.0301257999145,0.5172413793103449,True,True,50,3,0,538786,538761,538811,538779,538803,bp,153.44957983193277,24,-3232.0,25,25,3552.0
4506,433.88427021072573,0.5172413793103449,False,False,40,20,10,538836,538811,538851,538830,538841,bp,155.21666666666667,11,-1642.0,25,15,1468.0
4507,1191.2732088180635,0.5172413793103449,False,False,72,14,-2,538886,538851,538923,538872,538898,bp,141.98214285714286,26,-3235.0,35,37,3529.0
4508,1030.1213954830953,0.5172413793103449,True,True,72,-20,18,538968,538923,538995,538938,538985,bp,83.91078431372549,47,-3000.0,45,27,3985.0
4509,1558.295342661528,0.5172413793103449,True,True,62,26,-6,539023,538995,539057,539012,539029,bp,236.90151515151518,17,-3037.0,28,34,3148.0
4510,407.1334833893121,1.457142857142857,False,False,67,-34,51,542253,542194,542261,542205,542259,bp,15.822916666666668,54,2882.0,59,8,171.0
4511,674.9511952054752,1.457142857142857,False,False,49,27,-1,542285,542261,542310,542279,542298,bp,155.76923076923075,19,309.0,24,25,2106.0
4512,1179.3338929257382,1.457142857142857,True,False,83,31,1,542352,542310,542393,542344,542364,bp,185.97916666666669,20,-1269.0,42,41,3350.0
4513,345.37387883326625,1.457142857142857,False,False,83,6,1,542435,542393,542476,542415,542449,bp,36.20357142857143,34,-679.0,42,41,1356.0
4514,676.33637385888,1.457142857142857,False,False,52,12,0,542502,542476,542528,542489,542505,bp,242.83333333333331,16,-786.0,26,26,3085.0
4515,424.17357046082464,1.457142857142857,False,False,32,10,-18,542535,542528,542560,542533,542548,bp,220.11538461538458,15,959.0,7,25,1802.0
4516,358.6218209225857,1.457142857142857,True,True,50,-2,2,542586,542560,542610,542573,542598,bp,67.99038461538461,25,965.0,26,24,1472.0
4517,112.61393901392138,1.457142857142857,True,False,67,-25,17,542652,542610,542677,542621,542664,bp,39.07258064516129,43,-120.0,42,25,1389.0
4518,204.91722850358462,1.457142857142857,True,False,33,11,-17,542685,542677,542710,542682,542697,bp,178.20833333333337,15,24.0,8,25,2072.0
4519,357.111932427592,1.457142857142857,True,False,34,22,14,542734,542710,542744,542723,542740,bp,86.53787878787878,17,870.0,24,10,1805.0
4520,802.0611885876283,1.457142857142857,True,False,83,18,3,542787,542744,542827,542779,542804,bp,104.65441176470587,25,686.0,43,40,2661.0
4521,894.284234242112,1.457142857142857,False,False,67,-26,21,542871,542827,542894,542847,542887,bp,58.30208333333334,40,-103.0,44,23,1731.0
4522,1314.9523861631938,1.457142857142857,False,False,62,-10,12,542931,542894,542956,542901,542941,bp,103.01666666666668,40,-2013.0,37,25,3085.0
4523,608.4023362099006,1.457142857142857,True,False,55,12,5,542986,542956,543011,542971,542998,bp,56.975,27,-865.0,30,25,2186.0
4524,275.46967521840884,1.457142857142857,False,False,116,-30,0,543069,543011,543127,543037,543099,bp,33.090625,62,-1226.0,58,58,3560.0
4525,763.3360037121863,1.457142857142857,False,False,48,1,-30,543136,543127,543175,543131,543159,bp,99.4391304347826,28,1146.0,9,39,2993.0
4526,1243.87411186514,1.457142857142857,False,False,55,33,-5,542186,542161,542216,542176,542197,bp,162.57727272727269,21,1176.0,25,30,3436.0
4527,785.4365927367795,1.457142857142857,False,False,91,5,15,542269,542216,542307,542251,542281,bp,60.13888888888889,30,398.0,53,38,1600.0
4528,1504.760540954383,1.457142857142857,False,False,37,2,9,542330,542307,542344,542316,542338,bp,135.05357142857144,22,-1355.0,23,14,2896.0
4529,1014.0309587315494,1.457142857142857,True,False,67,19,-15,542370,542344,542411,542362,542381,bp,142.125,19,-867.0,26,41,2937.0
4530,1254.9025461933445,1.457142857142857,True,True,50,-11,0,542436,542411,542461,542419,542454,bp,84.56209150326795,35,-151.0,25,25,3689.0
4531,900.4009767699325,1.457142857142857,False,False,40,4,10,542486,542461,542501,542478,542492,bp,151.66666666666666,14,372.0,25,15,1262.0
4532,169.34020688115538,1.457142857142857,True,False,43,21,-7,542519,542501,542544,542510,542530,bp,26.560606060606066,20,524.0,18,25,1213.0
4533,135.39128053355344,1.457142857142857,True,False,50,-2,32,542585,542544,542594,542571,542589,bp,171.17857142857144,18,-523.0,41,9,2136.0
4534,100.14988554035013,1.457142857142857,True,False,33,-3,13,542617,542594,542627,542605,542621,bp,84.95833333333334,16,-290.0,23,10,1099.0
4535,220.3852699272605,1.457142857142857,True,False,37,-5,-19,542636,542627,542664,542634,542657,bp,151.4047619047619,23,-220.0,9,28,1201.0
4536,782.1950787304975,1.457142857142857,False,False,47,16,-3,542686,542664,542711,542675,542691,bp,163.23636363636362,16,-419.0,22,25,3130.0
4537,766.1650841542614,1.457142857142857,True,True,53,-11,-7,542734,542711,542764,542723,542756,bp,62.86363636363636,33,232.0,23,30,2062.0
4538,579.6002835932858,1.457142857142857,True,True,61,18,-17,542786,542764,542825,542778,542799,bp,122.0721153846154,21,-307.0,22,39,2806.0
4539,768.6893989150916,1.457142857142857,True,True,70,-2,16,542868,542825,542895,542838,542874,bp,108.98333333333332,36,-463.0,43,27,2219.0
4540,618.2600307022366,1.457142857142857,True,True,65,-28,-17,542919,542895,542960,542908,542952,bp,78.74242424242425,44,-355.0,24,41,2935.0
4541,1298.112323803381,1.457142857142857,True,True,51,8,-1,542985,542960,543011,542968,542991,bp,175.5392156862745,23,-1530.0,25,26,2962.0
4542,627.4794211870851,1.457142857142857,True,False,82,-27,24,543064,543011,543093,543022,543073,bp,117.1904761904762,51,-2025.0,53,29,3815.0
4543,715.1509233197162,1.457142857142857,True,False,30,14,-12,543102,543093,543123,543097,543106,bp,279.65,9,-1117.0,9,21,1944.0
4544,704.4125536350213,1.457142857142857,True,False,52,-4,-26,543136,543123,543175,543129,543158,bp,96.52922077922076,29,-865.0,13,39,2947.0
4545,1763.4133250973262,2.257142857142857,True,True,83,10,1,546519,546477,546560,546504,546536,bp,179.43529411764706,32,-2328.0,42,41,6374.0
4546,1413.3892569232064,2.257142857142857,True,True,67,0,19,546603,546560,546627,546578,546614,bp,130.9,36,-709.0,43,24,4157.0
4547,1801.003426901071,2.257142857142857,True,True,66,1,16,546668,546627,546693,546650,546675,bp,213.8809523809524,25,34.0,41,25,4684.0
4548,2239.4417206121498,2.257142857142857,True,True,50,3,-4,546716,546693,546743,546701,546724,bp,246.75833333333333,23,-1749.0,23,27,4264.0
4549,710.6539510701277,2.257142857142857,False,False,39,16,11,546768,546743,546782,546750,546773,bp,131.81666666666666,23,261.0,25,14,2293.0
4550,1780.8303450062142,2.257142857142857,False,False,62,9,14,546820,546782,546844,546812,546834,bp,236.42857142857144,22,-2105.0,38,24,4962.0
4551,894.0030321438849,2.257142857142857,True,False,103,-48,47,546919,546844,546947,546865,546936,bp,67.69771241830065,71,360.0,75,28,4765.0
4552,2727.1625403077787,2.257142857142857,True,False,47,-11,-3,546969,546947,546994,546959,546987,bp,238.7,28,-2013.0,22,25,3776.0
4553,989.5834174963808,2.257142857142857,True,True,49,14,-1,547018,546994,547043,547004,547023,bp,178.84285714285718,19,-2155.0,24,25,2418.0
4554,601.7032223347467,2.257142857142857,True,True,79,-6,1,547083,547043,547122,547056,547096,bp,89.05982905982907,40,-1995.0,40,39,2569.0
4555,747.3995197063422,2.257142857142857,False,False,55,-28,-27,547136,547122,547177,547130,547170,bp,119.95098039215685,40,-1672.0,14,41,2876.0
4556,537.8822344029145,2.257142857142857,False,False,39,11,-1,547196,547177,547216,547182,547206,bp,76.52142857142857,24,135.0,19,20,2537.0
4557,3087.3900476444323,2.257142857142857,False,False,60,17,12,547252,547216,547276,547241,547263,bp,290.3636363636364,22,-3525.0,36,24,7220.0
4558,1008.3343128313251,2.257142857142857,True,True,70,3,18,547320,547276,547346,547302,547327,bp,148.78571428571428,25,-636.0,44,26,2511.0
4559,690.0791763953438,2.257142857142857,True,True,47,23,-3,547368,547346,547393,547355,547380,bp,107.98076923076924,25,330.0,22,25,2954.0
4560,471.16218112187653,2.257142857142857,True,False,53,8,31,547435,547393,547446,547428,547440,bp,185.17142857142858,12,190.0,42,11,1736.0
4561,340.22446913347335,2.257142857142857,False,False,32,12,12,547468,547446,547478,547460,547471,bp,160.79166666666666,11,-1237.0,22,10,738.0
4562,2775.367180637169,2.257142857142857,True,True,61,5,-5,546522,546494,546555,546513,546536,bp,270.2857142857143,23,-3517.0,28,33,6333.0
4563,2321.4957220845195,2.257142857142857,True,True,57,13,-19,546574,546555,546612,546564,546590,bp,186.50625,26,-2200.0,19,38,4046.0
4564,1624.3555318862948,2.257142857142857,True,True,70,-7,2,546648,546612,546682,546629,546666,bp,110.30555555555556,37,-1042.0,36,34,4854.0
4565,2399.228959411669,2.257142857142857,True,True,68,2,6,546719,546682,546750,546696,546726,bp,208.40372670807454,30,-2834.0,37,31,4116.0
4566,906.3720101635284,2.257142857142857,True,True,55,30,-23,546766,546750,546805,546758,546771,bp,209.2375,13,-1304.0,16,39,2873.0
4567,1049.161789357782,2.257142857142857,True,True,39,5,-9,546820,546805,546844,546814,546838,bp,137.83333333333331,24,-973.0,15,24,2448.0
4568,405.1684279483928,2.257142857142857,True,False,49,-1,25,546881,546844,546893,546867,546885,bp,76.28571428571428,18,-249.0,37,12,1019.0
4569,857.7889905063847,2.257142857142857,False,False,49,8,-9,546913,546893,546942,546902,546922,bp,109.48484848484848,20,-634.0,20,29,3140.0
4570,1668.0962205198512,2.257142857142857,True,True,51,-9,7,546971,546942,546993,546950,546978,bp,175.5,28,-942.0,29,22,3872.0
4571,1052.2847477407745,2.257142857142857,True,True,50,16,0,547018,546993,547043,546997,547023,bp,147.09047619047618,26,-544.0,25,25,2006.0
4572,2148.4296711037805,2.257142857142857,True,True,68,3,-12,547071,547043,547111,547065,547094,bp,243.32608695652172,29,-2156.0,28,40,6805.0
4573,2538.328713451232,2.257142857142857,False,False,48,13,0,547135,547111,547159,547126,547140,bp,313.1,14,-2838.0,24,24,2159.0
4574,819.3942389939847,2.257142857142857,False,False,51,11,-31,547169,547159,547210,547167,547190,bp,201.1309523809524,23,-1722.0,10,41,4296.0
4575,3064.2913422651545,2.257142857142857,True,True,67,3,-15,547236,547210,547277,547224,547252,bp,262.875,28,-4399.0,26,41,7526.0
4576,1882.5529552666544,2.257142857142857,True,True,50,12,-2,547301,547277,547327,547283,547308,bp,206.468253968254,25,-952.0,24,26,4303.0
4577,784.3459044412206,2.257142857142857,True,True,49,2,1,547352,547327,547376,547345,547363,bp,151.94155844155844,18,643.0,25,24,2245.0
4578,840.4048605446402,2.257142857142857,False,False,40,4,10,547401,547376,547416,547383,547408,bp,82.52380952380952,25,-163.0,25,15,1266.0
4579,319.28153402515125,2.257142857142857,True,True,60,17,10,547451,547416,547476,547437,547458,bp,81.92857142857143,21,-465.0,35,25,1790.0
4580,375.4080103437742,2.1515151515151514,True,False,82,33,-32,550702,550677,550759,550694,550724,bp,78.61931818181819,30,2158.0,25,57,2802.0
4581,2115.855785865745,2.1515151515151514,True,True,68,14,16,550801,550759,550827,550787,550811,bp,234.7142857142857,24,-576.0,42,26,5415.0
4582,1814.543851034288,2.1515151515151514,False,False,82,30,0,550868,550827,550909,550849,550876,bp,157.9703947368421,27,1333.0,41,41,3670.0
4583,3563.446338328148,2.1515151515151514,False,False,83,8,-7,550947,550909,550992,550933,550960,bp,327.3461538461538,27,-4391.0,38,45,7985.0
4584,517.1217541075835,2.1515151515151514,False,False,35,15,-17,551001,550992,551027,550995,551013,bp,73.375,18,2504.0,9,26,1994.0
4585,1964.393800355425,2.1515151515151514,False,False,60,3,-8,551053,551027,551087,551046,551070,bp,227.64705882352942,24,-14.0,26,34,3887.0
4586,1028.1423325727403,2.1515151515151514,False,False,72,-9,-8,551119,551087,551159,551097,551140,bp,88.07575757575756,43,-715.0,32,40,2871.0
4587,714.5691304800392,2.1515151515151514,False,False,67,-19,-15,551185,551159,551226,551174,551219,bp,60.56951871657755,45,1506.0,26,41,3658.0
4588,1840.8187161162118,2.1515151515151514,False,False,67,-14,17,551268,551226,551293,551245,551285,bp,104.37340153452685,40,-932.0,42,25,2455.0
4589,1834.6276830225972,2.1515151515151514,False,False,54,-8,18,551329,551293,551347,551311,551338,bp,173.63888888888889,27,-4256.0,36,18,2924.0
4590,487.65169396199514,2.1515151515151514,False,False,46,29,-4,551368,551347,551393,551357,551373,bp,128.3,16,-1597.0,21,25,2874.0
4591,1665.3614298445832,2.1515151515151514,True,True,67,21,17,551435,551393,551460,551418,551452,bp,99.29411764705885,34,-3658.0,42,25,5190.0
4592,3048.866521138844,2.1515151515151514,False,False,99,6,21,551520,551460,551559,551507,551535,bp,297.8,28,-7720.0,60,39,7547.0
4593,737.7062514250757,2.1515151515151514,False,False,100,-11,-48,551585,551559,551659,551569,551629,bp,76.64204545454545,60,-3698.0,26,74,3042.0
4594,1186.3260301639987,2.1515151515151514,False,False,50,-1,2,551685,551659,551709,551678,551703,bp,164.40873015873018,25,-4284.0,26,24,1822.0
4595,2038.447151291573,2.1515151515151514,False,False,57,23,21,550731,550692,550749,550711,550739,bp,165.0375,28,3693.0,39,18,4047.0
4596,3702.277312457348,2.1515151515151514,False,False,90,18,14,550801,550749,550839,550790,550810,bp,434.93434343434336,20,-1966.0,52,38,7717.0
4597,1523.258513245673,2.1515151515151514,False,False,55,0,3,550868,550839,550894,550848,550887,bp,85.70789473684209,39,2280.0,29,26,3398.0
4598,380.9083477561702,2.1515151515151514,False,False,60,3,22,550935,550894,550954,550926,550942,bp,137.1984126984127,16,3014.0,41,19,903.0
4599,830.5508326474029,2.1515151515151514,False,False,38,-6,-6,550970,550954,550992,550961,550986,bp,105.27777777777777,25,1771.0,16,22,2652.0
4600,372.7900146559507,2.1515151515151514,False,False,40,8,12,551018,550992,551032,551005,551023,bp,118.31538461538462,18,3143.0,26,14,1796.0
4601,1575.4797432069947,2.1515151515151514,False,False,60,-1,12,551068,551032,551092,551049,551077,bp,150.73976608187138,28,1280.0,36,24,3510.0
4602,1149.7842182763593,2.1515151515151514,True,True,48,-16,6,551119,551092,551140,551104,551133,bp,100.38571428571429,29,522.0,27,21,2857.0
4603,856.8985858171236,2.1515151515151514,False,False,66,-2,-8,551169,551140,551206,551146,551189,bp,61.13152173913043,43,1810.0,29,37,3471.0
4604,930.7533116692207,2.1515151515151514,True,False,86,-15,6,551252,551206,551292,551230,551272,bp,73.06590909090909,42,2049.0,46,40,2857.0
4605,1667.9048034668829,2.1515151515151514,True,False,45,11,-5,551312,551292,551337,551299,551318,bp,179.8717948717949,19,462.0,20,25,2779.0
4606,1546.5640763771662,2.1515151515151514,True,True,57,6,3,551367,551337,551394,551348,551374,bp,163.6390977443609,26,-477.0,30,27,3586.0
4607,2216.8111080871377,2.1515151515151514,True,True,60,3,-8,551420,551394,551454,551406,551432,bp,165.88690476190476,26,-655.0,26,34,4661.0
4608,583.2644527945812,2.1515151515151514,False,False,25,17,3,551468,551454,551479,551461,551474,bp,116.15476190476191,13,1562.0,14,11,753.0
4609,844.7793616079844,2.1515151515151514,False,False,80,-4,22,551530,551479,551559,551504,551545,bp,108.10256410256409,41,-770.0,51,29,4115.0
4610,1020.4779355976711,2.1515151515151514,True,False,67,-22,23,551604,551559,551626,551582,551621,bp,70.87700534759358,39,-7.0,45,22,2327.0
4611,531.6934836584976,2.1515151515151514,True,False,34,12,6,551646,551626,551660,551638,551652,bp,156.5625,14,0.0,20,14,2809.0
4612,745.3778626516458,2.1515151515151514,True,False,67,-11,-7,551690,551660,551727,551678,551712,bp,78.625,34,742.0,30,37,1799.0
4613,1299.6747687455222,4.75,True,True,52,-9,2,562602,562575,562627,562589,562620,bp,99.02136752136751,31,-800.0,27,25,3226.0
4614,501.1804440083197,4.75,False,False,47,5,-1,562650,562627,562674,562642,562663,bp,93.53846153846158,21,532.0,23,24,1121.0
4615,821.8793024461144,4.75,False,False,51,13,-1,562699,562674,562725,562689,562706,bp,136.95714285714286,17,-810.0,25,26,2424.0
4616,238.69788362525583,4.75,True,True,33,-1,15,562749,562725,562758,562736,562754,bp,74.9,18,-18.0,24,9,928.0
4617,660.2723724072017,4.75,False,False,83,-9,-1,562799,562758,562841,562771,562813,bp,104.57142857142858,42,-689.0,41,42,4450.0
4618,734.3678862174593,4.75,False,False,34,-2,14,562865,562841,562875,562846,562871,bp,93.08771929824562,25,1880.0,24,10,1718.0
4619,857.6768505687097,4.75,True,False,56,-12,16,562911,562875,562931,562894,562922,bp,68.46791443850267,28,1445.0,36,20,1727.0
4620,563.009612027182,4.75,True,False,31,-4,7,562950,562931,562962,562938,562956,bp,111.20833333333334,18,745.0,19,12,1573.0
4621,297.3833888693178,4.75,False,False,43,-20,7,562987,562962,563005,562970,563000,bp,44.579185520361996,30,393.0,25,18,803.0
4622,836.7130469415563,4.75,False,False,52,-5,4,563033,563005,563057,563010,563048,bp,78.05797101449275,38,-797.0,28,24,3015.0
4623,359.70931359179986,4.75,False,False,51,-8,35,563100,563057,563108,563081,563105,bp,61.08947368421053,24,-24.0,43,8,829.0
4624,492.81227878699247,4.75,False,False,66,7,16,563149,563108,563174,563121,563154,bp,121.32142857142857,33,-1166.0,41,25,2326.0
4625,64.56741399079755,2.2564102564102564,True,False,34,8,14,563198,563174,563208,563194,563203,bp,171.625,9,-276.0,24,10,1575.0
4626,579.9025291217616,2.2564102564102564,True,False,66,-15,18,563250,563208,563274,563220,563257,bp,94.23809523809523,37,-1641.0,42,24,2131.0
4627,509.5963156454504,2.2564102564102564,True,False,51,-20,-31,563284,563274,563325,563279,563320,bp,114.35,41,-1276.0,10,41,2207.0
4628,996.4454395043996,2.2564102564102564,True,True,66,-2,16,563366,563325,563391,563341,563373,bp,133.02,32,-2027.0,41,25,3361.0
4629,933.172335923172,2.2564102564102564,True,True,67,-29,7,563428,563391,563458,563403,563451,bp,58.12173913043478,48,-1614.0,37,30,3189.0
4630,1143.4713239093992,2.2564102564102564,True,True,47,2,3,563483,563458,563505,563470,563494,bp,138.66783216783216,24,-2220.0,25,22,2339.0
4631,329.8721880640716,2.2564102564102564,True,True,37,-1,17,563532,563505,563542,563520,563537,bp,140.275,17,-2265.0,27,10,1882.0
4632,525.21050907721,2.2564102564102564,True,False,45,3,5,563567,563542,563587,563553,563572,bp,112.08571428571429,19,-2768.0,25,20,1732.0
4633,992.7147702804835,4.75,True,True,50,2,2,562617,562591,562641,562602,562622,bp,182.03333333333333,20,-2010.0,26,24,3233.0
4634,880.7567815379978,4.75,True,False,49,-2,-29,562651,562641,562690,562644,562677,bp,121.46703296703295,33,-1215.0,10,39,2087.0
4635,813.5639512826834,4.75,False,False,84,-27,2,562733,562690,562774,562708,562757,bp,101.80666666666669,49,-3269.0,43,41,3773.0
4636,721.3217564489548,4.75,False,False,40,17,-20,562784,562774,562814,562779,562798,bp,90.50714285714287,19,-904.0,10,30,2458.0
4637,528.1776957719227,4.75,True,True,61,-1,9,562849,562814,562875,562834,562863,bp,74.1,29,-721.0,35,26,2735.0
4638,674.3783403020186,4.75,True,False,51,-7,31,562916,562875,562926,562891,562920,bp,160.04,29,-962.0,41,10,2448.0
4639,702.6570377975388,4.75,True,True,48,8,0,562950,562926,562974,562942,562956,bp,198.0625,14,-1257.0,24,24,2440.0
4640,456.5524026996879,4.75,True,True,34,8,-16,562983,562974,563008,562978,562995,bp,154.04166666666666,17,-974.0,9,25,1558.0
4641,379.32091816605435,4.75,True,True,50,1,4,563035,563008,563058,563020,563054,bp,26.894736842105264,34,-506.0,27,23,1978.0
4642,733.8949696910877,4.75,True,False,51,6,31,563099,563058,563109,563089,563103,bp,199.45,14,-1229.0,41,10,2145.0
4643,1031.0636317222156,4.75,False,False,61,-4,-13,563133,563109,563170,563123,563151,bp,129.33333333333334,28,-2534.0,24,37,3048.0
4644,96.98852540434576,4.75,False,False,21,6,-3,563179,563170,563191,563175,563185,bp,151.625,10,-608.0,9,12,1940.0
4645,161.2227878253376,2.2564102564102564,True,True,33,-2,17,563216,563191,563224,563201,563220,bp,65.46666666666667,19,-55.0,25,8,1217.0
4646,582.2515533994489,2.2564102564102564,True,True,50,10,2,563250,563224,563274,563237,563254,bp,141.7019230769231,17,-1189.0,26,24,1848.0
4647,1240.7200925466268,2.2564102564102564,True,True,50,4,-8,563295,563274,563324,563281,563305,bp,117.52142857142857,24,-2004.0,21,29,3192.0
4648,778.617819709763,2.2564102564102564,True,True,66,4,-16,563349,563324,563390,563333,563362,bp,89.61538461538461,29,-1677.0,25,41,2779.0
4649,641.7257980034537,2.2564102564102564,True,True,68,-2,-48,563400,563390,563458,563395,563435,bp,163.07142857142858,40,-1360.0,10,58,3731.0
4650,1197.1597670900144,2.2564102564102564,False,False,52,-2,-2,563483,563458,563510,563473,563494,bp,166.15454545454546,21,-1501.0,25,27,2378.0
4651,259.7847963561746,2.2564102564102564,False,False,31,-7,-17,563517,563510,563541,563513,563537,bp,115.275,24,-223.0,7,24,2280.0
4652,594.8617120934886,4.75,False,False,65,-23,15,562199,562159,562224,562174,562212,bp,65.9523076923077,38,2397.0,40,25,2117.0
4653,349.75252126762496,4.75,False,False,34,2,-22,562230,562224,562258,562227,562245,bp,89.83333333333334,18,3816.0,6,28,1118.0
4654,594.7587077988718,4.75,False,False,66,-19,18,562300,562258,562324,562265,562311,bp,78.69610389610389,46,1586.0,42,24,2124.0
4655,145.15180187587762,4.75,False,False,34,5,16,562349,562324,562358,562338,562352,bp,109.04545454545456,14,2101.0,25,9,1136.0
4656,374.9159759003936,4.75,False,False,66,-40,38,562410,562358,562424,562371,562421,bp,49.70396270396271,50,119.0,52,14,990.0
4657,220.9225538201543,4.75,True,False,36,-7,14,562449,562424,562460,562431,562451,bp,113.97222222222223,20,-564.0,25,11,1080.0
4658,237.6800554612164,4.75,False,False,32,-14,-18,562467,562460,562492,562464,562487,bp,153.26666666666668,23,-556.0,7,25,2151.0
4659,538.3886949457051,4.75,True,True,33,5,-13,562502,562492,562525,562496,562519,bp,124.11274509803921,23,-672.0,10,23,1455.0
4660,970.4038583866163,4.75,True,True,50,-2,2,562551,562525,562575,562547,562569,bp,187.72222222222226,22,-1337.0,26,24,3308.0
4661,1299.6747687455222,4.75,True,True,52,-9,2,562602,562575,562627,562589,562620,bp,99.02136752136751,31,-800.0,27,25,3226.0
4662,501.1804440083197,4.75,False,False,47,5,-1,562650,562627,562674,562642,562663,bp,93.53846153846158,21,532.0,23,24,1121.0
4663,821.8793024461144,4.75,False,False,51,13,-1,562699,562674,562725,562689,562706,bp,136.95714285714286,17,-810.0,25,26,2424.0
4664,238.69788362525583,4.75,True,True,33,-1,15,562749,562725,562758,562736,562754,bp,74.9,18,-18.0,24,9,928.0
4665,660.2723724072017,4.75,False,False,83,-9,-1,562799,562758,562841,562771,562813,bp,104.57142857142858,42,-689.0,41,42,4450.0
4666,734.3678862174593,4.75,False,False,34,-2,14,562865,562841,562875,562846,562871,bp,93.08771929824562,25,1880.0,24,10,1718.0
4667,857.6768505687097,4.75,True,False,56,-12,16,562911,562875,562931,562894,562922,bp,68.46791443850267,28,1445.0,36,20,1727.0
4668,563.009612027182,4.75,True,False,31,-4,7,562950,562931,562962,562938,562956,bp,111.20833333333334,18,745.0,19,12,1573.0
4669,297.3833888693178,4.75,False,False,43,-20,7,562987,562962,563005,562970,563000,bp,44.579185520361996,30,393.0,25,18,803.0
4670,836.7130469415563,4.75,False,False,52,-5,4,563033,563005,563057,563010,563048,bp,78.05797101449275,38,-797.0,28,24,3015.0
4671,359.70931359179986,4.75,False,False,51,-8,35,563100,563057,563108,563081,563105,bp,61.08947368421053,24,-24.0,43,8,829.0
4672,492.81227878699247,4.75,False,False,66,7,16,563149,563108,563174,563121,563154,bp,121.32142857142857,33,-1166.0,41,25,2326.0
4673,1076.0484455621604,4.75,True,True,66,-15,14,562182,562142,562208,562160,562197,bp,96.70454545454544,37,1158.0,40,26,2801.0
4674,873.0584759293117,4.75,True,True,65,41,-13,562234,562208,562273,562219,562238,bp,183.1833333333333,19,701.0,26,39,2599.0
4675,840.1396831294246,4.75,True,True,80,0,10,562318,562273,562353,562298,562339,bp,77.42023809523809,41,366.0,45,35,3195.0
4676,1531.324534534791,4.75,True,True,73,19,19,562399,562353,562426,562380,562407,bp,195.19078947368425,27,-1389.0,46,27,4199.0
4677,960.9754872562828,4.75,True,True,65,7,15,562466,562426,562491,562453,562472,bp,201.98076923076923,19,-899.0,40,25,3064.0
4678,1364.5933638746938,4.75,True,True,54,7,-12,562512,562491,562545,562498,562522,bp,140.17857142857144,24,-690.0,21,33,3710.0
4679,1061.054447439396,4.75,False,False,46,9,-4,562566,562545,562591,562553,562573,bp,122.32967032967035,20,-434.0,21,25,1618.0
4680,992.7147702804835,4.75,True,True,50,2,2,562617,562591,562641,562602,562622,bp,182.03333333333333,20,-2010.0,26,24,3233.0
4681,880.7567815379978,4.75,True,False,49,-2,-29,562651,562641,562690,562644,562677,bp,121.46703296703295,33,-1215.0,10,39,2087.0
4682,813.5639512826834,4.75,False,False,84,-27,2,562733,562690,562774,562708,562757,bp,101.80666666666669,49,-3269.0,43,41,3773.0
4683,721.3217564489548,4.75,False,False,40,17,-20,562784,562774,562814,562779,562798,bp,90.50714285714287,19,-904.0,10,30,2458.0
4684,528.1776957719227,4.75,True,True,61,-1,9,562849,562814,562875,562834,562863,bp,74.1,29,-721.0,35,26,2735.0
4685,674.3783403020186,4.75,True,False,51,-7,31,562916,562875,562926,562891,562920,bp,160.04,29,-962.0,41,10,2448.0
4686,702.6570377975388,4.75,True,True,48,8,0,562950,562926,562974,562942,562956,bp,198.0625,14,-1257.0,24,24,2440.0
4687,456.5524026996879,4.75,True,True,34,8,-16,562983,562974,563008,562978,562995,bp,154.04166666666666,17,-974.0,9,25,1558.0
4688,379.32091816605435,4.75,True,True,50,1,4,563035,563008,563058,563020,563054,bp,26.894736842105264,34,-506.0,27,23,1978.0
4689,733.8949696910877,4.75,True,False,51,6,31,563099,563058,563109,563089,563103,bp,199.45,14,-1229.0,41,10,2145.0
4690,1031.0636317222156,4.75,False,False,61,-4,-13,563133,563109,563170,563123,563151,bp,129.33333333333334,28,-2534.0,24,37,3048.0
4691,96.98852540434576,4.75,False,False,21,6,-3,563179,563170,563191,563175,563185,bp,151.625,10,-608.0,9,12,1940.0
4692,594.8617120934886,4.75,False,False,65,-23,15,562199,562159,562224,562174,562212,bp,65.9523076923077,38,2397.0,40,25,2117.0
4693,349.75252126762496,4.75,False,False,34,2,-22,562230,562224,562258,562227,562245,bp,89.83333333333334,18,3816.0,6,28,1118.0
4694,594.7587077988718,4.75,False,False,66,-19,18,562300,562258,562324,562265,562311,bp,78.69610389610389,46,1586.0,42,24,2124.0
4695,145.15180187587762,4.75,False,False,34,5,16,562349,562324,562358,562338,562352,bp,109.04545454545456,14,2101.0,25,9,1136.0
4696,374.9159759003936,4.75,False,False,66,-40,38,562410,562358,562424,562371,562421,bp,49.70396270396271,50,119.0,52,14,990.0
4697,220.9225538201543,4.75,True,False,36,-7,14,562449,562424,562460,562431,562451,bp,113.97222222222223,20,-564.0,25,11,1080.0
4698,237.6800554612164,4.75,False,False,32,-14,-18,562467,562460,562492,562464,562487,bp,153.26666666666668,23,-556.0,7,25,2151.0
4699,538.3886949457051,4.75,True,True,33,5,-13,562502,562492,562525,562496,562519,bp,124.11274509803921,23,-672.0,10,23,1455.0
4700,970.4038583866163,4.75,True,True,50,-2,2,562551,562525,562575,562547,562569,bp,187.72222222222226,22,-1337.0,26,24,3308.0
4701,1299.6747687455222,4.75,True,True,52,-9,2,562602,562575,562627,562589,562620,bp,99.02136752136751,31,-800.0,27,25,3226.0
4702,501.1804440083197,4.75,False,False,47,5,-1,562650,562627,562674,562642,562663,bp,93.53846153846158,21,532.0,23,24,1121.0
4703,821.8793024461144,4.75,False,False,51,13,-1,562699,562674,562725,562689,562706,bp,136.95714285714286,17,-810.0,25,26,2424.0
4704,238.69788362525583,4.75,True,True,33,-1,15,562749,562725,562758,562736,562754,bp,74.9,18,-18.0,24,9,928.0
4705,660.2723724072017,4.75,False,False,83,-9,-1,562799,562758,562841,562771,562813,bp,104.57142857142858,42,-689.0,41,42,4450.0
4706,734.3678862174593,4.75,False,False,34,-2,14,562865,562841,562875,562846,562871,bp,93.08771929824562,25,1880.0,24,10,1718.0
4707,857.6768505687097,4.75,True,False,56,-12,16,562911,562875,562931,562894,562922,bp,68.46791443850267,28,1445.0,36,20,1727.0
4708,563.009612027182,4.75,True,False,31,-4,7,562950,562931,562962,562938,562956,bp,111.20833333333334,18,745.0,19,12,1573.0
4709,297.3833888693178,4.75,False,False,43,-20,7,562987,562962,563005,562970,563000,bp,44.579185520361996,30,393.0,25,18,803.0
4710,836.7130469415563,4.75,False,False,52,-5,4,563033,563005,563057,563010,563048,bp,78.05797101449275,38,-797.0,28,24,3015.0
4711,359.70931359179986,4.75,False,False,51,-8,35,563100,563057,563108,563081,563105,bp,61.08947368421053,24,-24.0,43,8,829.0
4712,492.81227878699247,4.75,False,False,66,7,16,563149,563108,563174,563121,563154,bp,121.32142857142857,33,-1166.0,41,25,2326.0
4713,1076.0484455621604,4.75,True,True,66,-15,14,562182,562142,562208,562160,562197,bp,96.70454545454544,37,1158.0,40,26,2801.0
4714,873.0584759293117,4.75,True,True,65,41,-13,562234,562208,562273,562219,562238,bp,183.1833333333333,19,701.0,26,39,2599.0
4715,840.1396831294246,4.75,True,True,80,0,10,562318,562273,562353,562298,562339,bp,77.42023809523809,41,366.0,45,35,3195.0
4716,1531.324534534791,4.75,True,True,73,19,19,562399,562353,562426,562380,562407,bp,195.19078947368425,27,-1389.0,46,27,4199.0
4717,960.9754872562828,4.75,True,True,65,7,15,562466,562426,562491,562453,562472,bp,201.98076923076923,19,-899.0,40,25,3064.0
4718,1364.5933638746938,4.75,True,True,54,7,-12,562512,562491,562545,562498,562522,bp,140.17857142857144,24,-690.0,21,33,3710.0
4719,1061.054447439396,4.75,False,False,46,9,-4,562566,562545,562591,562553,562573,bp,122.32967032967035,20,-434.0,21,25,1618.0
4720,992.7147702804835,4.75,True,True,50,2,2,562617,562591,562641,562602,562622,bp,182.03333333333333,20,-2010.0,26,24,3233.0
4721,880.7567815379978,4.75,True,False,49,-2,-29,562651,562641,562690,562644,562677,bp,121.46703296703295,33,-1215.0,10,39,2087.0
4722,813.5639512826834,4.75,False,False,84,-27,2,562733,562690,562774,562708,562757,bp,101.80666666666669,49,-3269.0,43,41,3773.0
4723,721.3217564489548,4.75,False,False,40,17,-20,562784,562774,562814,562779,562798,bp,90.50714285714287,19,-904.0,10,30,2458.0
4724,528.1776957719227,4.75,True,True,61,-1,9,562849,562814,562875,562834,562863,bp,74.1,29,-721.0,35,26,2735.0
4725,674.3783403020186,4.75,True,False,51,-7,31,562916,562875,562926,562891,562920,bp,160.04,29,-962.0,41,10,2448.0
4726,702.6570377975388,4.75,True,True,48,8,0,562950,562926,562974,562942,562956,bp,198.0625,14,-1257.0,24,24,2440.0
4727,456.5524026996879,4.75,True,True,34,8,-16,562983,562974,563008,562978,562995,bp,154.04166666666666,17,-974.0,9,25,1558.0
4728,379.32091816605435,4.75,True,True,50,1,4,563035,563008,563058,563020,563054,bp,26.894736842105264,34,-506.0,27,23,1978.0
4729,733.8949696910877,4.75,True,False,51,6,31,563099,563058,563109,563089,563103,bp,199.45,14,-1229.0,41,10,2145.0
4730,1031.0636317222156,4.75,False,False,61,-4,-13,563133,563109,563170,563123,563151,bp,129.33333333333334,28,-2534.0,24,37,3048.0
4731,96.98852540434576,4.75,False,False,21,6,-3,563179,563170,563191,563175,563185,bp,151.625,10,-608.0,9,12,1940.0
4732,488.1321130599922,-0.7741935483870968,True,True,50,7,2,566584,566558,566608,566570,566595,bp,48.633116883116884,25,-118.0,26,24,1896.0
4733,939.8660144592717,-0.7741935483870968,True,True,66,4,-14,566634,566608,566674,566627,566659,bp,162.40285714285713,32,-1406.0,26,40,4125.0
4734,1012.5597749753323,-0.7741935483870968,True,False,84,-17,0,566716,566674,566758,566695,566742,bp,97.60256410256409,47,-1749.0,42,42,3264.0
4735,623.6286471208633,-0.7741935483870968,True,False,49,9,1,566783,566758,566807,566772,566787,bp,143.57954545454544,15,-1076.0,25,24,1627.0
4736,253.01739481756104,-0.7741935483870968,True,True,34,9,-16,566816,566807,566841,566811,566827,bp,94.6818181818182,16,-567.0,9,25,1804.0
4737,493.29234606713663,-0.7741935483870968,False,False,50,17,0,566866,566841,566891,566852,566885,bp,28.06203007518797,33,55.0,25,25,1819.0
4738,1356.4524481471526,-0.7741935483870968,False,False,84,14,32,566949,566891,566975,566935,566957,bp,213.41071428571428,22,-2732.0,58,26,4212.0
4739,855.3198725377736,-0.7741935483870968,True,True,79,33,-29,567000,566975,567054,566993,567014,bp,102.21428571428572,21,-629.0,25,54,2068.0
4740,744.8718973373028,-0.7741935483870968,False,False,70,-7,-12,567083,567054,567124,567068,567103,bp,83.125,35,-1287.0,29,41,2499.0
4741,553.8059123994599,-0.7741935483870968,False,False,57,7,-7,567149,567124,567181,567131,567171,bp,40.34090909090909,40,98.0,25,32,2073.0
4742,567.4458321819668,-0.7741935483870968,True,True,77,-10,25,567232,567181,567258,567218,567246,bp,30.32142857142857,28,421.0,51,26,1794.0
4743,894.3724615220323,-0.7741935483870968,True,True,66,-4,-16,567283,567258,567324,567264,567306,bp,78.15331807780319,42,-352.0,25,41,3701.0
4744,1661.617753845088,-0.7741935483870968,True,True,84,-10,2,567367,567324,567408,567344,567384,bp,118.74296675191816,40,-1641.0,43,41,4556.0
4745,605.9818727669949,-0.7741935483870968,True,False,67,-31,15,567449,567408,567475,567414,567463,bp,58.87142857142857,49,-468.0,41,26,2258.0
4746,451.1201202161783,-0.7741935483870968,True,False,50,13,-26,567487,567475,567525,567481,567511,bp,90.04166666666669,30,477.0,12,38,2483.0
4747,1522.8425191141694,-0.7741935483870968,True,True,66,-6,4,566593,566558,566624,566571,566604,bp,116.8409090909091,33,1444.0,35,31,3012.0
4748,1979.008599873863,-0.7741935483870968,True,True,66,24,-24,566645,566624,566690,566631,566655,bp,195.25714285714287,24,-186.0,21,45,4107.0
4749,1657.4171220086198,-0.7741935483870968,False,False,51,14,1,566716,566690,566741,566703,566721,bp,258.03846153846155,18,-797.0,26,25,3340.0
4750,573.915106975803,-0.7741935483870968,False,False,51,3,1,566767,566741,566792,566753,566780,bp,76.57692307692308,27,1129.0,26,25,2932.0
4751,700.9622624979106,-0.7741935483870968,True,True,67,-8,15,566833,566792,566859,566810,566842,bp,104.53381642512078,32,727.0,41,26,2103.0
4752,1108.648328168829,-0.7741935483870968,True,False,48,12,-6,566880,566859,566907,566866,566890,bp,126.74285714285713,24,358.0,21,27,3281.0
4753,727.9545585441596,-0.7741935483870968,True,False,84,17,-32,566933,566907,566991,566926,566955,bp,184.27272727272728,29,-345.0,26,58,2422.0
4754,1237.6490377859768,-0.7741935483870968,False,False,50,17,-10,567011,566991,567041,567001,567022,bp,129.7409090909091,21,274.0,20,30,4011.0
4755,2367.7552095572933,-0.7741935483870968,True,True,81,11,1,567082,567041,567122,567060,567090,bp,211.33522727272728,30,-864.0,41,40,5193.0
4756,2166.735422557258,-0.7741935483870968,True,True,53,1,5,567151,567122,567175,567131,567167,bp,141.61875,36,-1249.0,29,24,4747.0
4757,935.2682668270613,-0.7741935483870968,True,True,82,-2,32,567232,567175,567257,567204,567238,bp,141.17857142857142,34,240.0,57,25,2961.0
4758,1863.619957157405,-0.7741935483870968,True,True,67,17,-13,567284,567257,567324,567270,567297,bp,154.5906593406593,27,-360.0,27,40,4794.0
4759,1532.1933268100222,-0.7741935483870968,False,False,51,-17,21,567360,567324,567375,567341,567369,bp,124.55555555555556,28,-417.0,36,15,2176.0
4760,400.8934746095666,-0.7741935483870968,False,False,33,-5,-7,567388,567375,567408,567380,567403,bp,59.8625,23,762.0,13,20,1611.0
4761,822.0334332068138,-0.7741935483870968,False,False,79,-27,37,567466,567408,567487,567421,567471,bp,152.71111111111108,50,-899.0,58,21,3090.0
4762,1195.5572386116387,-0.7741935483870968,True,False,38,8,-6,567503,567487,567525,567494,567521,bp,116.77777777777777,27,-515.0,16,22,2503.0
4763,1138.7019815256745,1.6571428571428573,True,True,67,12,-15,570416,570390,570457,570398,570436,bp,72.05555555555556,38,-295.0,26,41,2181.0
4764,1354.701028027648,1.6571428571428573,True,False,63,10,23,570500,570457,570520,570486,570505,bp,224.13571428571427,19,-1450.0,43,20,4177.0
4765,1023.7590089769079,1.6571428571428573,True,True,56,7,4,570550,570520,570576,570534,570562,bp,73.75,28,425.0,30,26,2971.0
4766,1455.3237638888754,1.6571428571428573,True,False,65,-16,15,570616,570576,570641,570597,570633,bp,101.30495356037152,36,-250.0,40,25,3909.0
4767,558.6331239827616,1.6571428571428573,True,False,33,3,11,570663,570641,570674,570653,570669,bp,132.15,16,1027.0,22,11,1900.0
4768,888.4110982112262,1.6571428571428573,False,False,51,11,23,570711,570674,570725,570688,570721,bp,70.73913043478261,33,762.0,37,14,1931.0
4769,484.2046328846962,1.6571428571428573,False,False,99,-13,17,570783,570725,570824,570765,570807,bp,78.09722222222223,42,-1299.0,58,41,2143.0
4770,291.8531794161272,1.6571428571428573,True,False,35,5,17,570850,570824,570859,570836,570854,bp,137.17857142857144,18,-407.0,26,9,1733.0
4771,525.4123734057794,1.6571428571428573,True,True,49,2,-1,570883,570859,570908,570877,570894,bp,154.58333333333331,17,-790.0,24,25,2319.0
4772,324.6142391176456,1.6571428571428573,True,True,34,3,-16,570917,570908,570942,570913,570933,bp,104.59375,20,256.0,9,25,1777.0
4773,813.8413564007299,1.6571428571428573,True,False,33,11,15,570966,570942,570975,570956,570970,bp,179.45,14,-204.0,24,9,2517.0
4774,971.9518889430327,1.6571428571428573,False,False,66,-9,14,571015,570975,571041,570995,571028,bp,93.91923076923077,33,-787.0,40,26,3209.0
4775,606.0313006958112,1.6571428571428573,False,False,67,-13,-17,571066,571041,571108,571052,571088,bp,55.72077922077922,36,1421.0,25,42,2863.0
4776,751.2486721205478,1.6571428571428573,False,False,46,0,4,571133,571108,571154,571111,571144,bp,57.63636363636363,33,1564.0,25,21,1505.0
4777,1387.4297787773526,1.6571428571428573,False,False,70,12,0,571189,571154,571224,571177,571204,bp,122.78333333333332,27,-334.0,35,35,3088.0
4778,1089.5172864924334,1.6571428571428573,True,True,68,2,-12,571252,571224,571292,571243,571276,bp,134.42361111111111,33,-489.0,28,40,3037.0
4779,2186.718336044456,1.6571428571428573,True,True,66,13,-8,571321,571292,571358,571311,571336,bp,190.03333333333333,25,-2467.0,29,37,3824.0
4780,1893.642992687688,1.6571428571428573,True,True,68,1,-8,570370,570340,570408,570360,570389,bp,191.77894736842103,29,-1558.0,30,38,5068.0
4781,2459.062225159437,1.6571428571428573,True,True,49,22,1,570433,570408,570457,570419,570442,bp,220.968253968254,23,-1776.0,25,24,4355.0
4782,2945.943748309774,1.6571428571428573,True,True,67,18,17,570499,570457,570524,570487,570507,bp,356.27083333333337,20,-4253.0,42,25,7168.0
4783,2754.0042673710686,1.6571428571428573,True,True,68,14,-4,570556,570524,570592,570545,570572,bp,222.875,27,-1829.0,32,36,7145.0
4784,3686.83134862979,1.6571428571428573,True,True,66,14,6,570628,570592,570658,570613,570639,bp,308.60909090909087,26,-4087.0,36,30,7058.0
4785,3653.412956945004,1.6571428571428573,True,False,66,7,8,570695,570658,570724,570679,570708,bp,275.58173076923083,29,-3896.0,37,29,8210.0
4786,480.9543213376051,1.6571428571428573,True,False,118,-56,32,570799,570724,570842,570744,570827,bp,55.46493506493506,83,-750.0,75,43,2567.0
4787,549.1737987531952,1.6571428571428573,True,False,65,-16,-17,570866,570842,570907,570854,570890,bp,136.66666666666669,36,-1482.0,24,41,4156.0
4788,421.8642471930248,1.6571428571428573,True,False,35,-1,-11,570919,570907,570942,570910,570934,bp,93.32222222222221,24,552.0,12,23,1828.0
4789,821.9157759073555,1.6571428571428573,True,True,50,3,-2,570966,570942,570992,570957,570978,bp,151.5,21,-705.0,24,26,2927.0
4790,577.4108777225789,1.6571428571428573,True,False,50,-7,-2,571016,570992,571042,571002,571028,bp,86.95833333333334,26,59.0,24,26,2655.0
4791,90.82991127918487,1.6571428571428573,True,False,28,2,-12,571050,571042,571070,571047,571062,bp,171.20833333333334,15,1310.0,8,20,1663.0
4792,497.6758638607023,1.6571428571428573,True,False,55,40,-27,571084,571070,571125,571079,571088,bp,218.95,9,531.0,14,41,1574.0
4793,540.232644318823,1.6571428571428573,True,True,49,9,-1,571149,571125,571174,571137,571161,bp,165.58333333333331,24,-868.0,24,25,2469.0
4794,843.9970250610799,1.6571428571428573,True,True,50,-14,2,571200,571174,571224,571194,571218,bp,114.41666666666669,24,-584.0,26,24,1941.0
4795,279.78976518892216,1.6571428571428573,False,False,37,-8,5,571245,571224,571261,571228,571256,bp,24.433155080213904,28,228.0,21,16,524.0
4796,1205.1528343173802,1.6571428571428573,False,False,47,21,-3,571283,571261,571308,571276,571290,bp,225.5,14,-1857.0,22,25,3583.0
4797,1640.9303829366336,1.6571428571428573,True,True,50,-3,0,571333,571308,571358,571325,571350,bp,171.77941176470586,25,-2168.0,25,25,3545.0
4798,441.29640617122317,-2.0625,True,False,47,-3,5,574000,573974,574021,573987,574010,bp,91.1,23,466.0,26,21,1735.0
4799,612.8139071717379,-2.0625,True,True,37,-11,19,574049,574021,574058,574030,574053,bp,126.38815789473685,23,-310.0,28,9,1755.0
4800,302.17566626101086,-2.0625,False,False,33,-4,15,574082,574058,574091,574065,574086,bp,94.66176470588236,21,-954.0,24,9,991.0
4801,517.135067145573,-2.0625,True,False,66,-19,-16,574116,574091,574157,574103,574143,bp,91.99287749287748,40,-1681.0,25,41,3383.0
4802,443.18595427563713,-2.0625,True,True,67,-6,-25,574178,574157,574224,574164,574206,bp,69.30357142857143,42,-765.0,21,46,1903.0
4803,173.24037141589184,-2.0625,True,False,67,-32,17,574266,574224,574291,574242,574284,bp,45.02777777777778,42,-977.0,42,25,1877.0
4804,821.6536258423863,-2.0625,True,False,50,11,-34,574299,574291,574341,574294,574320,bp,195.51904761904763,26,-1386.0,8,42,3332.0
4805,1391.2055726185324,-2.0625,True,True,66,29,-16,574366,574341,574407,574357,574386,bp,158.08611111111108,29,-2113.0,25,41,3482.0
4806,1056.686107417117,-2.0625,True,True,101,-7,-15,574450,574407,574508,574444,574486,bp,172.625,42,-1854.0,43,58,4602.0
4807,2102.5924677794915,-2.0625,False,False,79,26,-31,574532,574508,574587,574521,574544,bp,253.4318181818182,23,-2936.0,24,55,5173.0
4808,877.1595533912016,-2.0625,False,False,72,14,-46,574600,574587,574659,574593,574627,bp,127.66666666666669,34,-312.0,13,59,2792.0
4809,1292.2776676664905,-2.0625,False,False,48,11,0,574683,574659,574707,574675,574687,bp,230.4375,12,-1490.0,24,24,1860.0
4810,763.0580522279208,-2.0625,True,True,34,-8,-14,574717,574707,574741,574710,574733,bp,114.1875,23,-1188.0,10,24,3067.0
4811,1047.9482553459773,-2.0625,True,True,39,1,11,574766,574741,574780,574748,574771,bp,160.51111111111112,23,-1427.0,25,14,2573.0
4812,1306.209780517959,-2.0625,True,False,45,1,-3,574801,574780,574825,574795,574820,bp,194.73245614035088,25,-2367.0,21,24,3299.0
4813,279.8921136016584,-2.0625,True,True,63,1,21,574867,574825,574888,574846,574878,bp,69.35497835497836,32,-1411.0,42,21,2520.0
4814,386.27342428599883,-2.0625,True,True,68,7,20,574932,574888,574956,574911,574936,bp,124.94642857142857,25,-973.0,44,24,1730.0
4815,887.9028014361203,-2.0625,True,True,66,-3,18,573999,573957,574023,573981,574010,bp,116.26767676767678,29,595.0,42,24,2205.0
4816,304.4666579014371,-2.0625,True,True,67,23,-13,574050,574023,574090,574036,574062,bp,79.82142857142857,26,968.0,27,40,1876.0
4817,247.4099405096036,-2.0625,True,True,84,5,2,574133,574090,574174,574111,574156,bp,66.76086956521739,45,-245.0,43,41,2852.0
4818,1493.6432365929725,-2.0625,True,True,83,23,3,574217,574174,574257,574206,574234,bp,151.16577540106954,28,-1568.0,43,40,3947.0
4819,799.1120092480555,-2.0625,True,True,101,1,17,574316,574257,574358,574285,574333,bp,82.65370018975331,48,-1912.0,59,42,3212.0
4820,1889.958598344306,-2.0625,False,False,66,8,16,574399,574358,574424,574382,574410,bp,157.36363636363637,28,-1242.0,41,25,5589.0
4821,1576.900325088432,-2.0625,True,True,68,-11,16,574466,574424,574492,574446,574483,bp,120.11911764705884,37,-427.0,42,26,4378.0
4822,758.9527169694353,-2.0625,True,True,87,-19,-7,574532,574492,574579,574509,574569,bp,70.57990599294949,60,-707.0,40,47,2965.0
4823,992.8086728656652,-2.0625,True,True,80,14,-6,574616,574579,574659,574610,574641,bp,134.89666666666668,31,109.0,37,43,2948.0
4824,712.1150433098143,-2.0625,True,False,65,-7,17,574700,574659,574724,574686,574710,bp,88.55714285714286,24,-193.0,41,24,2214.0
4825,348.9559516255158,-2.0625,True,False,51,18,-29,574735,574724,574775,574727,574753,bp,86.6736111111111,26,192.0,11,40,2413.0
4826,1394.388954410498,-2.0625,True,False,66,7,22,574819,574775,574841,574797,574824,bp,215.35,27,-1061.0,44,22,3535.0
4827,1637.8629307578126,-2.0625,True,False,65,23,-15,574866,574841,574906,574858,574873,bp,310.9017857142857,15,-2261.0,25,40,4215.0
4828,616.9144047494265,-2.0625,True,False,35,7,-15,574916,574906,574941,574911,574928,bp,189.3,17,-507.0,10,25,2514.0
4829,555.5166074400238,-2.0625,True,True,50,11,0,574966,574941,574991,574952,574986,bp,36.36071428571429,34,424.0,25,25,1993.0
4830,2998.4860853949945,0.3939393939393939,True,True,67,9,-3,578389,578357,578424,578381,578402,bp,340.3173076923077,21,-3631.0,32,35,7329.0
4831,2076.454833268452,0.3939393939393939,True,True,50,10,0,578449,578424,578474,578432,578457,bp,193.60661764705884,25,-428.0,25,25,4207.0
4832,1817.4374632263416,0.3939393939393939,True,True,68,21,16,578516,578474,578542,578492,578528,bp,173.5,36,-1715.0,42,26,5376.0
4833,2445.340496085788,0.3939393939393939,False,False,97,6,17,578599,578542,578639,578585,578613,bp,270.14285714285717,28,-4614.0,57,40,6633.0
4834,683.7899324178343,0.3939393939393939,False,False,35,32,-15,578649,578639,578674,578647,578662,bp,112.69230769230771,15,1573.0,10,25,3108.0
4835,2121.52213715706,0.3939393939393939,False,False,67,15,21,578718,578674,578741,578709,578729,bp,311.530303030303,20,-2313.0,44,23,4892.0
4836,521.9502194994378,0.3939393939393939,False,False,47,-10,35,578782,578741,578788,578764,578785,bp,92.05555555555556,21,-705.0,41,6,700.0
4837,1158.2097705391584,0.3939393939393939,False,False,52,2,-6,578811,578788,578840,578796,578819,bp,125.04583333333332,23,-1874.0,23,29,3552.0
4838,572.5587162774748,0.3939393939393939,True,False,23,19,-5,578849,578840,578863,578844,578855,bp,202.41666666666669,11,-538.0,9,14,2270.0
4839,1085.3368806986286,0.3939393939393939,True,False,78,8,-6,578899,578863,578941,578885,578918,bp,97.37781954887218,33,-823.0,36,42,4103.0
4840,2372.8253120867466,0.3939393939393939,True,True,71,2,13,578983,578941,579012,578959,578993,bp,253.0,34,-2943.0,42,29,7225.0
4841,2255.152567594229,0.3939393939393939,True,True,62,12,12,579049,579012,579074,579029,579060,bp,159.9590909090909,31,-1221.0,37,25,4127.0
4842,1165.7115752369782,0.3939393939393939,True,False,100,5,-14,579117,579074,579174,579103,579139,bp,103.93831168831169,36,-580.0,43,57,3885.0
4843,2120.628578505325,0.3939393939393939,True,False,50,6,-8,579195,579174,579224,579180,579205,bp,192.51666666666665,25,-902.0,21,29,4834.0
4844,1026.8673304338588,0.3939393939393939,True,False,34,11,14,579248,579224,579258,579236,579252,bp,181.5833333333333,16,6.0,24,10,2040.0
4845,1225.364187070297,0.3939393939393939,False,False,66,6,16,579299,579258,579324,579279,579304,bp,201.575,25,-1024.0,41,25,3716.0
4846,502.6207463436383,0.3939393939393939,False,False,36,-3,4,579344,579324,579360,579335,579356,bp,39.486111111111114,21,1364.0,20,16,450.0
4847,3320.9643575662876,0.3939393939393939,True,True,53,4,-7,578410,578387,578440,578395,578420,bp,290.6333333333333,25,-1800.0,23,30,7091.0
4848,1739.289262515779,0.3939393939393939,True,True,61,-11,-7,578467,578440,578501,578449,578485,bp,117.75,36,-197.0,27,34,3050.0
4849,2699.3410474610205,0.3939393939393939,True,True,56,2,-2,578528,578501,578557,578510,578543,bp,187.19444444444446,33,-2234.0,27,29,6566.0
4850,2660.1750714809314,0.3939393939393939,False,False,71,5,11,578598,578557,578628,578578,578606,bp,272.4125,28,-3512.0,41,30,5618.0
4851,913.3277669368318,0.3939393939393939,False,False,63,32,-29,578645,578628,578691,578639,578658,bp,140.46153846153842,19,392.0,17,46,3507.0
4852,1563.9470926332838,0.3939393939393939,True,True,64,7,-14,578716,578691,578755,578709,578732,bp,182.26339285714286,23,116.0,25,39,3346.0
4853,1378.5154313080936,0.3939393939393939,True,True,53,-14,1,578782,578755,578808,578762,578794,bp,104.46666666666668,32,-737.0,27,26,2192.0
4854,855.8429613222545,0.3939393939393939,True,True,66,10,-18,578832,578808,578874,578812,578840,bp,137.725,28,-882.0,24,42,3747.0
4855,1542.8037964795956,0.3939393939393939,True,True,67,19,-27,578894,578874,578941,578878,578911,bp,118.55698529411764,33,-599.0,20,47,3489.0
4856,1472.8854579744254,0.3939393939393939,True,True,83,1,1,578983,578941,579024,578963,579002,bp,112.50526315789476,39,-1114.0,42,41,5355.0
4857,2190.3703998019173,0.3939393939393939,True,True,50,-1,4,579051,579024,579074,579042,579065,bp,225.01190476190484,23,-898.0,27,23,4380.0
4858,734.0481916674114,0.3939393939393939,False,False,67,-9,17,579116,579074,579141,579087,579121,bp,128.0,34,-1127.0,42,25,2083.0
4859,1830.3348794278681,0.3939393939393939,False,False,50,-6,0,579166,579141,579191,579146,579174,bp,227.4875,28,-1042.0,25,25,6451.0
4860,993.7382155785698,0.3939393939393939,False,False,33,5,-13,579201,579191,579224,579196,579217,bp,176.4375,21,2935.0,10,23,2532.0
4861,1613.0076008917895,0.3939393939393939,False,False,66,5,10,579262,579224,579290,579243,579268,bp,130.33333333333334,25,81.0,38,28,1635.0
4862,1504.7313615437354,0.3939393939393939,False,False,57,-15,-5,579316,579290,579347,579298,579336,bp,113.59722222222223,38,-2183.0,26,31,4738.0
4863,668.1492935515731,8.448275862068966,False,False,34,-10,10,582162,582140,582174,582143,582171,bp,52.39473684210525,28,1906.0,22,12,1133.0
4864,1251.0749666526806,8.448275862068966,False,False,50,-2,8,582203,582174,582224,582189,582209,bp,189.51190476190484,20,-2405.0,29,21,2248.0
4865,1271.2219345144674,8.448275862068966,False,False,51,8,-35,582232,582224,582275,582227,582256,bp,154.72916666666669,29,-1606.0,8,43,6781.0
4866,3701.053506606633,8.448275862068966,True,True,50,32,8,582304,582275,582325,582293,582316,bp,286.8068181818182,23,-1910.0,29,21,5467.0
4867,3606.7691182027534,8.448275862068966,False,False,83,13,33,582383,582325,582408,582371,582394,bp,371.6136363636364,23,-5182.0,58,25,8854.0
4868,2226.797329785145,8.448275862068966,False,False,66,32,14,582448,582408,582474,582430,582455,bp,178.03174603174602,25,-697.0,40,26,3934.0
4869,2970.2584310164093,8.448275862068966,False,False,84,37,24,582528,582474,582558,582512,582543,bp,244.7375,31,-4758.0,54,30,6598.0
4870,3181.8974814128887,8.448275862068966,True,True,105,25,19,582620,582558,582663,582611,582639,bp,298.4005847953216,28,-4317.0,62,43,9387.0
4871,2597.9314350076856,8.448275862068966,True,True,78,6,18,582711,582663,582741,582692,582723,bp,218.2236842105263,31,-903.0,48,30,6899.0
4872,1616.1383680549538,8.448275862068966,False,False,82,11,0,582782,582741,582823,582760,582795,bp,115.50349650349649,35,288.0,41,41,3090.0
4873,3843.603523145164,8.448275862068966,False,False,52,21,0,582849,582823,582875,582841,582860,bp,425.6363636363636,19,-3396.0,26,26,9140.0
4874,2030.3078686673791,8.448275862068966,False,False,82,8,32,582932,582875,582957,582900,582942,bp,158.690625,42,-2854.0,57,25,3643.0
4875,4366.872998848352,8.448275862068966,False,False,69,11,15,582999,582957,583026,582992,583013,bp,471.1071428571429,21,-7008.0,42,27,10739.0
4876,958.7858696354324,8.448275862068966,True,True,98,-37,46,583098,583026,583124,583045,583105,bp,182.64690026954182,60,-2428.0,72,26,4367.0
4877,340.43467297884837,8.448275862068966,False,False,22,18,6,582166,582152,582174,582161,582169,bp,246.83333333333331,8,306.0,14,8,2278.0
4878,2191.594264687344,8.448275862068966,True,False,66,22,-4,582205,582174,582240,582195,582218,bp,198.0576923076923,23,-1961.0,31,35,4663.0
4879,1788.7093649635424,8.448275862068966,True,True,80,-9,16,582288,582240,582320,582263,582302,bp,117.09714285714287,39,-1194.0,48,32,4520.0
4880,2155.2504331524974,8.448275862068966,True,True,71,-1,13,582362,582320,582391,582332,582377,bp,140.85,45,-2182.0,42,29,5937.0
4881,2349.665004722332,8.448275862068966,True,True,84,-11,24,582445,582391,582475,582421,582462,bp,177.59926470588238,41,-2836.0,54,30,7495.0
4882,1182.735909004165,8.448275862068966,True,False,82,-46,44,582538,582475,582557,582492,582551,bp,102.75083612040136,59,-2440.0,63,19,3584.0
4883,860.9921470250557,8.448275862068966,False,False,50,1,2,582583,582557,582607,582564,582595,bp,57.31578947368421,31,-1747.0,26,24,1286.0
4884,1112.2075131805198,8.448275862068966,False,False,55,13,-5,582632,582607,582662,582627,582650,bp,142.01666666666662,23,-1959.0,25,30,4606.0
4885,1260.7053526419854,8.448275862068966,True,True,79,-13,3,582703,582662,582741,582686,582728,bp,94.40705882352941,42,-940.0,41,38,3954.0
4886,2065.3086661982675,8.448275862068966,True,True,66,10,-10,582769,582741,582807,582757,582782,bp,166.8525641025641,25,-1406.0,28,38,3932.0
4887,2354.484045643063,8.448275862068966,True,True,65,3,-15,582832,582807,582872,582817,582853,bp,151.0,36,-2436.0,25,40,5200.0
4888,1682.5881339271705,8.448275862068966,True,True,85,-4,11,582920,582872,582957,582892,582935,bp,124.275,43,-2734.0,48,37,4605.0
4889,3122.7803146315587,8.448275862068966,True,True,66,5,-10,582985,582957,583023,582974,583003,bp,257.0681818181818,29,-3886.0,28,38,7934.0
4890,3089.0061580975153,8.448275862068966,True,True,68,-5,-4,583055,583023,583091,583037,583073,bp,196.44444444444446,36,-3182.0,32,36,7240.0
4891,1665.6011856509558,8.448275862068966,False,False,66,-5,-18,583115,583091,583157,583104,583136,bp,113.01731601731602,32,-38.0,24,42,1990.0
4892,1532.6198419787474,-7.433333333333334,True,True,71,-1,21,586199,586153,586224,586177,586213,bp,112.9512987012987,36,-1407.0,46,25,3839.0
4893,2109.817387027339,-7.433333333333334,False,False,65,13,17,586265,586224,586289,586248,586273,bp,206.98161764705884,25,-3320.0,41,24,3931.0
4894,383.39111194009115,-7.433333333333334,False,False,100,-13,-14,586332,586289,586389,586311,586363,bp,31.753456221198157,52,-1224.0,43,57,2441.0
4895,666.4000183694443,-7.433333333333334,True,False,52,-19,2,586416,586389,586441,586402,586437,bp,66.75,35,-1080.0,27,25,1875.0
4896,818.2303605651547,-7.433333333333334,False,False,66,-1,-16,586466,586441,586507,586453,586485,bp,86.93319838056681,32,-748.0,25,41,3410.0
4897,1727.8561225238036,-7.433333333333334,True,True,66,-5,-10,586535,586507,586573,586516,586550,bp,106.8280701754386,34,-2022.0,28,38,3362.0
4898,933.6526093785507,-7.433333333333334,True,True,67,15,-39,586587,586573,586640,586579,586611,bp,131.95833333333334,32,-1776.0,14,53,3358.0
4899,1194.8984483331876,-7.433333333333334,False,False,67,43,-19,586664,586640,586707,586658,586672,bp,198.1458333333333,14,-137.0,24,43,4070.0
4900,1968.0164544567008,-7.433333333333334,False,False,67,1,7,586744,586707,586774,586729,586754,bp,188.06666666666663,25,-1350.0,37,30,3944.0
4901,394.4404083880975,-7.433333333333334,False,False,32,-2,10,586795,586774,586806,586780,586802,bp,69.92380952380952,22,794.0,21,11,1281.0
4902,973.1792391032063,-7.433333333333334,False,False,101,33,-51,586831,586806,586907,586822,586852,bp,152.4126984126984,30,-763.0,25,76,4420.0
4903,1677.6585970419142,-7.433333333333334,False,False,50,34,0,586932,586907,586957,586915,586938,bp,165.0392156862745,23,-121.0,25,25,2846.0
4904,4020.7200387353746,-7.433333333333334,False,False,83,14,25,587011,586957,587040,586995,587019,bp,432.25,24,-6613.0,54,29,9511.0
4905,1191.3756967766924,-7.433333333333334,False,False,66,2,-16,587065,587040,587106,587057,587090,bp,112.295,33,151.0,25,41,1697.0
4906,1328.3447199310185,-7.433333333333334,True,True,69,-15,-25,586182,586160,586229,586174,586215,bp,185.4431818181818,41,251.0,22,47,4553.0
4907,910.8911941870688,-7.433333333333334,False,False,31,10,9,586249,586229,586260,586241,586253,bp,138.25,12,1924.0,20,11,678.0
4908,1070.13634146394,-7.433333333333334,False,False,52,-5,-4,586284,586260,586312,586275,586302,bp,137.61111111111111,27,-566.0,24,28,2463.0
4909,758.3345129973794,-7.433333333333334,False,False,44,4,-2,586333,586312,586356,586324,586341,bp,147.38194444444446,17,-52.0,21,23,2536.0
4910,194.635500821819,-7.433333333333334,False,False,31,6,-11,586366,586356,586387,586362,586378,bp,74.75,16,2023.0,10,21,2297.0
4911,755.9049781828503,-7.433333333333334,False,False,70,-5,-8,586418,586387,586457,586400,586435,bp,39.98366013071896,35,2268.0,31,39,2372.0
4912,1957.5493747459823,-7.433333333333334,False,False,51,-7,-3,586481,586457,586508,586465,586500,bp,132.02138157894734,35,-365.0,24,27,4285.0
4913,1777.4280585366778,-7.433333333333334,True,True,66,-8,2,586542,586508,586574,586528,586561,bp,125.09210526315788,33,-753.0,34,32,3395.0
4914,1453.66447085245,-7.433333333333334,False,False,55,-6,-5,586599,586574,586629,586586,586618,bp,126.21659919028342,32,-1401.0,25,30,4352.0
4915,1379.2395630333756,-7.433333333333334,False,False,61,14,-23,586648,586629,586690,586644,586666,bp,195.73611111111111,22,1052.0,19,42,5474.0
4916,1937.9841679246465,-7.433333333333334,True,False,50,23,-2,586714,586690,586740,586702,586721,bp,183.8690476190476,19,2038.0,24,26,3102.0
4917,846.4388615107015,-7.433333333333334,True,False,101,-27,-17,586782,586740,586841,586763,586824,bp,106.48684210526315,61,-57.0,42,59,4120.0
4918,1357.7361104480874,-7.433333333333334,True,True,65,30,-17,586865,586841,586906,586858,586874,bp,227.03968253968253,16,1023.0,24,41,4212.0
4919,2407.8095616561623,-7.433333333333334,False,False,51,6,3,586933,586906,586957,586920,586948,bp,172.13076923076923,28,-446.0,27,24,3749.0
4920,2546.345994904247,-7.433333333333334,False,False,83,-8,1,586999,586957,587040,586982,587018,bp,212.8885448916409,36,-4866.0,42,41,7212.0
4921,1182.2925598860734,-7.433333333333334,False,False,78,24,-38,587060,587040,587118,587046,587076,bp,105.35714285714286,30,-11.0,20,58,2692.0
4922,587.0902877785315,-6.545454545454546,False,False,61,15,23,590265,590223,590284,590257,590268,bp,221.22916666666669,11,-91.0,42,19,1282.0
4923,726.9752606387963,-6.545454545454546,False,False,72,24,-42,590299,590284,590356,590294,590316,bp,95.46470588235294,22,43.0,15,57,3039.0
4924,1461.7826507635846,-6.545454545454546,True,True,67,25,-39,590370,590356,590423,590362,590387,bp,173.83088235294116,25,-403.0,14,53,4102.0
4925,1469.6073678652613,-6.545454545454546,True,True,54,-6,-4,590448,590423,590477,590437,590467,bp,111.26315789473685,30,1057.0,25,29,3883.0
4926,1578.9336684872305,-6.545454545454546,False,False,62,15,-20,590498,590477,590539,590491,590510,bp,213.35119047619045,19,290.0,21,41,2117.0
4927,657.6732135888957,-6.545454545454546,True,False,50,-26,4,590566,590539,590589,590544,590583,bp,69.73529411764707,39,-36.0,27,23,2987.0
4928,875.6904859309495,-6.545454545454546,True,True,51,3,-21,590604,590589,590640,590596,590621,bp,103.52573529411764,25,1340.0,15,36,2902.0
4929,1533.7192809534383,-6.545454545454546,False,False,67,3,-17,590665,590640,590707,590649,590685,bp,102.0,36,-303.0,25,42,2912.0
4930,3174.4113112554132,-6.545454545454546,False,False,65,19,-13,590733,590707,590772,590724,590750,bp,289.70588235294116,26,-4037.0,26,39,7625.0
4931,1966.930380864953,-6.545454545454546,True,False,101,10,-15,590815,590772,590873,590795,590832,bp,157.90441176470586,37,-2966.0,43,58,5461.0
4932,2663.988975985593,-6.545454545454546,True,False,51,11,-13,590892,590873,590924,590879,590904,bp,241.0480769230769,25,-2681.0,19,32,6027.0
4933,1176.110328797771,-6.545454545454546,True,True,66,14,-18,590948,590924,590990,590940,590968,bp,151.325,28,319.0,24,42,3802.0
4934,2570.182899264968,-6.545454545454546,True,True,66,9,4,591025,590990,591056,591010,591038,bp,186.83846153846156,28,-2347.0,35,31,4266.0
4935,2218.899375843697,-6.545454545454546,True,False,84,20,0,591098,591056,591140,591075,591106,bp,265.9945652173913,31,-4120.0,42,42,6419.0
4936,1987.6697098580707,-6.545454545454546,True,False,50,31,0,591165,591140,591190,591157,591175,bp,256.125,18,-2217.0,25,25,4336.0
4937,1019.7545398858348,-6.545454545454546,False,False,101,12,-17,591232,591190,591291,591224,591257,bp,180.2725,33,-1986.0,42,59,3373.0
4938,787.0801431874104,-6.545454545454546,True,True,67,11,17,590298,590256,590323,590275,590305,bp,143.4068322981366,30,-1229.0,42,25,3267.0
4939,722.6355066417952,-6.545454545454546,True,True,72,-4,6,590362,590323,590395,590346,590378,bp,58.5,32,-143.0,39,33,2594.0
4940,1085.5379330347148,-6.545454545454546,True,True,45,11,-5,590415,590395,590440,590406,590419,bp,250.84722222222226,13,-1503.0,20,25,2485.0
4941,346.68058833066175,-6.545454545454546,True,False,67,11,-51,590448,590440,590507,590443,590475,bp,112.0074074074074,32,-281.0,8,59,2430.0
4942,442.24204970778396,-6.545454545454546,True,True,83,-17,5,590551,590507,590590,590518,590571,bp,50.36818181818182,53,-1147.0,44,39,2586.0
4943,1528.7136129147962,-6.545454545454546,False,False,50,16,-2,590614,590590,590640,590607,590623,bp,199.47619047619045,16,-461.0,24,26,4483.0
4944,1565.0534936710462,-6.545454545454546,True,True,65,2,9,590677,590640,590705,590655,590685,bp,146.0965909090909,30,-1344.0,37,28,2729.0
4945,680.4494672281313,-6.545454545454546,True,True,68,-5,-16,590731,590705,590773,590717,590754,bp,50.59782608695652,37,-1206.0,26,42,3728.0
4946,801.908284667964,-6.545454545454546,False,False,50,-10,2,590799,590773,590823,590786,590818,bp,71.05060728744941,32,235.0,26,24,1732.0
4947,1125.6998317458153,-6.545454545454546,False,False,84,5,0,590865,590823,590907,590840,590882,bp,115.13058823529413,42,-2001.0,42,42,3680.0
4948,678.0714441599974,-6.545454545454546,True,False,82,-29,8,590952,590907,590989,590929,590976,bp,67.1947463768116,47,-1012.0,45,37,2169.0
4949,407.1504212576661,-6.545454545454546,True,False,35,-10,15,591014,590989,591024,590994,591017,bp,121.26666666666668,23,-721.0,25,10,1334.0
4950,183.92531693150158,-6.545454545454546,True,True,32,-8,8,591044,591024,591056,591030,591050,bp,63.16666666666666,20,-854.0,20,12,886.0
4951,439.55535942182854,-6.545454545454546,True,False,46,8,-4,591077,591056,591102,591062,591083,bp,79.03333333333333,21,-1114.0,21,25,1613.0
4952,433.06172442336083,-6.545454545454546,True,False,25,18,1,591115,591102,591127,591112,591119,bp,226.375,7,-712.0,13,12,2400.0
4953,546.1717752227148,-6.545454545454546,True,False,97,-17,11,591181,591127,591224,591144,591201,bp,70.39054054054054,57,-1653.0,54,43,2495.0
4954,1436.8670982191375,-6.545454545454546,True,True,82,34,-32,591249,591224,591306,591241,591260,bp,213.6818181818182,19,-3130.0,25,57,4179.0
4955,1859.4627977727866,-3.242424242424242,True,True,83,10,1,594165,594123,594206,594156,594184,bp,205.36842105263162,28,-787.0,42,41,4079.0
4956,1201.6187857160194,-3.242424242424242,True,False,100,26,-40,594236,594206,594306,594222,594257,bp,129.53571428571428,35,-289.0,30,70,3687.0
4957,1180.648087284634,-3.242424242424242,True,False,51,10,-1,594331,594306,594357,594318,594350,bp,87.9412955465587,32,842.0,25,26,3761.0
4958,573.6997193921735,-3.242424242424242,True,False,66,-7,48,594414,594357,594423,594392,594420,bp,110.54545454545456,28,1432.0,57,9,1832.0
4959,1235.9288613650353,-3.242424242424242,False,False,49,-6,3,594449,594423,594472,594441,594463,bp,178.9375,22,-228.0,26,23,3607.0
4960,770.6694632450917,-3.242424242424242,False,False,50,8,-8,594493,594472,594522,594479,594503,bp,91.3,24,1596.0,21,29,2233.0
4961,1075.4744611251326,-3.242424242424242,True,True,63,-3,-11,594548,594522,594585,594535,594570,bp,74.08216783216783,35,382.0,26,37,3134.0
4962,904.8138537403996,-3.242424242424242,True,True,87,0,5,594631,594585,594672,594602,594644,bp,99.69893899204244,42,-148.0,46,41,3270.0
4963,1880.8806379380032,-3.242424242424242,True,True,83,23,-29,594699,594672,594755,594686,594715,bp,179.80528846153842,29,-1530.0,27,56,6650.0
4964,1683.4096899050492,-3.242424242424242,True,True,68,-21,-4,594787,594755,594823,594767,594809,bp,118.57045454545455,42,-1252.0,32,36,3526.0
4965,1669.8719225398236,-3.242424242424242,True,True,50,20,-8,594844,594823,594873,594830,594853,bp,177.68650793650795,23,-1446.0,21,29,4266.0
4966,1379.4644911321288,-3.242424242424242,True,True,66,33,-2,594905,594873,594939,594896,594921,bp,134.52777777777777,25,-111.0,32,34,3281.0
4967,2724.654386489917,-3.242424242424242,True,True,85,6,25,594994,594939,595024,594979,595004,bp,227.95,25,-3065.0,55,30,4960.0
4968,983.6866138126081,-3.242424242424242,True,True,88,-2,-14,595061,595024,595112,595035,595088,bp,66.70655270655271,53,-1383.0,37,51,3912.0
4969,1139.248385169829,-3.242424242424242,True,True,66,10,-16,594148,594123,594189,594132,594163,bp,103.62708333333332,31,-889.0,25,41,2180.0
4970,505.8244920265863,-3.242424242424242,True,False,54,-16,32,594232,594189,594243,594204,594236,bp,112.07142857142857,32,-781.0,43,11,1861.0
4971,208.89815900400976,-3.242424242424242,True,False,47,12,-5,594264,594243,594290,594252,594267,bp,121.79166666666666,15,-537.0,21,26,1646.0
4972,57.576914194994686,-3.242424242424242,True,False,16,8,-4,594296,594290,594306,594294,594302,bp,169.58333333333334,8,267.0,6,10,1483.0
4973,849.5686319112508,-3.242424242424242,True,False,64,-14,-14,594331,594306,594370,594318,594356,bp,78.72923076923077,38,55.0,25,39,3179.0
4974,1200.2658424213844,-3.242424242424242,True,True,52,-8,-6,594393,594370,594422,594380,594410,bp,105.68099547511312,30,-148.0,23,29,2445.0
4975,260.2179126490774,-3.242424242424242,False,False,34,-5,24,594451,594422,594456,594432,594453,bp,63.10526315789475,21,370.0,29,5,797.0
4976,386.81711218888915,-3.242424242424242,True,True,54,-17,-2,594482,594456,594510,594469,594505,bp,43.903010033444815,36,-337.0,26,28,1817.0
4977,468.54356995432096,-3.242424242424242,True,False,61,1,-17,594532,594510,594571,594524,594549,bp,23.683823529411764,25,-368.0,22,39,2451.0
4978,675.6461247780242,-3.242424242424242,True,False,35,7,-15,594581,594571,594606,594575,594589,bp,217.625,14,-538.0,10,25,2537.0
4979,76.25612912509817,-3.242424242424242,True,False,33,18,-11,594617,594606,594639,594610,594625,bp,159.95535714285714,15,574.0,11,22,1696.0
4980,341.96583323299467,-3.242424242424242,True,False,84,-4,0,594681,594639,594723,594658,594702,bp,60.650103519668725,44,-587.0,42,42,2731.0
4981,850.4188232963037,-3.242424242424242,True,True,67,-2,17,594765,594723,594790,594742,594776,bp,89.87747035573122,34,-218.0,42,25,2289.0
4982,480.6388694523773,-3.242424242424242,True,True,83,16,-31,594816,594790,594873,594808,594835,bp,136.62171052631578,27,-814.0,26,57,2456.0
4983,1269.7901792069802,-3.242424242424242,True,True,50,-9,-26,594885,594873,594923,594878,594908,bp,171.0,30,-1441.0,12,38,3851.0
4984,884.6622907645018,-3.242424242424242,True,False,46,-3,4,594948,594923,594969,594929,594954,bp,127.2017543859649,25,-503.0,25,21,2199.0
4985,983.10742720747,-3.242424242424242,True,True,48,14,-22,594982,594969,595017,594976,594994,bp,157.5,18,-878.0,13,35,2101.0
4986,451.54000729940367,-3.242424242424242,True,True,32,21,-4,595031,595017,595049,595026,595035,bp,212.675,9,-959.0,14,18,1444.0
4987,793.8896347460421,-3.242424242424242,True,False,40,24,24,595081,595049,595089,595065,595085,bp,178.6875,20,-1593.0,32,8,2675.0
4988,1167.7282192144378,2.606060606060606,False,False,50,2,0,598231,598206,598256,598213,598236,bp,123.54444444444445,23,-798.0,25,25,1525.0
4989,418.87529970321,2.606060606060606,True,True,33,7,-15,598265,598256,598289,598261,598274,bp,214.38888888888889,13,-1171.0,9,24,2342.0
4990,731.5844830961831,2.606060606060606,True,False,34,7,-16,598298,598289,598323,598294,598314,bp,188.71875,20,-873.0,9,25,3113.0
4991,476.9089448813672,2.606060606060606,True,False,67,-16,17,598365,598323,598390,598341,598380,bp,60.06666666666666,39,-459.0,42,25,2047.0
4992,490.1065381001834,2.606060606060606,False,False,49,-14,1,598415,598390,598439,598403,598434,bp,40.125,31,492.0,25,24,2356.0
4993,1192.9997170330812,2.606060606060606,True,True,79,-8,5,598481,598439,598518,598451,598493,bp,102.74166666666667,42,-914.0,42,37,3758.0
4994,1044.2060648601664,2.606060606060606,True,True,54,-14,4,598547,598518,598572,598527,598564,bp,60.81323529411765,37,424.0,29,25,2487.0
4995,1190.6254218898562,2.606060606060606,True,True,69,-13,-19,598597,598572,598641,598587,598632,bp,108.58571428571429,45,-61.0,25,44,4465.0
4996,2623.3139462984227,2.606060606060606,True,True,77,11,1,598680,598641,598718,598664,598698,bp,165.30555555555554,34,-1982.0,39,38,4403.0
4997,2281.0153681645043,2.606060606060606,True,True,72,21,20,598764,598718,598790,598743,598773,bp,234.77777777777774,30,-3120.0,46,26,5970.0
4998,2334.113884097107,2.606060606060606,True,True,82,41,6,598834,598790,598872,598824,598848,bp,240.73571428571427,24,-2883.0,44,38,5492.0
4999,2079.8594343959835,2.606060606060606,False,False,83,5,35,598931,598872,598955,598913,598938,bp,201.28968253968253,25,-2974.0,59,24,3884.0
5000,369.98542668547964,2.606060606060606,False,False,51,-4,1,598981,598955,599006,598968,598993,bp,52.419871794871796,25,-457.0,26,25,1452.0
5001,258.446679948348,2.606060606060606,True,False,50,-21,34,599048,599006,599056,599014,599052,bp,99.16176470588236,38,-1391.0,42,8,1487.0
5002,300.9887729783989,2.606060606060606,False,False,67,0,-17,599081,599056,599123,599069,599104,bp,24.68659420289855,35,-756.0,25,42,2620.0
5003,1227.0141891906485,2.606060606060606,True,True,83,-4,-33,599148,599123,599206,599139,599177,bp,152.35823754789268,38,-1960.0,25,58,5369.0
5004,2762.933667963192,2.606060606060606,True,True,57,7,-9,598225,598201,598258,598211,598239,bp,206.89285714285717,28,-2312.0,24,33,4711.0
5005,2653.194382362867,2.606060606060606,True,True,64,10,-16,598282,598258,598322,598274,598302,bp,255.7875,28,-3672.0,24,40,5479.0
5006,2658.8003530909828,2.606060606060606,True,True,68,9,-16,598348,598322,598390,598340,598369,bp,261.57142857142856,29,-3910.0,26,42,6744.0
5007,1858.7546844464819,2.606060606060606,False,False,49,9,5,598417,598390,598439,598407,598432,bp,175.91666666666663,25,-1826.0,27,22,2604.0
5008,2942.471909846165,2.606060606060606,False,False,67,16,7,598476,598439,598506,598466,598489,bp,301.41153846153844,23,-5651.0,37,30,7451.0
5009,1710.1267972201115,2.606060606060606,True,True,66,-4,16,598547,598506,598572,598528,598560,bp,118.31174089068828,32,-1935.0,41,25,4150.0
5010,1742.0129445167997,2.606060606060606,True,True,52,24,0,598598,598572,598624,598588,598615,bp,168.20294117647057,27,-2039.0,26,26,4329.0
5011,2895.235660288219,2.606060606060606,True,True,84,14,28,598680,598624,598708,598666,598691,bp,239.6136363636364,25,-2668.0,56,28,6912.0
5012,4754.905241124774,2.606060606060606,True,True,71,4,9,598748,598708,598779,598730,598760,bp,392.23611111111114,30,-6644.0,40,31,11526.0
5013,2261.563587667842,2.606060606060606,False,False,50,-6,20,598814,598779,598829,598794,598820,bp,153.05,26,-910.0,35,15,2465.0
5014,612.1702698874986,2.606060606060606,False,False,44,-1,-6,598848,598829,598873,598840,598868,bp,67.675,28,344.0,19,25,1982.0
5015,4217.53305362027,2.606060606060606,False,False,66,11,-4,598904,598873,598939,598895,598918,bp,374.7380952380952,23,-4903.0,31,35,9795.0
5016,2689.5779124079213,2.606060606060606,True,True,45,16,5,598964,598939,598984,598952,598969,bp,314.93333333333334,17,-1595.0,25,20,4117.0
5017,501.12590775642036,2.606060606060606,False,False,54,-16,30,599026,598984,599038,599002,599035,bp,86.90277777777777,33,-1368.0,42,12,1131.0
5018,1353.6750970117928,2.606060606060606,False,False,71,-12,5,599076,599038,599109,599052,599091,bp,137.275,39,-3510.0,38,33,6720.0
5019,1619.7130317859705,2.606060606060606,False,False,51,-16,-13,599128,599109,599160,599118,599151,bp,121.57173913043478,33,-90.0,19,32,3116.0
5020,1002.3038882179352,2.606060606060606,True,True,47,-11,1,599184,599160,599207,599168,599197,bp,103.76442307692308,29,-406.0,24,23,2670.0
5021,408.6234351635836,-5.233333333333333,False,False,50,-14,0,602714,602689,602739,602695,602732,bp,42.60087719298246,37,-1400.0,25,25,1451.0
5022,1233.6578990225544,-5.233333333333333,False,False,83,8,-1,602780,602739,602822,602755,602790,bp,158.06,35,-3092.0,41,42,4526.0
5023,667.9003749578793,-5.233333333333333,True,True,67,-14,15,602863,602822,602889,602833,602875,bp,84.86666666666666,42,-1055.0,41,26,1993.0
5024,498.02482821591286,-5.233333333333333,False,False,49,0,1,602914,602889,602938,602903,602924,bp,63.0,21,-81.0,25,24,2065.0
5025,471.7176798439468,-5.233333333333333,False,False,52,-2,-2,602963,602938,602990,602945,602975,bp,74.625,30,74.0,25,27,1859.0
5026,360.18231017580774,-5.233333333333333,False,False,49,18,1,603015,602990,603039,603003,603024,bp,104.72222222222223,21,1211.0,25,24,2332.0
5027,1373.7073366461552,-5.233333333333333,True,True,67,7,15,603080,603039,603106,603063,603088,bp,193.6029411764706,25,-1050.0,41,26,4052.0
5028,1513.907765771466,-5.233333333333333,True,True,67,25,-17,603131,603106,603173,603120,603149,bp,138.71969696969697,29,-1130.0,25,42,3483.0
5029,1279.6893748984348,-5.233333333333333,True,True,84,7,-2,603214,603173,603257,603203,603237,bp,146.33399209486166,34,-2040.0,41,43,4034.0
5030,685.8171749689301,-5.233333333333333,True,False,115,1,-35,603297,603257,603372,603278,603334,bp,67.49075391180655,56,-885.0,40,75,4007.0
5031,2300.723710756535,-5.233333333333333,True,False,67,5,-9,603401,603372,603439,603391,603421,bp,225.75,30,-2476.0,29,38,6019.0
5032,1189.7760919602588,-5.233333333333333,True,True,66,-4,18,603481,603439,603505,603456,603493,bp,83.035,37,314.0,42,24,3259.0
5033,1081.647896434548,-5.233333333333333,False,False,68,17,-12,603533,603505,603573,603526,603547,bp,164.5,21,315.0,28,40,1578.0
5034,661.3310085333147,-5.233333333333333,True,True,82,25,-32,603598,603573,603655,603585,603611,bp,77.65384615384616,26,-488.0,25,57,1823.0
5035,372.71697795790703,-5.233333333333333,False,False,52,-15,-14,602707,602688,602740,602696,602737,bp,62.9030303030303,41,1044.0,19,33,1084.0
5036,911.176150231699,-5.233333333333333,True,True,65,3,15,602780,602740,602805,602763,602793,bp,91.15384615384615,30,127.0,40,25,3269.0
5037,567.3116381486988,-5.233333333333333,True,False,83,-20,35,602864,602805,602888,602826,602870,bp,128.25,44,333.0,59,24,2834.0
5038,1544.8713831996154,-5.233333333333333,True,False,53,11,-27,602901,602888,602941,602894,602918,bp,191.88655462184875,24,111.0,13,40,4846.0
5039,1818.1542166571335,-5.233333333333333,True,False,64,3,-16,602965,602941,603005,602953,602981,bp,164.04166666666669,28,-195.0,24,40,3575.0
5040,1090.3955185009675,-5.233333333333333,True,False,36,-1,-6,603020,603005,603041,603012,603035,bp,141.28333333333333,23,687.0,15,21,3038.0
5041,2736.526390841843,-5.233333333333333,True,True,48,10,0,603065,603041,603089,603057,603079,bp,288.3571428571429,22,-1855.0,24,24,5927.0
5042,2320.425036806581,-5.233333333333333,True,True,67,7,15,603130,603089,603156,603111,603138,bp,237.32236842105263,27,-1385.0,41,26,5416.0
5043,1054.5835483182357,-5.233333333333333,True,True,63,15,-13,603181,603156,603219,603172,603191,bp,200.27222222222224,19,124.0,25,38,2743.0
5044,1203.585523420281,-5.233333333333333,False,False,53,18,-29,603231,603219,603272,603225,603249,bp,144.25,24,928.0,12,41,4331.0
5045,2375.878543585886,-5.233333333333333,True,True,67,-2,-15,603298,603272,603339,603291,603321,bp,242.79192546583846,30,-11.0,26,41,5455.0
5046,2213.782410613283,-5.233333333333333,True,True,99,41,-47,603365,603339,603438,603349,603384,bp,196.9111842105263,35,-1712.0,26,73,5990.0
5047,2476.895050496469,-5.233333333333333,True,True,66,11,-2,603470,603438,603504,603460,603485,bp,234.9333333333333,25,-1685.0,32,34,5178.0
5048,1935.3847730737396,-5.233333333333333,True,True,55,-1,3,603533,603504,603559,603521,603548,bp,166.2,27,-986.0,29,26,4074.0
5049,779.9193620991049,-5.233333333333333,True,True,81,-22,1,603600,603559,603640,603574,603629,bp,67.06631299734748,55,-966.0,41,40,2889.0
5050,1740.8237724326145,-5.233333333333333,True,True,69,0,3,603676,603640,603709,603662,603692,bp,167.3125,30,-2918.0,36,33,4084.0
