,amp_mean,period,ptsym_time,rdsym_time,sample,sample_lastE,sample_nextE,sample_zeroxD,sample_zeroxR,trough_sharp,trough_time,trough_volt,whole_decay_time,whole_rise_time,whole_rise_volt,oscillating_amp,oscillating_amp_time,subject,average rdsym
0,292.67794557342734,67,-19,17,10308,10266,10333,10289,10326,33.780701754385966,37,1239.0,42,25,1316.0,True,True,bp,-2.391304347826087
1,521.0301230718821,50,-23,32,10374,10333,10383,10344,10376,185.75,32,1028.0,41,9,1348.0,True,False,bp,-2.391304347826087
2,231.28686553286798,33,-3,-15,10392,10383,10416,10385,10412,45.839285714285715,27,1639.0,9,24,1472.0,True,False,bp,-2.391304347826087
3,694.6921966180532,67,-9,-15,10442,10416,10483,10436,10470,126.32142857142857,34,703.0,26,41,2528.0,False,False,bp,-2.391304347826087
4,434.01994517221056,50,-15,0,10508,10483,10533,10495,10527,37.844129554655865,32,2442.0,25,25,2343.0,False,False,bp,-2.391304347826087
5,413.54855670042997,33,8,17,10558,10533,10566,10544,10560,169.0,16,1946.0,25,8,990.0,False,False,bp,-2.391304347826087
6,404.7582829033868,66,-7,18,10608,10566,10632,10584,10620,56.58333333333333,36,206.0,42,24,1792.0,False,False,bp,-2.391304347826087
7,149.43811103831794,38,5,6,10654,10632,10670,10649,10661,129.11428571428573,12,629.0,22,16,1464.0,True,False,bp,-2.391304347826087
8,818.324504411481,46,-11,-2,10692,10670,10716,10678,10708,55.375,30,153.0,22,24,2322.0,False,False,bp,-2.391304347826087
9,335.01346770450834,49,-8,3,10742,10716,10765,10727,10752,51.05,25,1508.0,26,23,1430.0,False,False,bp,-2.391304347826087
10,379.09895640524365,50,6,-32,10774,10765,10815,10769,10792,135.46111111111108,23,1027.0,9,41,1146.0,True,True,bp,-2.391304347826087
11,533.0499605490875,52,0,-32,10825,10815,10867,10821,10854,175.57327586206898,33,112.0,10,42,2341.0,True,True,bp,-2.391304347826087
12,753.4678315560277,48,-10,20,10901,10867,10915,10887,10908,111.75,21,-927.0,34,14,1910.0,True,False,bp,-2.391304347826087
13,275.42152927770337,50,12,-18,10931,10915,10965,10919,10938,104.09523809523809,19,-640.0,16,34,2093.0,True,False,bp,-2.391304347826087
14,602.4713090782724,34,-4,12,10988,10965,10999,10969,10993,103.34210526315788,24,-53.0,23,11,1761.0,True,True,bp,-2.391304347826087
15,1048.5759799721409,51,-15,13,11031,10999,11050,11013,11043,94.38888888888887,30,-108.0,32,19,2796.0,True,True,bp,-2.391304347826087
16,657.3237801040615,32,16,8,11070,11050,11082,11058,11077,87.94047619047619,19,304.0,20,12,1202.0,False,False,bp,-2.391304347826087
17,506.9265600265407,101,-5,17,11141,11082,11183,11112,11153,78.9942528735632,41,-1497.0,59,42,2602.0,False,False,bp,-2.391304347826087
18,121.36729874076572,32,3,-14,11192,11183,11215,11189,11203,195.25757575757572,14,-334.0,9,23,1535.0,True,False,bp,-2.391304347826087
19,869.4986645441937,51,-1,3,11242,11215,11266,11220,11249,117.77272727272728,29,-915.0,27,24,2726.0,True,True,bp,-2.391304347826087
20,886.6250627038776,48,8,2,11291,11266,11314,11277,11294,170.26190476190476,17,-1101.0,25,23,1776.0,True,True,bp,-2.391304347826087
21,230.78560797855098,35,21,-15,11324,11314,11349,11319,11329,165.2,10,-363.0,10,25,2250.0,False,False,bp,-2.391304347826087
22,622.108498708423,49,-2,1,11374,11349,11398,11360,11387,62.28296703296704,27,675.0,25,24,2179.0,True,False,bp,-2.391304347826087
23,554.4600263306833,84,-11,-30,11425,11398,11482,11412,11457,77.57692307692308,45,237.0,27,57,2064.0,True,False,bp,-2.391304347826087
24,912.9305867488267,54,-8,-2,11508,11482,11536,11491,11526,67.95751633986927,35,-641.0,26,28,1612.0,True,False,bp,-2.391304347826087
25,334.8200472831517,30,11,14,11558,11536,11566,11553,11561,193.63333333333333,8,-892.0,22,8,1758.0,True,False,bp,-2.391304347826087
26,420.43637927900915,47,-12,3,11591,11566,11613,11580,11606,74.94848484848484,26,-640.0,25,22,1580.0,True,True,bp,-2.391304347826087
27,235.2258037278619,32,13,-10,11624,11613,11645,11620,11633,182.18055555555557,13,-850.0,11,21,1457.0,True,True,bp,-2.391304347826087
28,204.65211019304002,37,11,21,11674,11645,11682,11659,11679,64.73333333333333,20,-1127.0,29,8,1089.0,True,False,bp,-2.391304347826087
29,684.5591269761574,67,-5,17,11724,11682,11749,11710,11738,69.17857142857143,28,-2093.0,42,25,2343.0,True,False,bp,-2.391304347826087
30,540.8789427172264,67,-17,-5,11780,11749,11816,11761,11806,25.949392712550612,45,-1682.0,31,36,2103.0,True,True,bp,-2.391304347826087
31,340.3234536305956,50,-2,0,11841,11816,11866,11834,11854,63.983516483516475,20,-939.0,25,25,1280.0,True,True,bp,-2.391304347826087
32,655.4791382319836,50,-14,2,11892,11866,11916,11872,11909,58.25588235294118,37,-1667.0,26,24,2214.0,True,True,bp,-2.391304347826087
33,270.79891012309224,33,19,15,11940,11916,11949,11932,11943,171.8125,11,-1284.0,24,9,1503.0,False,False,bp,-2.391304347826087
34,358.74229874878233,66,-32,18,11991,11949,12015,11973,12011,63.68333333333334,38,-3191.0,42,24,2340.0,False,False,bp,-2.391304347826087
35,94.59494654899723,51,28,-25,12028,12015,12066,12017,12039,102.86363636363636,22,-2170.0,13,38,3062.0,False,False,bp,-2.391304347826087
36,538.0855953583426,83,-9,1,12108,12066,12149,12089,12126,64.22807017543859,37,-2175.0,42,41,1944.0,True,True,bp,-2.391304347826087
37,461.985729809466,50,14,-24,12162,12149,12199,12154,12176,84.57142857142857,22,-1362.0,13,37,2748.0,False,False,bp,-2.391304347826087
38,237.5174727772963,67,-8,-15,12225,12199,12266,12212,12246,41.16117216117215,34,-946.0,26,41,661.0,False,False,bp,-2.391304347826087
39,600.9439661526548,33,-11,15,12290,12266,12299,12272,12294,166.98611111111111,22,-2815.0,24,9,2521.0,False,False,bp,-2.391304347826087
40,648.9404220011799,50,-12,2,12325,12299,12349,12305,12336,86.01136363636363,31,-2236.0,26,24,2315.0,True,True,bp,-2.391304347826087
41,813.7911613618197,31,-3,9,12369,12349,12380,12355,12374,119.0,19,-2950.0,20,11,1187.0,False,False,bp,-2.391304347826087
42,278.66276222127493,36,-7,8,12402,12380,12416,12390,12411,30.805555555555557,21,-2766.0,22,14,1117.0,True,True,bp,-2.391304347826087
43,526.0352449070582,61,-18,23,10314,10272,10333,10297,10329,44.107843137254896,32,2410.0,42,19,1977.0,True,True,bp,-2.391304347826087
44,470.66464178902726,84,-31,-12,10369,10333,10417,10343,10401,29.36298076923077,58,2302.0,36,48,2155.0,True,False,bp,-2.391304347826087
45,550.0069441989157,48,-20,-2,10440,10417,10465,10428,10459,73.40570175438597,31,2349.0,23,25,2192.0,True,False,bp,-2.391304347826087
46,861.9727250247606,34,-1,-12,10476,10465,10499,10470,10488,205.20833333333331,18,2200.0,11,23,4617.0,True,True,bp,-2.391304347826087
47,1309.6812344515795,50,-16,0,10524,10499,10549,10505,10536,121.4144736842105,31,3234.0,25,25,2377.0,True,True,bp,-2.391304347826087
48,337.01202633234664,35,-14,-19,10557,10549,10584,10551,10577,89.71666666666668,26,4247.0,8,27,1203.0,True,True,bp,-2.391304347826087
49,510.11478955127717,32,0,-6,10597,10584,10616,10589,10612,116.84583333333332,23,3095.0,13,19,1834.0,True,False,bp,-2.391304347826087
50,748.9621189501038,87,-24,19,10669,10616,10703,10635,10687,62.23366013071897,52,2559.0,53,34,4258.0,True,False,bp,-2.391304347826087
51,811.0573576821864,63,16,-19,10725,10703,10766,10715,10746,127.08571428571429,31,3570.0,22,41,1897.0,False,False,bp,-2.391304347826087
52,565.0412232433148,99,-39,19,10825,10766,10865,10793,10850,66.371875,57,1307.0,59,40,3298.0,False,False,bp,-2.391304347826087
53,289.08925595234496,34,7,-14,10875,10865,10899,10868,10887,160.53571428571428,19,2432.0,10,24,1733.0,True,False,bp,-2.391304347826087
54,1089.4383404295963,51,6,1,10925,10899,10950,10913,10934,121.04166666666666,21,1719.0,26,25,3351.0,True,True,bp,-2.391304347826087
55,726.7516222373724,49,-6,25,10987,10950,10999,10961,10994,86.5989010989011,33,2406.0,37,12,1705.0,True,True,bp,-2.391304347826087
56,711.0109187918747,67,-11,17,11041,10999,11066,11021,11052,99.57954545454544,31,1377.0,42,25,2501.0,True,True,bp,-2.391304347826087
57,719.4506853848949,50,-5,0,11091,11066,11116,11072,11103,66.1469298245614,31,2087.0,25,25,2381.0,True,True,bp,-2.391304347826087
58,969.0381274795061,51,-13,31,11157,11116,11167,11129,11162,142.41785714285714,33,1661.0,41,10,2550.0,True,False,bp,-2.391304347826087
59,904.0634424061801,49,2,-1,11191,11167,11216,11182,11202,154.96464646464648,20,885.0,24,25,2611.0,True,True,bp,-2.391304347826087
60,1379.4577458204974,66,21,-16,11241,11216,11282,11224,11248,176.52521008403357,24,-711.0,25,41,3337.0,False,False,bp,-2.391304347826087
61,656.6132460546427,50,7,2,11308,11282,11332,11293,11327,23.485964912280703,34,1145.0,26,24,1834.0,False,False,bp,-2.391304347826087
62,318.94850049182685,56,2,28,11374,11332,11388,11368,11379,139.38333333333333,11,1641.0,42,14,1759.0,True,False,bp,-2.391304347826087
63,783.5283020799442,49,-8,-17,11404,11388,11437,11392,11426,43.65530303030303,34,2258.0,16,33,3084.0,False,False,bp,-2.391304347826087
64,736.7977285107512,62,-4,10,11473,11437,11499,11452,11485,87.32142857142857,33,1634.0,36,26,1842.0,False,False,bp,-2.391304347826087
65,433.3892019158133,67,5,17,11541,11499,11566,11514,11547,113.73148148148148,33,2288.0,42,25,2662.0,False,False,bp,-2.391304347826087
66,620.7676448669946,51,-5,11,11597,11566,11617,11585,11606,98.40277777777777,21,1702.0,31,20,1433.0,False,False,bp,-2.391304347826087
67,244.4442621268839,29,7,-3,11630,11617,11646,11622,11635,161.575,13,-342.0,13,16,961.0,False,False,bp,-2.391304347826087
68,605.596342410347,53,10,-9,11668,11646,11699,11655,11680,75.08974358974359,25,-2164.0,22,31,856.0,False,False,bp,-2.391304347826087
69,447.1871676270365,39,7,1,11719,11699,11738,11715,11727,189.4375,12,-3371.0,20,19,1784.0,False,False,bp,-2.391304347826087
70,567.8805601852038,45,-12,1,11761,11738,11783,11746,11774,66.63589743589743,28,-3334.0,23,22,2245.0,True,True,bp,-2.391304347826087
71,982.223493120299,49,-4,-1,11807,11783,11832,11790,11819,98.59803921568628,29,-4081.0,24,25,2973.0,True,True,bp,-2.391304347826087
72,946.9920356787936,37,21,9,11855,11832,11869,11844,11858,221.98484848484853,14,-5143.0,23,14,2455.0,True,True,bp,-2.391304347826087
73,821.1973878904398,47,6,7,11896,11869,11916,11893,11910,323.54761904761904,17,-6073.0,27,20,2315.0,False,False,bp,-2.391304347826087
74,322.0255422522219,51,-15,11,11947,11916,11967,11933,11963,26.816964285714285,30,-4594.0,31,20,2532.0,False,False,bp,-2.391304347826087
75,156.93626342088,65,-13,-17,11991,11967,12032,11978,12014,68.66220735785953,36,-4533.0,24,41,2572.0,True,True,bp,-2.391304347826087
76,879.2498665442012,42,1,-24,12041,12032,12074,12037,12059,250.51388888888889,22,-4946.0,9,33,3554.0,True,True,bp,-2.391304347826087
77,591.6566132603333,28,0,4,12090,12074,12102,12082,12097,90.60714285714286,15,-3437.0,16,12,1107.0,True,True,bp,-2.391304347826087
78,776.7468922553062,81,16,-37,12124,12102,12183,12112,12146,94.62121212121212,34,-3418.0,22,59,5520.0,False,False,bp,-2.391304347826087
79,964.017500014613,49,46,-13,12201,12183,12232,12196,12210,208.3,14,-368.0,18,31,2374.0,False,False,bp,-2.391304347826087
80,659.1697876893114,66,-9,20,12275,12232,12298,12270,12291,203.59375,21,-1056.0,43,23,2905.0,True,False,bp,-2.391304347826087
81,378.4100545870832,34,42,-14,12308,12298,12332,12303,12311,242.8,8,-1730.0,10,24,1335.0,False,False,bp,-2.391304347826087
82,672.244479521203,56,-1,36,12378,12332,12388,12361,12382,138.90441176470586,21,-3861.0,46,10,1686.0,False,False,bp,-2.391304347826087
83,233.5155336950443,44,25,-6,12407,12388,12432,12402,12414,239.01428571428573,12,-4466.0,19,25,1238.0,True,False,bp,-2.391304347826087
84,946.1039534951327,67,-29,-17,14224,14199,14266,14209,14258,73.29215686274509,49,172.0,25,42,2739.0,True,True,bp,-2.761904761904762
85,1315.3584909841784,55,8,-7,14290,14266,14321,14278,14301,125.96969696969695,23,-961.0,24,31,2158.0,False,False,bp,-2.761904761904762
86,464.29395438129797,41,26,-3,14340,14321,14362,14332,14346,96.70833333333334,14,261.0,19,22,1653.0,False,False,bp,-2.761904761904762
87,384.9092446103588,103,-24,7,14417,14362,14465,14386,14447,35.825806451612905,61,-477.0,55,48,1970.0,True,False,bp,-2.761904761904762
88,524.7260899756881,50,-5,12,14496,14465,14515,14484,14508,76.58333333333334,24,-998.0,31,19,1261.0,True,False,bp,-2.761904761904762
89,287.0700624756622,67,13,-17,14540,14515,14582,14527,14557,46.74660633484163,30,-926.0,25,42,1984.0,True,True,bp,-2.761904761904762
90,266.452921810584,36,5,16,14608,14582,14618,14600,14612,159.8125,12,-1657.0,26,10,1274.0,False,False,bp,-2.761904761904762
91,1160.5676932042295,47,18,-9,14637,14618,14665,14629,14646,199.52777777777774,17,-2951.0,19,28,4744.0,False,False,bp,-2.761904761904762
92,1848.2304462117895,50,17,0,14690,14665,14715,14681,14696,264.52777777777777,15,-2047.0,25,25,4358.0,True,True,bp,-2.761904761904762
93,1684.6201649944546,50,14,-6,14737,14715,14765,14728,14744,229.2936507936508,16,-2300.0,22,28,2871.0,True,True,bp,-2.761904761904762
94,1791.1317463343198,50,7,-10,14785,14765,14815,14774,14793,209.3636363636364,19,-3679.0,20,30,4134.0,True,True,bp,-2.761904761904762
95,1194.77208671854,50,7,-32,14824,14815,14865,14819,14846,144.22727272727272,27,-1754.0,9,41,2962.0,True,False,bp,-2.761904761904762
96,1316.547774146399,66,7,-14,14891,14865,14931,14880,14904,158.70979020979019,24,-2452.0,26,40,3919.0,True,False,bp,-2.761904761904762
97,2026.9408398506039,35,7,-5,14946,14931,14966,14935,14958,195.70454545454544,23,-2224.0,15,20,4955.0,True,False,bp,-2.761904761904762
98,1268.3819877559442,66,21,16,15007,14966,15032,14988,15013,144.13157894736844,25,-2018.0,41,25,1917.0,False,False,bp,-2.761904761904762
99,713.7166815775612,66,-8,16,15073,15032,15098,15059,15085,117.89285714285714,26,-2591.0,41,25,2472.0,True,False,bp,-2.761904761904762
100,329.49515137590095,34,39,-14,15108,15098,15132,15103,15113,173.39999999999995,10,-1762.0,10,24,2384.0,True,False,bp,-2.761904761904762
101,466.2015904643551,50,3,32,15173,15132,15182,15162,15177,150.0340909090909,15,-1724.0,41,9,1993.0,True,False,bp,-2.761904761904762
102,603.4657946985998,54,-1,0,15209,15182,15236,15195,15224,66.53333333333333,29,-1416.0,27,27,1648.0,True,True,bp,-2.761904761904762
103,668.8465207630377,46,-2,-2,15258,15236,15282,15252,15270,110.625,18,-2033.0,22,24,1496.0,True,True,bp,-2.761904761904762
104,365.01342530850866,50,-19,-2,15306,15282,15332,15286,15324,39.016666666666666,38,-1845.0,24,26,1900.0,True,True,bp,-2.761904761904762
105,1022.2486977019267,50,-10,2,15358,15332,15382,15343,15371,81.73846153846154,28,-2294.0,26,24,3132.0,True,True,bp,-2.761904761904762
106,969.7467456058307,50,3,-8,15403,15382,15432,15389,15411,122.82142857142857,22,-2102.0,21,29,2207.0,True,True,bp,-2.761904761904762
107,943.5395978385637,40,-6,-12,15446,15432,15472,15436,15462,65.51875,26,-1093.0,14,26,2408.0,False,False,bp,-2.761904761904762
108,1461.9444091270416,59,-2,-21,15491,15472,15531,15482,15509,176.86111111111111,27,-2579.0,19,40,2471.0,False,False,bp,-2.761904761904762
109,514.1900898202963,34,-1,-14,15541,15531,15565,15534,15553,99.23214285714286,19,-1203.0,10,24,2494.0,False,False,bp,-2.761904761904762
110,729.423886795312,34,5,6,15585,15565,15599,15571,15591,95.96428571428572,20,-392.0,20,14,1954.0,True,True,bp,-2.761904761904762
111,536.6425931709139,33,12,15,15623,15599,15632,15616,15627,251.69642857142856,11,-1790.0,24,9,1971.0,True,False,bp,-2.761904761904762
112,384.1703021117042,81,-18,-33,15656,15632,15713,15650,15693,144.91666666666669,43,-2458.0,24,57,3922.0,False,False,bp,-2.761904761904762
113,665.8390669609398,35,4,-15,15723,15713,15748,15718,15740,88.68235294117649,22,533.0,10,25,3089.0,False,False,bp,-2.761904761904762
114,799.0676645101117,50,-17,40,15793,15748,15798,15766,15794,180.90740740740742,28,-1294.0,45,5,1390.0,False,False,bp,-2.761904761904762
115,253.21817147219772,34,-9,-12,15809,15798,15832,15805,15828,117.2105263157895,23,-1301.0,11,23,1557.0,True,False,bp,-2.761904761904762
116,242.44346037492917,33,16,17,15857,15832,15865,15842,15860,62.93333333333333,18,-1187.0,25,8,49.0,False,False,bp,-2.761904761904762
117,540.3316895942218,66,-10,18,15907,15865,15931,15894,15919,87.59615384615385,25,-3036.0,42,24,2546.0,False,False,bp,-2.761904761904762
118,629.2838756635907,49,-9,-31,15940,15931,15980,15934,15963,119.34782608695652,29,-2629.0,9,40,2446.0,True,True,bp,-2.761904761904762
119,266.0276130119008,52,13,-32,15990,15980,16032,15983,16003,126.84065934065931,20,-1683.0,10,42,2792.0,True,True,bp,-2.761904761904762
120,452.92590124530784,34,-12,16,16057,16032,16066,16036,16060,151.14285714285714,24,-2014.0,25,9,1698.0,True,False,bp,-2.761904761904762
121,447.6023610568819,49,-10,-23,16079,16066,16115,16072,16109,99.04761904761904,37,-2192.0,13,36,2794.0,True,False,bp,-2.761904761904762
122,528.5947395395286,67,-13,15,16156,16115,16182,16136,16166,100.35,30,-1288.0,41,26,1709.0,True,False,bp,-2.761904761904762
123,231.7456400465102,50,21,-32,16191,16182,16232,16183,16208,62.577205882352935,25,-672.0,9,41,1134.0,True,False,bp,-2.761904761904762
124,551.7877613480457,84,13,-2,16273,16232,16316,16254,16289,59.430921052631575,35,-1760.0,41,43,1863.0,False,False,bp,-2.761904761904762
125,502.8546369337104,65,29,-11,14240,14213,14278,14228,14244,179.375,16,-148.0,27,38,2372.0,False,False,bp,-2.761904761904762
126,222.89315667541413,31,0,1,14294,14278,14309,14289,14304,92.35,15,1245.0,16,15,1696.0,False,False,bp,-2.761904761904762
127,483.223728756591,45,28,-15,14324,14309,14354,14319,14329,282.1,10,881.0,15,30,3552.0,True,False,bp,-2.761904761904762
128,891.1178392035819,62,-26,14,14392,14354,14416,14367,14411,56.26631578947368,44,2380.0,38,24,3118.0,True,True,bp,-2.761904761904762
129,1869.6810534808767,50,-5,-2,14440,14416,14466,14429,14459,162.83971291866033,30,260.0,24,26,3188.0,True,True,bp,-2.761904761904762
130,770.2436790834416,61,3,-11,14491,14466,14527,14484,14507,196.86160714285717,23,-235.0,25,36,2579.0,True,True,bp,-2.761904761904762
131,1159.9724743117845,44,13,-18,14540,14527,14571,14533,14554,184.35714285714286,21,-767.0,13,31,3248.0,True,True,bp,-2.761904761904762
132,983.9161151655467,64,9,-2,14602,14571,14635,14588,14609,146.89285714285714,21,-808.0,31,33,2318.0,True,True,bp,-2.761904761904762
133,597.6590509004917,43,-4,-21,14646,14635,14678,14639,14663,78.40336134453781,24,338.0,11,32,2642.0,False,False,bp,-2.761904761904762
134,956.1106824225667,38,-3,-12,14691,14678,14716,14683,14709,100.03472222222223,26,887.0,13,25,2347.0,True,True,bp,-2.761904761904762
135,190.76529701706212,63,-22,21,14758,14716,14779,14732,14769,38.346153846153854,37,651.0,42,21,1052.0,False,False,bp,-2.761904761904762
136,613.6174986202436,36,11,18,14806,14779,14815,14784,14810,126.23863636363636,26,-770.0,27,9,1923.0,False,False,bp,-2.761904761904762
137,582.459985544083,116,-3,4,14875,14815,14931,14847,14894,70.03853383458647,47,-1282.0,60,56,3815.0,True,False,bp,-2.761904761904762
138,1324.1316545151258,51,21,-11,14951,14931,14982,14938,14958,142.6868131868132,20,-150.0,20,31,2447.0,True,False,bp,-2.761904761904762
139,1023.4387599414923,67,-10,-15,15008,14982,15049,14999,15034,142.14529914529916,35,-1626.0,26,41,2489.0,True,False,bp,-2.761904761904762
140,960.0091037109115,39,2,5,15071,15049,15088,15059,15078,147.05952380952382,19,-2069.0,22,17,2361.0,True,False,bp,-2.761904761904762
141,976.6671352133001,59,4,-19,15108,15088,15147,15099,15126,95.47222222222223,27,-1544.0,20,39,2381.0,True,False,bp,-2.761904761904762
142,688.3545510684042,69,-5,-13,15175,15147,15216,15157,15192,72.58333333333334,35,-2077.0,28,41,2701.0,True,False,bp,-2.761904761904762
143,602.6210644307934,33,22,-5,15230,15216,15249,15222,15234,186.9375,12,-1486.0,14,19,1964.0,True,False,bp,-2.761904761904762
144,305.0669515367726,33,7,17,15274,15249,15282,15268,15277,233.5,9,-1498.0,25,8,1825.0,True,True,bp,-2.761904761904762
145,179.75196124532485,33,-1,15,15306,15282,15315,15293,15311,73.62307692307692,18,-1182.0,24,9,1015.0,True,True,bp,-2.761904761904762
146,446.03790212650915,62,17,-12,15340,15315,15377,15328,15346,161.70833333333334,18,-1468.0,25,37,3548.0,False,False,bp,-2.761904761904762
147,331.61800828770464,25,12,-9,15385,15377,15402,15381,15396,104.4431818181818,15,930.0,8,17,1178.0,False,False,bp,-2.761904761904762
148,575.2195961598543,44,12,10,15429,15402,15446,15423,15432,226.5,9,830.0,27,17,2089.0,True,False,bp,-2.761904761904762
149,736.9534553076671,37,-12,19,15474,15446,15483,15453,15476,152.89285714285714,23,112.0,28,9,1183.0,False,False,bp,-2.761904761904762
150,506.9266225088108,33,2,3,15501,15483,15516,15487,15506,164.12142857142857,19,-265.0,18,15,2653.0,True,True,bp,-2.761904761904762
151,1608.0467782924038,47,29,5,15542,15516,15563,15527,15552,169.78333333333333,25,-1448.0,26,21,3665.0,True,False,bp,-2.761904761904762
152,834.8640097294133,70,-7,52,15624,15563,15633,15606,15628,236.7083333333333,22,-3970.0,61,9,3177.0,True,False,bp,-2.761904761904762
153,344.7967017835662,65,25,-17,15657,15633,15698,15643,15673,63.59375,30,-3599.0,24,41,3884.0,True,False,bp,-2.761904761904762
154,352.025281299895,83,-23,33,15756,15698,15781,15728,15768,59.76785714285714,40,-4119.0,58,25,1982.0,False,False,bp,-2.761904761904762
155,523.9039275470469,31,0,-9,15792,15781,15812,15785,15801,218.952380952381,16,-5493.0,11,20,3158.0,True,False,bp,-2.761904761904762
156,871.9466360190822,69,-15,-15,15839,15812,15881,15817,15863,93.6193181818182,46,-6460.0,27,42,3244.0,True,False,bp,-2.761904761904762
157,555.9720989996076,83,-32,-31,15907,15881,15964,15894,15947,62.89711538461539,53,-5096.0,26,57,3510.0,True,True,bp,-2.761904761904762
158,551.2920719357037,84,29,-66,15973,15964,16048,15968,15997,183.1625,29,-4193.0,9,75,4301.0,True,True,bp,-2.761904761904762
159,1023.4533968668487,66,5,-16,16073,16048,16114,16055,16088,148.94444444444446,33,-3213.0,25,41,4615.0,False,False,bp,-2.761904761904762
160,323.3636911072478,50,3,2,16140,16114,16164,16126,16145,126.83571428571429,19,325.0,26,24,1912.0,False,False,bp,-2.761904761904762
161,232.45850253113946,29,16,-11,16173,16164,16193,16167,16182,182.77777777777774,15,-389.0,9,20,689.0,False,False,bp,-2.761904761904762
162,235.4855450942733,56,-12,40,16241,16193,16249,16213,16245,122.32142857142857,32,-3076.0,48,8,1334.0,False,False,bp,-2.761904761904762
163,487.8400364325029,69,-21,-7,16280,16249,16318,16265,16310,48.58333333333333,45,-3125.0,31,38,2850.0,False,False,bp,-2.761904761904762
164,1439.6384516007604,66,10,10,18003,17965,18031,17979,18012,103.45138888888887,33,-113.0,38,28,3488.0,True,True,bp,-1.9705882352941178
165,2107.5660715288877,67,16,17,18073,18031,18098,18055,18080,234.56746031746033,25,-767.0,42,25,5524.0,True,True,bp,-1.9705882352941178
166,939.8638538513196,83,-11,1,18140,18098,18181,18121,18167,62.95224171539961,46,1253.0,42,41,4207.0,True,True,bp,-1.9705882352941178
167,1927.9896300147198,63,21,27,18226,18181,18244,18202,18231,223.20416666666665,29,596.0,45,18,3394.0,True,True,bp,-1.9705882352941178
168,2055.455835409296,85,-6,13,18293,18244,18329,18281,18318,140.04333333333332,37,664.0,49,36,5576.0,True,True,bp,-1.9705882352941178
169,1090.619644526054,102,-6,10,18385,18329,18431,18349,18401,122.23263888888887,52,-822.0,56,46,2947.0,False,False,bp,-1.9705882352941178
170,428.00000741805087,34,13,16,18456,18431,18465,18447,18459,152.77777777777774,12,-305.0,25,9,1261.0,False,False,bp,-1.9705882352941178
171,996.358180512296,45,21,7,18491,18465,18510,18484,18495,340.2857142857143,11,-3049.0,26,19,2904.0,False,False,bp,-1.9705882352941178
172,616.3928907698019,38,0,20,18539,18510,18548,18527,18544,75.68333333333331,17,-1782.0,29,9,1822.0,True,True,bp,-1.9705882352941178
173,334.981645365294,33,-1,23,18576,18548,18581,18561,18578,109.53333333333332,17,-1758.0,28,5,661.0,False,False,bp,-1.9705882352941178
174,445.0653685007026,68,21,-16,18607,18581,18649,18594,18628,117.90476190476191,34,-3328.0,26,42,4023.0,False,False,bp,-1.9705882352941178
175,677.1946853087761,82,-11,34,18707,18649,18731,18683,18723,49.65625,40,-2150.0,58,24,3083.0,True,True,bp,-1.9705882352941178
176,1806.2684008875635,83,-3,-7,18769,18731,18814,18752,18786,143.67647058823533,34,-4466.0,38,45,4021.0,False,False,bp,-1.9705882352941178
177,450.07606028120034,51,16,-31,18824,18814,18865,18817,18842,77.10714285714286,25,-1868.0,10,41,1277.0,False,False,bp,-1.9705882352941178
178,223.31438396658098,33,7,17,18890,18865,18898,18883,18894,158.71428571428572,11,-2385.0,25,8,1774.0,True,False,bp,-1.9705882352941178
179,552.9823342374416,51,5,-1,18923,18898,18949,18912,18929,122.55303030303033,17,-2985.0,25,26,2033.0,True,True,bp,-1.9705882352941178
180,134.41970580004568,33,-2,-19,18956,18949,18982,18951,18970,112.95714285714287,19,-2227.0,7,26,1267.0,True,True,bp,-1.9705882352941178
181,353.20382982485944,54,-14,-4,19007,18982,19036,18987,19019,66.55833333333334,32,-2005.0,25,29,1830.0,False,False,bp,-1.9705882352941178
182,94.26127023343635,45,29,-33,19042,19036,19081,19037,19058,38.65625,21,-486.0,6,39,859.0,False,False,bp,-1.9705882352941178
183,658.2107341010319,84,-5,34,19140,19081,19165,19108,19150,79.54375,42,-2948.0,59,25,2339.0,False,False,bp,-1.9705882352941178
184,332.6232896329693,66,-5,18,19207,19165,19231,19187,19213,117.85,26,-1376.0,42,24,2642.0,False,False,bp,-1.9705882352941178
185,754.5824727620441,36,7,-16,19241,19231,19267,19234,19255,115.28571428571428,21,-471.0,10,26,2519.0,True,False,bp,-1.9705882352941178
186,1319.8578233135786,64,20,-16,19291,19267,19331,19283,19298,253.76785714285717,15,-1624.0,24,40,3619.0,True,False,bp,-1.9705882352941178
187,512.2811968711552,33,2,15,19355,19331,19364,19333,19358,122.54545454545456,25,104.0,24,9,1575.0,True,False,bp,-1.9705882352941178
188,655.719226499001,90,1,-6,19406,19364,19454,19385,19426,68.45476190476191,41,-1002.0,42,48,1866.0,True,False,bp,-1.9705882352941178
189,1037.8978035146126,44,25,-6,19473,19454,19498,19468,19479,275.8833333333333,11,-1850.0,19,25,3178.0,False,False,bp,-1.9705882352941178
190,473.6793203249076,34,3,8,19519,19498,19532,19515,19527,160.125,12,-242.0,21,13,1873.0,False,False,bp,-1.9705882352941178
191,499.18952195382104,44,-3,6,19557,19532,19576,19542,19568,70.52727272727273,26,-270.0,25,19,1105.0,True,True,bp,-1.9705882352941178
192,128.8249541786301,37,0,25,19607,19576,19613,19591,19609,74.1875,18,-929.0,31,6,658.0,False,False,bp,-1.9705882352941178
193,198.47876389566304,68,-8,-16,19639,19613,19681,19627,19669,49.96666666666667,42,-1662.0,26,42,1819.0,False,False,bp,-1.9705882352941178
194,617.5217083044099,51,18,-1,19706,19681,19732,19703,19718,232.79166666666663,15,-2209.0,25,26,1658.0,True,True,bp,-1.9705882352941178
195,261.3605005769532,83,-24,31,19789,19732,19815,19751,19800,75.67583732057416,49,-3016.0,57,26,1508.0,True,False,bp,-1.9705882352941178
196,437.6431953304484,38,5,12,19840,19815,19853,19825,19845,68.76666666666667,20,-3607.0,25,13,1440.0,True,False,bp,-1.9705882352941178
197,591.1276958045062,45,14,-5,19873,19853,19898,19870,19879,278.4166666666667,9,-4333.0,20,25,2391.0,True,True,bp,-1.9705882352941178
198,457.5066804938785,24,35,-6,19907,19898,19922,19902,19907,,5,-4021.0,9,15,493.0,False,False,bp,-1.9705882352941178
199,304.9567143314051,42,8,18,19952,19922,19964,19947,19957,291.4,10,-6449.0,30,12,2500.0,False,False,bp,-1.9705882352941178
200,208.92935300012698,34,-7,10,19986,19964,19998,19975,19992,73.76515151515152,17,-6152.0,22,12,2318.0,True,True,bp,-1.9705882352941178
201,166.04260637985286,32,21,-14,20007,19998,20030,20002,20019,124.88333333333333,17,-5630.0,9,23,2085.0,True,False,bp,-1.9705882352941178
202,501.30960704160805,95,8,-9,20073,20030,20125,20057,20097,95.61458333333334,40,-6170.0,43,52,2918.0,True,False,bp,-1.9705882352941178
203,256.4085881823748,55,-7,19,20162,20125,20180,20145,20169,111.60504201680672,24,-4878.0,37,18,1793.0,True,False,bp,-1.9705882352941178
204,492.3488019123234,38,12,-20,20189,20180,20218,20186,20199,257.83333333333337,13,-5042.0,9,29,4127.0,False,False,bp,-1.9705882352941178
205,427.5054336622384,43,4,1,20240,20218,20261,20224,20244,112.3125,20,-1799.0,22,21,1808.0,False,False,bp,-1.9705882352941178
206,168.00587609595374,54,26,-32,20272,20261,20315,20268,20293,85.60119047619048,25,-1104.0,11,43,1718.0,True,False,bp,-1.9705882352941178
207,465.274417021049,82,-10,34,20373,20315,20397,20344,20384,60.17084639498432,40,-2234.0,58,24,1769.0,True,False,bp,-1.9705882352941178
208,1591.029460705453,79,-16,9,17996,17952,18031,17968,18013,132.3939075630252,45,71.0,44,35,6192.0,True,True,bp,-1.9705882352941178
209,3874.378069348948,57,-2,-5,18057,18031,18088,18042,18075,259.95,33,-1820.0,26,31,8783.0,True,True,bp,-1.9705882352941178
210,1402.6037038848172,92,-38,12,18140,18088,18180,18106,18167,87.08442265795208,61,1835.0,52,40,4769.0,True,True,bp,-1.9705882352941178
211,1085.526252227708,71,-5,-9,18211,18180,18251,18190,18230,92.90852130325813,40,1725.0,31,40,2543.0,True,True,bp,-1.9705882352941178
212,910.3441527922224,107,13,-57,18276,18251,18358,18265,18309,122.24242424242424,44,907.0,25,82,5076.0,True,False,bp,-1.9705882352941178
213,2107.249600744652,52,9,-8,18380,18358,18410,18366,18390,173.32142857142856,24,851.0,22,30,3406.0,True,False,bp,-1.9705882352941178
214,2265.779466977441,50,9,-2,18434,18410,18460,18423,18448,199.49350649350646,25,-669.0,24,26,5032.0,True,True,bp,-1.9705882352941178
215,1923.0545738805747,56,-13,6,18491,18460,18516,18482,18508,239.10130718954247,26,-1819.0,31,25,4603.0,True,True,bp,-1.9705882352941178
216,728.3039933418958,52,-2,0,18542,18516,18568,18521,18550,67.44047619047619,29,332.0,26,26,1315.0,False,False,bp,-1.9705882352941178
217,385.702452626634,30,11,12,18589,18568,18598,18577,18592,138.16666666666666,15,-1031.0,21,9,1273.0,False,False,bp,-1.9705882352941178
218,722.2765750168743,83,30,-33,18623,18598,18681,18618,18642,165.59473684210525,24,-2061.0,25,58,3605.0,True,False,bp,-1.9705882352941178
219,1417.1343628159975,66,3,-14,18707,18681,18747,18696,18727,144.6409090909091,31,-2153.0,26,40,5021.0,True,True,bp,-1.9705882352941178
220,1635.463457034467,47,5,5,18773,18747,18794,18761,18778,160.4,17,-1970.0,26,21,1142.0,False,False,bp,-1.9705882352941178
221,705.3816827445979,38,-12,-10,18808,18794,18832,18800,18825,61.25,25,-1166.0,14,24,3215.0,False,False,bp,-1.9705882352941178
222,974.179538301712,50,21,-2,18856,18832,18882,18838,18867,83.14141414141416,29,30.0,24,26,2260.0,True,False,bp,-1.9705882352941178
223,546.531246912921,100,-17,48,18956,18882,18982,18917,18960,164.30448717948718,43,-1387.0,74,26,2771.0,True,False,bp,-1.9705882352941178
224,687.8954684771422,46,-9,4,19007,18982,19028,18986,19014,85.52380952380952,28,-629.0,25,21,1598.0,True,False,bp,-1.9705882352941178
225,783.0916136103324,37,-9,-13,19040,19028,19065,19033,19058,121.69444444444444,25,-1078.0,12,25,2209.0,True,True,bp,-1.9705882352941178
226,784.2452058345317,35,-7,15,19090,19065,19100,19074,19095,121.23125,21,-1682.0,25,10,2046.0,True,True,bp,-1.9705882352941178
227,504.8505574828982,38,-6,8,19123,19100,19138,19109,19132,84.1388888888889,23,-784.0,23,15,2169.0,False,False,bp,-1.9705882352941178
228,363.74349734280503,33,8,1,19155,19138,19171,19149,19162,131.64285714285714,13,521.0,17,16,2483.0,False,False,bp,-1.9705882352941178
229,948.626436047498,44,-6,-8,19189,19171,19215,19183,19208,128.06140350877195,25,1018.0,18,26,2244.0,True,True,bp,-1.9705882352941178
230,359.59588909017225,33,21,19,19241,19215,19248,19227,19245,134.98214285714286,18,987.0,26,7,1450.0,False,False,bp,-1.9705882352941178
231,859.707287880812,84,-15,26,19303,19248,19332,19284,19317,123.21428571428572,33,-2167.0,55,29,3365.0,False,False,bp,-1.9705882352941178
232,613.2979969604507,34,15,-18,19340,19332,19366,19335,19346,352.26666666666665,11,-1765.0,8,26,4695.0,False,False,bp,-1.9705882352941178
233,996.3257742830341,49,-12,-1,19390,19366,19415,19372,19407,72.85784313725489,35,695.0,24,25,3121.0,False,False,bp,-1.9705882352941178
234,1676.8608047250082,48,1,2,19440,19415,19463,19430,19452,154.31666666666666,22,-383.0,25,23,3161.0,True,True,bp,-1.9705882352941178
235,700.068763937572,51,-23,27,19502,19463,19514,19475,19511,67.79629629629629,36,-1356.0,39,12,965.0,False,False,bp,-1.9705882352941178
236,225.8905000166872,50,-23,22,19550,19514,19564,19524,19559,41.08547008547009,35,-2347.0,36,14,1193.0,False,False,bp,-1.9705882352941178
237,636.8467909738881,44,-1,4,19588,19564,19608,19571,19592,135.08088235294116,21,-3449.0,24,20,1647.0,False,False,bp,-1.9705882352941178
238,224.39935812300845,27,1,-11,19616,19608,19635,19612,19627,65.26136363636363,15,-2166.0,8,19,1753.0,False,False,bp,-1.9705882352941178
239,472.533481560332,82,-17,-32,19660,19635,19717,19643,19693,46.64795008912656,50,-1701.0,25,57,4324.0,False,False,bp,-1.9705882352941178
240,969.606257520865,47,27,7,19744,19717,19764,19726,19747,180.58333333333331,21,262.0,27,20,2052.0,True,True,bp,-1.9705882352941178
241,441.26341009071365,68,0,50,19823,19764,19832,19795,19827,115.30357142857143,32,-113.0,59,9,1521.0,False,False,bp,-1.9705882352941178
242,391.1815755418032,70,22,12,19873,19832,19902,19859,19887,83.85714285714286,28,-1836.0,41,29,1118.0,False,False,bp,-1.9705882352941178
243,656.126503533509,63,-15,23,19945,19902,19965,19937,19960,144.37083333333334,23,-3618.0,43,20,2135.0,False,False,bp,-1.9705882352941178
244,192.698346663684,22,9,-2,19975,19965,19987,19968,19981,173.34523809523807,13,-3641.0,10,12,2468.0,True,False,bp,-1.9705882352941178
245,319.12836684618543,49,-17,31,20027,19987,20036,20003,20032,163.45,29,-3406.0,40,9,-147.0,False,False,bp,-1.9705882352941178
246,385.5760789636337,46,-7,-8,20055,20036,20082,20044,20072,74.85026737967914,28,-4027.0,19,27,2520.0,False,False,bp,-1.9705882352941178
247,921.0573520184332,50,3,-10,20102,20082,20132,20093,20116,100.37698412698411,23,-3511.0,20,30,3072.0,True,True,bp,-1.9705882352941178
248,1251.8118146870067,55,-4,-9,20155,20132,20187,20142,20172,123.7285067873303,30,-3432.0,23,32,4050.0,True,True,bp,-1.9705882352941178
249,502.37738832183175,41,19,-5,20205,20187,20228,20198,20214,172.15079365079367,16,-1453.0,18,23,3125.0,True,True,bp,-1.9705882352941178
250,519.4256440767242,68,0,22,20273,20228,20296,20249,20283,106.99583333333332,34,-665.0,45,23,2524.0,True,True,bp,-1.9705882352941178
251,548.5983814265146,68,4,20,20340,20296,20364,20317,20352,61.97101449275362,35,-955.0,44,24,2019.0,True,True,bp,-1.9705882352941178
252,623.2666686837069,56,-6,28,22256,22214,22270,22232,22261,107.1125,29,2210.0,42,14,1837.0,True,False,bp,-4.828125
253,863.2425317041475,45,12,-5,22290,22270,22315,22284,22302,138.29166666666669,18,1532.0,20,25,2153.0,True,False,bp,-4.828125
254,525.5639208845333,98,-26,10,22369,22315,22413,22332,22390,63.97619047619048,58,742.0,54,44,3754.0,False,False,bp,-4.828125
255,651.3267687202223,34,16,10,22435,22413,22447,22422,22442,58.34065934065934,20,2894.0,22,12,1785.0,False,False,bp,-4.828125
256,1203.3101739031952,98,3,20,22506,22447,22545,22478,22512,134.57142857142856,34,-362.0,59,39,2772.0,False,False,bp,-4.828125
257,1132.6484068299926,47,31,-25,22556,22545,22592,22549,22575,131.1390977443609,26,324.0,11,36,3170.0,True,False,bp,-4.828125
258,696.0664769203149,73,-5,55,22656,22592,22665,22632,22660,109.52083333333334,28,142.0,64,9,1500.0,False,False,bp,-4.828125
259,841.9906666395874,83,18,-25,22694,22665,22748,22683,22718,76.89015151515152,35,-144.0,29,54,3931.0,False,False,bp,-4.828125
260,1231.082449398264,66,22,16,22789,22748,22814,22771,22800,143.16161616161617,29,-25.0,41,25,3041.0,True,True,bp,-4.828125
261,912.0433849471933,96,-5,20,22872,22814,22910,22851,22891,64.67543859649122,40,200.0,58,38,2299.0,True,True,bp,-4.828125
262,1012.0051198182016,71,-3,13,22952,22910,22981,22926,22961,113.72008547008545,35,-829.0,42,29,2800.0,True,True,bp,-4.828125
263,310.662177689335,50,-25,-2,23005,22981,23031,22993,23027,49.72727272727273,34,409.0,24,26,1821.0,True,True,bp,-4.828125
264,930.6696915811168,66,8,-18,23055,23031,23097,23036,23072,82.0,36,-193.0,24,42,3466.0,True,True,bp,-4.828125
265,1866.1489492642067,53,7,5,23126,23097,23150,23116,23138,163.20833333333331,22,-329.0,29,24,3604.0,True,True,bp,-4.828125
266,1773.0847000772271,81,-13,-1,23190,23150,23231,23167,23209,154.22196796338673,42,-2767.0,40,41,6898.0,True,True,bp,-4.828125
267,1534.964662851115,49,5,3,23257,23231,23280,23238,23261,147.4013157894737,23,441.0,26,23,1702.0,False,False,bp,-4.828125
268,245.94876909453203,34,-12,18,23306,23280,23314,23289,23309,120.81372549019608,20,577.0,26,8,1572.0,True,False,bp,-4.828125
269,215.60855390247684,34,13,-18,23322,23314,23348,23317,23335,142.0769230769231,18,223.0,8,26,1350.0,False,False,bp,-4.828125
270,1161.474021646801,67,-5,-17,23373,23348,23415,23366,23395,164.88636363636363,29,-1973.0,25,42,3006.0,False,False,bp,-4.828125
271,191.1954946030941,32,20,-16,23423,23415,23447,23419,23429,169.08333333333331,10,-20.0,8,24,2183.0,False,False,bp,-4.828125
272,696.5931735744939,50,-16,0,23472,23447,23497,23459,23491,53.12145748987854,32,535.0,25,25,1779.0,True,True,bp,-4.828125
273,585.7179769982922,70,-20,14,23539,23497,23567,23507,23551,94.66666666666669,44,-761.0,42,28,2373.0,True,True,bp,-4.828125
274,984.2133199676367,47,-2,5,23593,23567,23614,23575,23601,118.69444444444444,26,-825.0,26,21,2258.0,True,True,bp,-4.828125
275,687.3133677562231,67,-1,15,23655,23614,23681,23625,23660,106.2,35,-2062.0,41,26,1740.0,False,False,bp,-4.828125
276,550.4341784362216,50,14,0,23706,23681,23731,23694,23725,49.96052631578947,31,-1218.0,25,25,2473.0,False,False,bp,-4.828125
277,798.3363538984355,66,3,24,23776,23731,23797,23770,23789,161.01923076923075,19,-936.0,45,21,2707.0,True,True,bp,-4.828125
278,287.0670126157747,67,-35,49,23855,23797,23864,23811,23858,156.25757575757575,47,-1169.0,58,9,1718.0,True,False,bp,-4.828125
279,295.05166993282916,33,-10,23,23892,23864,23897,23870,23894,83.29545454545455,24,-1688.0,28,5,888.0,False,False,bp,-4.828125
280,237.28360181700543,47,-14,3,23922,23897,23944,23908,23935,39.26098901098901,27,-2535.0,25,22,1111.0,True,True,bp,-4.828125
281,154.93120462132424,32,9,-10,23955,23944,23976,23948,23965,104.32142857142857,17,-2549.0,11,21,1334.0,True,False,bp,-4.828125
282,455.65877385370607,88,-17,-30,24005,23976,24064,23991,24042,51.47490347490347,51,-3132.0,29,59,2212.0,True,False,bp,-4.828125
283,286.4901582228089,56,-4,-8,24088,24064,24120,24076,24102,69.1190476190476,26,-3459.0,24,32,1597.0,True,True,bp,-4.828125
284,813.333272032949,42,10,-6,24138,24120,24162,24124,24142,205.10714285714286,18,-4090.0,18,24,2825.0,True,False,bp,-4.828125
285,331.8141705191808,22,5,4,24175,24162,24184,24170,24179,250.0,9,-3440.0,13,9,1802.0,True,False,bp,-4.828125
286,478.22281693166855,61,-4,5,24217,24184,24245,24193,24225,57.47916666666667,32,-4620.0,33,28,1853.0,False,False,bp,-4.828125
287,705.3521035568698,51,7,-31,24255,24245,24296,24253,24273,124.11111111111113,20,-3262.0,10,41,4483.0,False,False,bp,-4.828125
288,830.9372523369761,35,10,-15,24306,24296,24331,24300,24317,127.62121212121212,17,-567.0,10,25,1826.0,False,False,bp,-4.828125
289,634.4935928844072,48,10,0,24355,24331,24379,24344,24366,108.4090909090909,22,-1624.0,24,24,1131.0,False,False,bp,-4.828125
290,511.80861817419566,55,3,31,24422,24379,24434,24398,24427,117.47083333333332,29,-4731.0,43,12,1543.0,False,False,bp,-4.828125
291,1275.5743932580078,58,17,-28,22190,22175,22233,22186,22209,231.09210526315792,23,-2142.0,15,43,3015.0,False,False,bp,-4.828125
292,551.9430456172845,64,45,-18,22256,22233,22297,22249,22273,97.55882352941177,24,-530.0,23,41,2895.0,False,False,bp,-4.828125
293,812.9328663156081,84,6,36,22357,22297,22381,22342,22367,94.1,25,-1845.0,60,24,1622.0,False,False,bp,-4.828125
294,447.8610675338344,66,-10,18,22423,22381,22447,22398,22430,138.43142857142857,32,-1610.0,42,24,3666.0,False,False,bp,-4.828125
295,1360.0902952976962,50,26,-26,22459,22447,22497,22452,22475,154.09375,23,-1262.0,12,38,2030.0,False,False,bp,-4.828125
296,1103.5058367747079,81,6,3,22539,22497,22578,22524,22556,123.00784313725491,32,-3393.0,42,39,3752.0,False,False,bp,-4.828125
297,661.8255522228874,40,-5,14,22605,22578,22618,22594,22610,185.5181818181818,16,-1192.0,27,13,3259.0,False,False,bp,-4.828125
298,257.2161856899049,29,10,-11,22627,22618,22647,22621,22639,116.25,18,365.0,9,20,1498.0,False,False,bp,-4.828125
299,771.2437768317183,49,-7,35,22689,22647,22696,22667,22691,116.36363636363636,24,-1226.0,42,7,984.0,False,False,bp,-4.828125
300,427.3649316384437,34,-6,8,22717,22696,22730,22708,22725,128.22916666666666,17,-1835.0,21,13,2693.0,True,True,bp,-4.828125
301,277.03322134473564,35,15,-13,22741,22730,22765,22736,22750,173.88888888888889,14,-1490.0,11,24,2157.0,True,False,bp,-4.828125
302,901.6671579380162,82,24,-46,22783,22765,22847,22779,22810,164.53703703703704,31,-1348.0,18,64,3234.0,True,False,bp,-4.828125
303,2211.2031301788224,50,21,2,22873,22847,22897,22865,22879,332.39583333333337,14,-3040.0,26,24,5046.0,True,True,bp,-4.828125
304,1608.05373302444,66,-17,18,22939,22897,22963,22914,22951,139.19666666666666,37,-2969.0,42,24,4070.0,True,False,bp,-4.828125
305,568.7857052673396,35,9,-5,22978,22963,22998,22971,22986,112.94642857142857,15,-1068.0,15,20,1435.0,True,False,bp,-4.828125
306,824.9752227686688,66,-5,-18,23022,22998,23064,23010,23043,82.85714285714286,33,-1652.0,24,42,3325.0,True,False,bp,-4.828125
307,1592.078662886333,49,8,1,23089,23064,23113,23071,23094,230.15,23,-2554.0,25,24,3610.0,True,True,bp,-4.828125
308,694.5208923086419,51,-4,-1,23138,23113,23164,23125,23150,112.48397435897436,25,-970.0,25,26,2356.0,True,True,bp,-4.828125
309,1093.3296877852276,67,-22,-17,23189,23164,23231,23171,23215,98.74572649572652,44,-1490.0,25,42,4653.0,True,True,bp,-4.828125
310,1729.6432018279274,50,-1,-10,23251,23231,23281,23237,23266,198.15714285714282,29,-1379.0,20,30,4114.0,False,False,bp,-4.828125
311,113.17312554127554,32,7,10,23302,23281,23313,23294,23307,108.2,13,875.0,21,11,1307.0,False,False,bp,-4.828125
312,508.07017224285727,74,3,-20,23340,23313,23387,23327,23361,85.42673992673994,34,-645.0,27,47,2492.0,False,False,bp,-4.828125
313,666.8546845630841,43,23,-5,23406,23387,23430,23398,23419,77.01442307692308,21,247.0,19,24,1398.0,False,False,bp,-4.828125
314,738.9397423856578,99,-13,19,23489,23430,23529,23463,23504,108.49487179487178,41,-1804.0,59,40,3895.0,False,False,bp,-4.828125
315,514.8804093798589,36,6,-16,23539,23529,23565,23532,23552,131.68131868131871,20,123.0,10,26,1680.0,True,False,bp,-4.828125
316,1085.340586143479,49,-8,-1,23589,23565,23614,23578,23606,108.88235294117645,28,-926.0,24,25,3166.0,True,True,bp,-4.828125
317,472.75181378805405,65,7,-15,23639,23614,23679,23626,23656,41.83936651583711,30,-476.0,25,40,1818.0,True,True,bp,-4.828125
318,506.9013553541645,47,1,-5,23700,23679,23726,23693,23712,139.5952380952381,19,-1466.0,21,26,497.0,False,False,bp,-4.828125
319,232.943810895624,18,17,2,23736,23726,23744,23732,23740,178.625,8,-2944.0,10,8,1169.0,False,False,bp,-4.828125
320,1648.5261975255426,53,21,1,23771,23744,23797,23765,23779,360.16666666666663,14,-5945.0,27,26,4523.0,False,False,bp,-4.828125
321,576.6793810238695,80,-2,4,23839,23797,23877,23814,23850,92.71454545454546,36,-6295.0,42,38,2041.0,False,False,bp,-4.828125
322,432.63289684031616,33,5,-9,23889,23877,23910,23884,23900,147.0909090909091,16,-6353.0,12,21,2958.0,True,False,bp,-4.828125
323,318.28293912247364,94,-31,30,23972,23910,24004,23921,23983,74.03743315508021,62,-8502.0,62,32,3121.0,True,False,bp,-4.828125
324,369.7550023664898,44,-10,-6,24023,24004,24048,24014,24037,128.14285714285714,23,-6978.0,19,25,2822.0,True,False,bp,-4.828125
325,786.8190625030875,33,2,-19,24055,24048,24081,24050,24070,202.96666666666667,20,-6852.0,7,26,2326.0,False,False,bp,-4.828125
326,390.2434820832663,47,0,3,24106,24081,24128,24092,24114,98.375,22,-5111.0,25,22,1763.0,False,False,bp,-4.828125
327,970.7339011567227,36,12,-12,24140,24128,24164,24136,24146,395.5,10,-5930.0,12,24,4701.0,True,True,bp,-4.828125
328,829.7938768538777,39,-7,-11,24178,24164,24203,24168,24190,87.64166666666668,22,-4063.0,14,25,769.0,False,False,bp,-4.828125
329,201.68450909529324,45,-8,-39,24206,24203,24248,24205,24233,93.38888888888887,28,-3565.0,3,42,3781.0,False,False,bp,-4.828125
330,784.9963640251195,45,9,-23,24259,24248,24293,24253,24272,186.1730769230769,19,-2190.0,11,34,4499.0,False,False,bp,-4.828125
331,448.5444986671855,38,10,10,24317,24293,24331,24300,24324,35.65126050420168,24,934.0,24,14,735.0,False,False,bp,-4.828125
332,1298.1225971488855,62,25,18,24371,24331,24393,24358,24375,283.14423076923083,17,-4258.0,40,22,2719.0,False,False,bp,-4.828125
333,570.3908874222357,55,12,5,24423,24393,24448,24417,24429,245.75,12,-5145.0,30,25,2228.0,True,True,bp,-4.828125
334,327.0830411091034,38,22,-16,24459,24448,24486,24453,24469,91.9,16,-4052.0,11,27,2156.0,True,True,bp,-4.828125
335,484.85853206070885,33,-1,3,26215,26197,26230,26201,26222,75.03571428571428,21,1167.0,18,15,1342.0,False,False,bp,0.030303030303030304
336,421.9340214945988,84,-35,32,26288,26230,26314,26242,26299,88.1590909090909,57,-2170.0,58,26,1923.0,False,False,bp,0.030303030303030304
337,1206.8684142093045,33,6,3,26332,26314,26347,26321,26342,132.76363636363638,21,-2382.0,18,15,3276.0,True,False,bp,0.030303030303030304
338,1125.3420127753984,66,2,-14,26373,26347,26413,26369,26391,228.44444444444446,22,-1471.0,26,40,2877.0,False,False,bp,0.030303030303030304
339,354.31413380491483,45,1,-33,26419,26413,26458,26415,26440,107.0654761904762,25,422.0,6,39,1868.0,False,False,bp,0.030303030303030304
340,733.2669949863202,36,20,-8,26472,26458,26494,26466,26477,227.23333333333332,11,7.0,14,22,2375.0,True,True,bp,0.030303030303030304
341,640.4659228830267,72,-4,-6,26527,26494,26566,26508,26541,57.05639097744361,33,-2043.0,33,39,1291.0,False,False,bp,0.030303030303030304
342,621.9134304859258,31,-10,7,26585,26566,26597,26570,26591,125.38333333333333,21,-2909.0,19,12,2522.0,True,False,bp,0.030303030303030304
343,737.9729878743823,71,-1,-21,26622,26597,26668,26602,26639,86.33970588235294,37,-2796.0,25,46,3956.0,False,False,bp,0.030303030303030304
344,847.9500441101458,35,5,-1,26685,26668,26703,26675,26694,91.23888888888888,19,-726.0,17,18,1453.0,False,False,bp,0.030303030303030304
345,1421.2314732411592,44,-12,18,26734,26703,26747,26718,26742,133.375,24,-3254.0,31,13,2465.0,False,False,bp,0.030303030303030304
346,335.87338169088963,33,4,15,26771,26747,26780,26754,26774,123.29411764705885,20,-2531.0,24,9,1486.0,True,False,bp,0.030303030303030304
347,252.404223212322,66,-6,20,26823,26780,26846,26798,26831,92.4075,33,-2859.0,43,23,2168.0,True,False,bp,0.030303030303030304
348,1315.0691020891409,47,3,3,26871,26846,26893,26858,26877,176.6089743589744,19,-3541.0,25,22,3596.0,True,True,bp,0.030303030303030304
349,629.0264391470265,37,-18,-13,26905,26893,26930,26899,26926,132.58333333333334,27,-2518.0,12,25,2377.0,True,False,bp,0.030303030303030304
350,379.71965584698165,67,-26,-25,26951,26930,26997,26935,26985,51.501838235294116,50,-2313.0,21,46,2223.0,True,False,bp,0.030303030303030304
351,608.9591027431113,49,-15,5,27024,26997,27046,27009,27040,55.00625,31,-1605.0,27,22,2403.0,True,True,bp,0.030303030303030304
352,288.4301985222925,51,-6,3,27073,27046,27097,27056,27085,-1.2892156862745097,29,-606.0,27,24,1614.0,True,True,bp,0.030303030303030304
353,623.843516420319,49,4,-5,27119,27097,27146,27108,27131,83.78787878787878,23,-1237.0,22,27,1938.0,True,True,bp,0.030303030303030304
354,829.9246695525552,51,-2,-1,27171,27146,27197,27158,27184,110.03846153846152,26,-2501.0,25,26,2254.0,True,True,bp,0.030303030303030304
355,263.30450115770543,49,13,-1,27221,27197,27246,27208,27228,63.324175824175825,20,-1763.0,24,25,1494.0,True,True,bp,0.030303030303030304
356,263.1854599312249,34,8,18,27272,27246,27280,27261,27274,225.5,13,-1832.0,26,8,1663.0,True,False,bp,0.030303030303030304
357,625.0032012137666,66,-8,-4,27311,27280,27346,27295,27328,63.73897058823529,33,-1682.0,31,35,1941.0,True,False,bp,0.030303030303030304
358,340.03617470828664,51,-24,9,27376,27346,27397,27353,27393,45.39002557544757,40,-1758.0,30,21,1703.0,True,True,bp,0.030303030303030304
359,274.8653341978012,50,10,4,27424,27397,27447,27409,27429,124.46666666666668,20,-1360.0,27,23,2397.0,True,True,bp,0.030303030303030304
360,218.8640837690592,32,-5,16,27471,27447,27479,27459,27474,77.45833333333334,15,-779.0,24,8,1201.0,True,False,bp,0.030303030303030304
361,543.480830617079,67,1,-15,27505,27479,27546,27484,27516,109.63852813852813,32,-1446.0,26,41,2207.0,True,False,bp,0.030303030303030304
362,623.9047260706219,50,4,-32,27555,27546,27596,27549,27573,138.27777777777777,24,-1474.0,9,41,1716.0,True,False,bp,0.030303030303030304
363,64.86992562713581,18,21,0,27605,27596,27614,27601,27608,223.79166666666669,7,-1207.0,9,9,1686.0,True,False,bp,0.030303030303030304
364,431.4230268134902,62,-3,22,27656,27614,27676,27636,27664,82.85,28,-1258.0,42,20,1868.0,True,False,bp,0.030303030303030304
365,434.75800375240647,39,-8,19,27705,27676,27715,27689,27706,23.15625,17,-1182.0,29,10,444.0,False,False,bp,0.030303030303030304
366,120.07061672423437,48,13,-36,27721,27715,27763,27715,27735,12.333333333333336,20,-838.0,6,42,2082.0,False,False,bp,0.030303030303030304
367,705.5966365197537,33,28,-13,27773,27763,27796,27768,27778,201.9,10,-645.0,10,23,2403.0,True,True,bp,0.030303030303030304
368,245.08137629973987,34,10,18,27822,27796,27830,27816,27827,117.66666666666669,11,120.0,26,8,860.0,False,False,bp,0.030303030303030304
369,660.9023752311306,39,9,11,27855,27830,27869,27848,27862,146.64285714285714,14,-866.0,25,14,2221.0,False,False,bp,0.030303030303030304
370,416.67904889917395,45,19,-7,27888,27869,27914,27885,27900,135.70833333333334,15,143.0,19,26,1051.0,False,False,bp,0.030303030303030304
371,427.70461641512964,49,21,-1,27938,27914,27963,27934,27940,268.125,6,-1078.0,24,25,1456.0,False,False,bp,0.030303030303030304
372,255.74161749725238,34,7,-18,27971,27963,27997,27967,27982,105.23863636363636,15,-847.0,8,26,805.0,True,True,bp,0.030303030303030304
373,263.093689892131,50,2,-8,28018,27997,28047,28004,28035,45.10084033613445,31,-835.0,21,29,2354.0,False,False,bp,0.030303030303030304
374,238.4387270099612,98,-3,-14,28089,28047,28145,28068,28118,38.00656814449919,50,-738.0,42,56,1482.0,False,False,bp,0.030303030303030304
375,423.26092968705416,71,-9,17,28189,28145,28216,28165,28202,68.33974358974359,37,-2461.0,44,27,1570.0,False,False,bp,0.030303030303030304
376,775.8881977537527,48,-18,-4,28238,28216,28264,28230,28259,79.40773809523809,29,-2596.0,22,26,2272.0,True,True,bp,0.030303030303030304
377,211.93394537611192,31,2,5,28282,28264,28295,28270,28288,78.70833333333333,18,-2654.0,18,13,862.0,False,False,bp,0.030303030303030304
378,543.2799793014326,58,-22,20,28334,28295,28353,28308,28348,48.975274725274716,40,-4832.0,39,19,2103.0,False,False,bp,0.030303030303030304
379,473.92872147914113,109,28,-73,28371,28353,28462,28366,28406,159.8,40,-4948.0,18,91,5682.0,False,False,bp,0.030303030303030304
380,627.8141858099315,55,9,-3,28488,28462,28517,28474,28499,133.77272727272725,25,-2453.0,26,29,1967.0,True,False,bp,0.030303030303030304
381,490.9914680435354,62,7,-18,28539,28517,28579,28533,28555,107.28125,22,-2063.0,22,40,3518.0,False,False,bp,0.030303030303030304
382,595.6739954633026,33,-2,-11,28590,28579,28612,28584,28601,176.5378787878788,17,-1526.0,11,22,2055.0,True,True,bp,0.030303030303030304
383,402.2296371643016,50,0,-30,28622,28612,28662,28616,28641,135.43421052631578,25,-2018.0,10,40,1847.0,True,True,bp,0.030303030303030304
384,500.9095725893393,35,7,-17,28671,28662,28697,28666,28684,178.26923076923077,18,-2447.0,9,26,2914.0,False,False,bp,0.030303030303030304
385,417.8120903972038,49,19,1,28722,28697,28746,28709,28727,93.83076923076922,18,-200.0,25,24,2191.0,False,False,bp,0.030303030303030304
386,370.73207838616315,110,-23,8,26140,26081,26191,26106,26165,44.23647058823529,59,2458.0,59,51,2547.0,True,False,bp,0.030303030303030304
387,1131.7111039870915,41,27,-11,26206,26191,26232,26201,26219,164.33076923076922,18,2960.0,15,26,2931.0,False,False,bp,0.030303030303030304
388,1760.1617776490448,85,4,-3,26273,26232,26317,26264,26295,246.89393939393935,31,-361.0,41,44,5046.0,False,False,bp,0.030303030303030304
389,1493.4264975922376,58,13,-16,26338,26317,26375,26330,26351,193.2692307692308,21,891.0,21,37,3645.0,True,True,bp,0.030303030303030304
390,1927.5141569420648,38,12,2,26395,26375,26413,26385,26407,188.425,22,906.0,20,18,4269.0,True,False,bp,0.030303030303030304
391,1195.6186809128958,67,-6,21,26457,26413,26480,26441,26469,125.16666666666669,28,1315.0,44,23,3406.0,True,False,bp,0.030303030303030304
392,524.2804852118273,48,-13,12,26510,26480,26528,26491,26518,27.677631578947373,27,1863.0,30,18,854.0,False,False,bp,0.030303030303030304
393,926.7275224349174,68,13,-46,26539,26528,26596,26532,26567,173.375,35,-34.0,11,57,3299.0,False,False,bp,0.030303030303030304
394,426.8773236926062,67,-2,17,26638,26596,26663,26615,26641,192.5289855072464,26,494.0,42,25,2482.0,False,False,bp,0.030303030303030304
395,279.19682084511777,34,-11,12,26686,26663,26697,26665,26695,29.67460317460317,30,1945.0,23,11,514.0,False,False,bp,0.030303030303030304
396,1160.0129233597545,66,13,10,26735,26697,26763,26714,26743,126.93154761904762,29,-233.0,38,28,3343.0,False,False,bp,0.030303030303030304
397,876.5164341667595,81,-21,5,26806,26763,26844,26785,26828,60.01839826839827,43,-480.0,43,38,3220.0,True,True,bp,0.030303030303030304
398,728.4086420945413,69,-25,21,26889,26844,26913,26850,26895,101.54487179487178,45,-1138.0,45,24,2013.0,True,False,bp,0.030303030303030304
399,417.6058401496154,35,-2,-15,26923,26913,26948,26915,26935,60.16666666666667,20,-157.0,10,25,1849.0,True,False,bp,0.030303030303030304
400,631.8403008200041,49,1,-33,26956,26948,26997,26953,26979,155.20289855072463,26,391.0,8,41,3060.0,False,False,bp,0.030303030303030304
401,914.0442928526696,40,4,12,27023,26997,27037,27006,27025,75.42647058823529,19,241.0,26,14,413.0,False,False,bp,0.030303030303030304
402,267.3824709972871,27,9,9,27055,27037,27064,27048,27060,100.81428571428572,12,-128.0,18,9,1389.0,True,False,bp,0.030303030303030304
403,217.94897409605738,50,-22,22,27100,27064,27114,27081,27111,41.51913875598086,30,26.0,36,14,1324.0,True,False,bp,0.030303030303030304
404,1074.6263169170709,34,3,8,27135,27114,27148,27119,27142,142.51339285714286,23,-516.0,21,13,3142.0,True,False,bp,0.030303030303030304
405,582.0425569358081,101,-32,15,27206,27148,27249,27168,27232,67.18218623481782,64,-850.0,58,43,3129.0,True,False,bp,0.030303030303030304
406,930.8483132976904,47,6,-1,27272,27249,27296,27264,27282,173.1125,18,-1080.0,23,24,2023.0,True,False,bp,0.030303030303030304
407,867.1671370626707,49,-2,3,27322,27296,27345,27306,27332,95.4375,26,-868.0,26,23,3128.0,True,True,bp,0.030303030303030304
408,741.4198254744426,36,5,20,27373,27345,27381,27356,27376,170.50980392156862,20,-735.0,28,8,2300.0,True,False,bp,0.030303030303030304
409,317.22950928973273,65,18,-15,27406,27381,27446,27401,27418,150.61666666666667,17,-102.0,25,40,3159.0,True,False,bp,0.030303030303030304
410,905.2898011527702,34,3,16,27471,27446,27480,27453,27474,177.47222222222226,21,167.0,25,9,1668.0,True,False,bp,0.030303030303030304
411,566.6084149937942,49,11,1,27505,27480,27529,27498,27510,217.22857142857143,12,-715.0,25,24,2382.0,True,True,bp,0.030303030303030304
412,282.37553732899124,51,16,-29,27540,27529,27580,27533,27558,75.9325396825397,25,-38.0,11,40,2345.0,True,False,bp,0.030303030303030304
413,1722.5864335852689,67,-2,5,27616,27580,27647,27599,27626,179.84117647058827,27,-1703.0,36,31,5230.0,True,False,bp,0.030303030303030304
414,1384.5054008440345,47,-4,-29,27656,27647,27694,27651,27678,235.22727272727272,27,-60.0,9,38,3187.0,True,True,bp,0.030303030303030304
415,1577.5242874267099,52,-10,2,27721,27694,27746,27701,27735,132.8107142857143,34,-1715.0,27,25,4203.0,True,True,bp,0.030303030303030304
416,1234.736706342809,67,13,-11,27774,27746,27813,27759,27783,160.4111111111111,24,-2289.0,28,39,2391.0,False,False,bp,0.030303030303030304
417,496.28741224971435,34,6,-16,27822,27813,27847,27820,27842,91.55,22,-145.0,9,25,2613.0,False,False,bp,0.030303030303030304
418,1058.7098695378622,56,5,26,27888,27847,27903,27870,27892,184.41666666666663,22,-1363.0,41,15,2193.0,True,True,bp,0.030303030303030304
419,179.09251448305352,93,2,-23,27938,27903,27996,27919,27959,42.85338345864662,40,-691.0,35,58,2577.0,True,False,bp,0.030303030303030304
420,219.01226698478038,34,-19,-16,28005,27996,28030,28001,28027,141.64772727272728,26,-6.0,9,25,1015.0,True,False,bp,0.030303030303030304
421,168.88488771916568,38,-16,-20,28039,28030,28068,28034,28060,97.55714285714286,26,-496.0,9,29,561.0,False,False,bp,0.030303030303030304
422,208.7405527171625,26,-8,2,28082,28068,28094,28070,28090,71.375,20,-1304.0,14,12,1349.0,False,False,bp,0.030303030303030304
423,1225.9834329681066,51,-14,3,28121,28094,28145,28102,28132,117.62679425837321,30,-2241.0,27,24,3984.0,True,False,bp,0.030303030303030304
424,677.2416192220363,34,-4,-14,28155,28145,28179,28148,28167,128.33333333333334,19,-612.0,10,24,1072.0,False,False,bp,0.030303030303030304
425,701.2319400889313,34,-3,4,28198,28179,28213,28182,28203,138.65625,21,-1157.0,19,15,2149.0,True,True,bp,0.030303030303030304
426,635.3261059974973,38,25,6,28235,28213,28251,28221,28241,109.94047619047619,20,-883.0,22,16,1803.0,True,False,bp,0.030303030303030304
427,385.3743975284536,77,21,23,28301,28251,28328,28286,28315,85.28333333333333,29,-1105.0,50,27,1926.0,True,False,bp,0.030303030303030304
428,809.8784951032362,74,-3,34,28382,28328,28402,28365,28392,104.01764705882351,27,-1777.0,54,20,2829.0,True,False,bp,0.030303030303030304
429,651.8045201381389,61,23,-23,28421,28402,28463,28416,28435,101.55,19,-428.0,19,42,2222.0,True,False,bp,0.030303030303030304
430,437.3875860360202,66,-20,18,28505,28463,28529,28477,28521,49.28125,44,-718.0,42,24,1344.0,False,False,bp,0.030303030303030304
431,875.3332900417238,79,3,-35,28551,28529,28608,28545,28584,153.49242424242425,39,-2164.0,22,57,2702.0,False,False,bp,0.030303030303030304
432,733.5805171724612,56,-13,30,28651,28608,28664,28626,28657,115.94666666666667,31,-2095.0,43,13,2736.0,False,False,bp,0.030303030303030304
433,271.47168178671194,36,15,12,28688,28664,28700,28675,28693,65.43846153846154,18,-705.0,24,12,1631.0,False,False,bp,0.030303030303030304
434,671.7962704755937,63,-3,13,28738,28700,28763,28726,28750,79.75,24,-1039.0,38,25,2115.0,True,False,bp,0.030303030303030304
435,934.932433941146,65,6,-17,29821,29797,29862,29815,29843,106.92424242424242,28,1897.0,24,41,2722.0,False,False,bp,-0.9154929577464789
436,951.4161277442264,67,19,-17,29887,29862,29929,29877,29899,163.275,22,567.0,25,42,1999.0,False,False,bp,-0.9154929577464789
437,1486.474466998671,51,14,-1,29954,29929,29980,29940,29961,201.07142857142856,21,337.0,25,26,4761.0,False,False,bp,-0.9154929577464789
438,907.7045171684987,96,-38,-12,30022,29980,30076,29996,30061,68.14102564102564,65,1249.0,42,54,4554.0,True,False,bp,-0.9154929577464789
439,3703.545461225105,54,11,-4,30101,30076,30130,30088,30114,285.07692307692315,26,-2087.0,25,29,7129.0,True,False,bp,-0.9154929577464789
440,2280.6605251080064,83,2,-1,30171,30130,30213,30151,30189,152.3305555555556,38,-1303.0,41,42,5459.0,False,False,bp,-0.9154929577464789
441,681.9142902683911,38,22,12,30238,30213,30251,30229,30240,150.44444444444446,11,1509.0,25,13,691.0,False,False,bp,-0.9154929577464789
442,1240.8555279002428,78,28,-4,30288,30251,30329,30273,30296,147.9125,23,216.0,37,41,3852.0,False,False,bp,-0.9154929577464789
443,2768.4618883896724,82,21,-24,30358,30329,30411,30347,30377,259.7177033492823,30,-2185.0,29,53,7826.0,True,True,bp,-0.9154929577464789
444,4251.380246441407,71,25,-13,30440,30411,30482,30428,30451,369.49242424242425,23,-4192.0,29,42,7652.0,True,True,bp,-0.9154929577464789
445,1420.041628280344,80,7,-24,30510,30482,30562,30499,30544,135.09893048128342,45,-785.0,28,52,4495.0,True,True,bp,-0.9154929577464789
446,2198.62279640687,85,1,25,30617,30562,30647,30596,30626,207.88888888888889,30,-1791.0,55,30,5229.0,True,False,bp,-0.9154929577464789
447,1639.7705176203028,49,-7,-1,30671,30647,30696,30657,30683,120.91071428571428,26,-270.0,24,25,2667.0,False,False,bp,-0.9154929577464789
448,567.263558511624,46,-3,-28,30705,30696,30742,30702,30728,112.56521739130434,26,1284.0,9,37,2139.0,False,False,bp,-0.9154929577464789
449,1905.768338217604,72,8,-22,30767,30742,30814,30751,30789,130.14204545454544,38,-1673.0,25,47,4445.0,False,False,bp,-0.9154929577464789
450,792.1683448795973,63,-24,19,30855,30814,30877,30835,30872,44.68823529411765,37,795.0,41,22,1447.0,False,False,bp,-0.9154929577464789
451,246.9406361994174,35,-9,7,30898,30877,30912,30885,30907,60.286324786324776,22,785.0,21,14,1073.0,False,False,bp,-0.9154929577464789
452,1228.8216688798652,50,9,0,30937,30912,30962,30920,30946,131.6830065359477,26,-679.0,25,25,3414.0,False,False,bp,-0.9154929577464789
453,488.2579060881675,64,-19,16,31002,30962,31026,30981,31016,33.83333333333333,35,1371.0,40,24,1008.0,False,False,bp,-0.9154929577464789
454,2859.602663853788,55,20,-23,31042,31026,31081,31032,31056,301.3714285714286,24,-3093.0,16,39,7558.0,False,False,bp,-0.9154929577464789
455,3271.9483061896985,65,10,5,31116,31081,31146,31100,31128,236.8958333333333,28,-2721.0,35,30,5617.0,True,True,bp,-0.9154929577464789
456,1694.3457038712686,101,33,-17,31188,31146,31247,31166,31195,198.0422077922078,29,-1994.0,42,59,4455.0,True,False,bp,-0.9154929577464789
457,1256.5206896602265,49,3,-9,31267,31247,31296,31257,31276,132.45555555555558,19,-382.0,20,29,2317.0,False,False,bp,-0.9154929577464789
458,773.0759134455722,17,15,-9,31300,31296,31313,31298,31309,91.25,11,1673.0,4,13,1923.0,False,False,bp,-0.9154929577464789
459,2726.1317956886687,66,26,-8,31342,31313,31379,31335,31356,268.1071428571429,21,-1654.0,29,37,4439.0,False,False,bp,-0.9154929577464789
460,3651.857754239923,82,21,-12,31414,31379,31461,31403,31425,337.77272727272725,22,-4505.0,35,47,7927.0,True,True,bp,-0.9154929577464789
461,2525.908182783497,65,-1,-9,31489,31461,31526,31468,31505,157.00446428571428,37,-1915.0,28,37,5561.0,True,True,bp,-0.9154929577464789
462,1752.641740603927,69,-15,-9,31556,31526,31595,31541,31580,137.15416666666667,39,-590.0,30,39,3090.0,True,True,bp,-0.9154929577464789
463,693.1818934881334,51,-7,33,31637,31595,31646,31604,31642,81.18484848484849,38,-299.0,42,9,1702.0,True,True,bp,-0.9154929577464789
464,210.70621117405173,85,-27,31,31704,31646,31731,31673,31718,37.572580645161295,45,-1208.0,58,27,1034.0,False,False,bp,-0.9154929577464789
465,402.4180228808253,31,-8,-11,31741,31731,31762,31736,31756,79.36666666666667,20,-810.0,10,21,2467.0,False,False,bp,-0.9154929577464789
466,572.0407273345922,34,1,-6,31776,31762,31796,31768,31790,115.9375,22,-276.0,14,20,2121.0,True,False,bp,-0.9154929577464789
467,653.9928856116027,49,2,33,31837,31796,31845,31813,31842,110.89583333333334,29,-1960.0,41,8,1580.0,False,False,bp,-0.9154929577464789
468,186.9309835039191,67,-5,31,31894,31845,31912,31873,31901,89.7857142857143,28,-2173.0,49,18,1869.0,True,True,bp,-0.9154929577464789
469,444.1006908902992,55,16,-3,31938,31912,31967,31924,31948,90.85714285714286,24,-2467.0,26,29,1597.0,True,True,bp,-0.9154929577464789
470,292.9187514059415,59,1,25,32009,31967,32026,31988,32017,38.327380952380956,29,-2335.0,42,17,1046.0,True,False,bp,-0.9154929577464789
471,482.3504517558088,53,-2,-3,32051,32026,32079,32047,32067,153.65625,20,-3319.0,25,28,1366.0,True,True,bp,-0.9154929577464789
472,219.5805435508705,52,-11,-6,32102,32079,32131,32085,32118,44.972426470588225,33,-3768.0,23,29,1987.0,True,True,bp,-0.9154929577464789
473,490.89916531134514,48,5,-6,32152,32131,32179,32140,32162,132.54166666666666,22,-5067.0,21,27,1951.0,True,False,bp,-0.9154929577464789
474,725.2765737636322,83,18,-33,32204,32179,32262,32189,32222,91.38333333333333,33,-6018.0,25,58,3618.0,True,False,bp,-0.9154929577464789
475,734.0052090114757,70,-11,-20,32287,32262,32332,32273,32315,61.48214285714285,42,-4888.0,25,45,2281.0,True,True,bp,-0.9154929577464789
476,303.3818931838466,81,-3,-39,32353,32332,32413,32346,32392,81.69963369963371,46,-3980.0,21,60,2731.0,True,False,bp,-0.9154929577464789
477,300.95337637450785,44,20,26,32448,32413,32457,32435,32451,157.1025641025641,16,-3258.0,35,9,1543.0,False,False,bp,-0.9154929577464789
478,352.9421743298478,89,-40,59,32531,32457,32546,32487,32539,81.58522727272728,52,-5085.0,74,15,2040.0,False,False,bp,-0.9154929577464789
479,441.9334127440321,31,0,7,32565,32546,32577,32551,32573,86.34821428571428,22,-5153.0,19,12,1378.0,True,False,bp,-0.9154929577464789
480,119.76559543037328,36,-6,16,32603,32577,32613,32595,32611,96.4375,16,-5448.0,26,10,1348.0,True,True,bp,-0.9154929577464789
481,759.7987924708168,48,-17,4,32639,32613,32661,32621,32650,70.01262626262627,29,-6482.0,26,22,3016.0,False,False,bp,-0.9154929577464789
482,267.10362725277025,35,-17,-13,32672,32661,32696,32662,32691,46.85526315789475,29,-4018.0,11,24,2079.0,False,False,bp,-0.9154929577464789
483,711.9006763713762,65,4,-41,32708,32696,32761,32703,32732,152.32916666666662,29,-4047.0,12,53,3350.0,True,False,bp,-0.9154929577464789
484,412.9860346157839,51,4,-31,32771,32761,32812,32765,32789,158.16666666666669,24,-3324.0,10,41,2260.0,True,True,bp,-0.9154929577464789
485,434.53535906569914,51,-11,-29,32823,32812,32863,32817,32848,84.04666666666667,31,-2711.0,11,40,2603.0,False,False,bp,-0.9154929577464789
486,480.09592275167,49,-22,-25,32875,32863,32912,32868,32904,69.05418719211822,36,-1269.0,12,37,1861.0,False,False,bp,-0.9154929577464789
487,328.14802306323173,33,10,-17,32920,32912,32945,32918,32932,183.54166666666663,14,-172.0,8,25,2232.0,False,False,bp,-0.9154929577464789
488,496.93499739900574,67,-6,-17,32970,32945,33012,32956,32989,39.28007518796993,33,-599.0,25,42,2839.0,True,False,bp,-0.9154929577464789
489,1137.7822665894992,97,11,-19,29821,29782,29879,29803,29839,77.77777777777777,36,-454.0,39,58,3564.0,False,False,bp,-0.9154929577464789
490,682.2272628908931,52,-7,-2,29904,29879,29931,29886,29918,30.32142857142857,32,1058.0,25,27,1504.0,False,False,bp,-0.9154929577464789
491,965.5869672923527,48,-14,2,29956,29931,29979,29943,29975,96.46356275303644,32,-614.0,25,23,2206.0,False,False,bp,-0.9154929577464789
492,779.7994692478658,55,-6,7,30010,29979,30034,29993,30025,90.98627450980392,32,-1764.0,31,24,2173.0,True,True,bp,-0.9154929577464789
493,843.3809097203517,59,0,-19,30054,30034,30093,30051,30077,160.42028985507247,26,-882.0,20,39,4284.0,False,False,bp,-0.9154929577464789
494,2299.914634353375,36,6,20,30121,30093,30129,30103,30124,279.19444444444446,21,-1631.0,28,8,3448.0,True,False,bp,-0.9154929577464789
495,1076.3486759295392,81,-21,3,30171,30129,30210,30151,30193,110.77727272727272,42,-3816.0,42,39,3657.0,True,False,bp,-0.9154929577464789
496,1100.3440654112037,37,-2,-15,30221,30210,30247,30214,30237,167.0625,23,-2332.0,11,26,4824.0,False,False,bp,-0.9154929577464789
497,820.0804745219255,64,-11,20,30289,30247,30311,30258,30296,73.82488479262673,38,-70.0,42,22,1589.0,True,True,bp,-0.9154929577464789
498,287.15443569807724,51,-22,5,30339,30311,30362,30323,30357,45.75347222222222,34,-957.0,28,23,1053.0,False,False,bp,-0.9154929577464789
499,1345.7962767384472,48,8,-6,30383,30362,30410,30369,30393,147.52142857142857,24,-1786.0,21,27,4644.0,False,False,bp,-0.9154929577464789
500,1760.025284031733,65,5,-11,30437,30410,30475,30425,30453,144.82291666666669,28,-1723.0,27,38,3169.0,True,True,bp,-0.9154929577464789
501,1045.5725531166877,54,-2,4,30504,30475,30529,30486,30510,138.72222222222223,24,-1454.0,29,25,2405.0,True,False,bp,-0.9154929577464789
502,714.8395852656461,33,4,-15,30538,30529,30562,30532,30549,150.91666666666669,17,-990.0,9,24,2907.0,True,True,bp,-0.9154929577464789
503,723.0676180013568,35,0,15,30587,30562,30597,30570,30593,90.16666666666666,23,-512.0,25,10,1427.0,True,False,bp,-0.9154929577464789
504,939.5997459052036,65,0,17,30638,30597,30662,30616,30641,177.92424242424244,25,-1427.0,41,24,2422.0,True,False,bp,-0.9154929577464789
505,803.2928053748434,33,5,-13,30672,30662,30695,30666,30680,179.02083333333331,14,-1521.0,10,23,1758.0,True,False,bp,-0.9154929577464789
506,657.4067740520247,34,10,-14,30705,30695,30729,30699,30721,101.84375,22,-1237.0,10,24,2291.0,True,False,bp,-0.9154929577464789
507,1042.0629987328819,83,-14,1,30771,30729,30812,30753,30793,101.38131313131314,40,-2223.0,42,41,4858.0,True,False,bp,-0.9154929577464789
508,1168.485757379334,47,-17,5,30838,30812,30859,30819,30851,82.66396761133603,32,-1075.0,26,21,1422.0,False,False,bp,-0.9154929577464789
509,391.7618779709896,36,24,-12,30871,30859,30895,30866,30883,125.28333333333332,17,-1021.0,12,24,1945.0,True,False,bp,-0.9154929577464789
510,585.0411917339961,82,8,4,30938,30895,30977,30924,30955,94.89915966386556,31,-2053.0,43,39,2934.0,True,False,bp,-0.9154929577464789
511,636.5391614004833,103,2,17,31037,30977,31080,30994,31044,133.85714285714286,50,-1740.0,60,43,3702.0,True,False,bp,-0.9154929577464789
512,1588.9603506233468,50,11,4,31107,31080,31130,31096,31123,128.24147727272725,27,-1778.0,27,23,3100.0,True,False,bp,-0.9154929577464789
513,608.7156526438407,70,7,14,31172,31130,31200,31161,31184,88.11363636363637,23,-1416.0,42,28,1628.0,True,True,bp,-0.9154929577464789
514,1039.7881834052791,61,-6,-17,31222,31200,31261,31214,31244,123.88636363636364,30,-1639.0,22,39,4272.0,False,False,bp,-0.9154929577464789
515,1658.6057601933312,67,25,-37,31276,31261,31328,31268,31289,168.22115384615384,21,-1117.0,15,52,2663.0,True,False,bp,-0.9154929577464789
516,643.5092761168115,34,-6,10,31350,31328,31362,31335,31357,92.91428571428571,22,-578.0,22,12,1672.0,True,False,bp,-0.9154929577464789
517,200.26046521172142,50,4,2,31388,31362,31412,31373,31400,53.05,27,-191.0,26,24,1646.0,True,True,bp,-0.9154929577464789
518,1081.9056065238442,47,15,5,31438,31412,31459,31431,31450,161.2202380952381,19,-830.0,26,21,3538.0,True,False,bp,-0.9154929577464789
519,1261.5970642998006,102,3,-10,31505,31459,31561,31484,31524,112.66040100250626,40,-1023.0,46,56,3507.0,True,False,bp,-0.9154929577464789
520,1010.0938693634894,51,-14,1,31587,31561,31612,31567,31600,96.43461538461538,33,-937.0,26,25,2698.0,True,False,bp,-0.9154929577464789
521,443.39058794454326,34,-7,16,31637,31612,31646,31619,31642,82.62222222222222,23,-50.0,25,9,1357.0,True,True,bp,-0.9154929577464789
522,309.96847842199816,52,3,-2,31671,31646,31698,31658,31684,39.115384615384606,26,334.0,25,27,1695.0,True,False,bp,-0.9154929577464789
523,695.5216515352596,47,0,33,31738,31698,31745,31713,31741,156.2,28,-681.0,40,7,1773.0,True,False,bp,-0.9154929577464789
524,998.7108750486844,51,-4,11,31776,31745,31796,31769,31787,199.1818181818182,18,-2142.0,31,20,3244.0,True,False,bp,-0.9154929577464789
525,223.98546852839192,29,-3,-11,31805,31796,31825,31801,31818,207.61538461538458,17,-1147.0,9,20,2315.0,True,False,bp,-0.9154929577464789
526,961.4990803996498,54,-2,6,31855,31825,31879,31832,31862,126.6055900621118,30,-3268.0,30,24,1994.0,False,False,bp,-0.9154929577464789
527,777.1890001325028,51,-12,1,31905,31879,31930,31890,31923,59.93333333333334,33,-3921.0,26,25,3111.0,True,True,bp,-0.9154929577464789
528,289.39409499363603,34,3,6,31950,31930,31964,31944,31960,128.06666666666666,16,-2769.0,20,14,1832.0,True,False,bp,-0.9154929577464789
529,1213.7580711470125,60,-6,20,32004,31964,32024,31979,32010,151.54333333333332,31,-4171.0,40,20,3201.0,True,False,bp,-0.9154929577464789
530,1046.0111309731724,55,8,1,32052,32024,32079,32035,32061,155.0163398692811,26,-3552.0,28,27,2254.0,True,True,bp,-0.9154929577464789
531,483.08732975735717,47,11,7,32106,32079,32126,32095,32115,87.35353535353535,20,-3749.0,27,20,501.0,False,False,bp,-0.9154929577464789
532,671.7888414612693,42,6,12,32153,32126,32168,32146,32158,149.04285714285714,12,-3640.0,27,15,2785.0,False,False,bp,-0.9154929577464789
533,887.8378499082337,47,3,-3,32190,32168,32215,32176,32202,75.84523809523809,26,-3223.0,22,25,2358.0,True,True,bp,-0.9154929577464789
534,432.44547043589796,47,8,-1,32238,32215,32262,32231,32249,114.54545454545456,18,-2816.0,23,24,1622.0,True,True,bp,-0.9154929577464789
535,442.7338828268777,50,10,-2,32286,32262,32312,32275,32295,143.47474747474746,20,-3824.0,24,26,1809.0,True,True,bp,-0.9154929577464789
536,793.7344353631512,51,2,1,32338,32312,32363,32325,32348,126.8923076923077,23,-4352.0,26,25,2873.0,True,True,bp,-0.9154929577464789
537,425.47241272149824,76,-31,-20,32391,32363,32439,32373,32425,42.142156862745104,52,-3575.0,28,48,1905.0,False,False,bp,-0.9154929577464789
538,160.23765165184156,39,5,-19,32449,32439,32478,32446,32466,80.36274509803921,20,-2467.0,10,29,1330.0,False,False,bp,-0.9154929577464789
539,131.03060258477885,52,-20,26,32517,32478,32530,32491,32523,90.19871794871796,32,-4742.0,39,13,1498.0,False,False,bp,-0.9154929577464789
540,597.630022670577,46,-14,0,32553,32530,32576,32535,32567,65.34126984126985,32,-6464.0,23,23,1853.0,False,False,bp,-0.9154929577464789
541,633.4366334565067,41,14,-13,32590,32576,32617,32585,32598,215.8625,13,-7350.0,14,27,2197.0,True,True,bp,-0.9154929577464789
542,767.3842668858467,33,0,7,32637,32617,32650,32625,32641,200.75,16,-8631.0,20,13,2520.0,True,False,bp,-0.9154929577464789
543,923.1530650734377,46,-11,-16,32665,32650,32696,32657,32684,88.25328947368419,27,-7936.0,15,31,5387.0,False,False,bp,-0.9154929577464789
544,863.2694712106227,33,17,15,32720,32696,32729,32700,32722,228.575,22,-5208.0,24,9,1781.0,False,False,bp,-0.9154929577464789
545,317.60064770509774,103,-36,47,32804,32729,32832,32761,32815,114.95771670190274,54,-6809.0,75,28,3599.0,False,False,bp,-0.9154929577464789
546,316.1016365987594,30,-2,-22,32836,32832,32862,32833,32850,105.88095238095238,17,-3757.0,4,26,2861.0,False,False,bp,-0.9154929577464789
547,616.5460857908968,28,8,-10,32871,32862,32890,32865,32879,162.0,14,-3125.0,9,19,1413.0,True,True,bp,-0.9154929577464789
548,1084.186307030316,38,19,-10,32904,32890,32928,32901,32919,199.13333333333333,18,-3273.0,14,24,4356.0,False,False,bp,-0.9154929577464789
549,668.0892326310751,54,17,30,32970,32928,32982,32956,32976,113.32142857142857,20,-1939.0,42,12,2274.0,True,True,bp,-0.9154929577464789
550,1868.4770816829473,49,27,-1,34420,34396,34445,34414,34429,326.52777777777777,15,-67.0,24,25,5277.0,True,True,bp,-3.575
551,223.1993452042619,84,-3,-2,34486,34445,34529,34471,34508,60.35151515151514,37,2021.0,41,43,1587.0,False,False,bp,-3.575
552,275.93212171550994,61,-10,21,34570,34529,34590,34542,34575,111.53571428571428,33,1107.0,41,20,1904.0,True,False,bp,-3.575
553,409.269801218876,38,14,-12,34603,34590,34628,34598,34608,216.6,10,1246.0,13,25,2442.0,True,True,bp,-3.575
554,681.1776200321258,34,-4,14,34652,34628,34662,34632,34657,102.85,25,1289.0,24,10,1591.0,True,False,bp,-3.575
555,1468.396610182836,65,10,-15,34687,34662,34727,34678,34701,182.7936507936508,23,51.0,25,40,5592.0,True,False,bp,-3.575
556,1651.5879353041082,49,6,3,34753,34727,34776,34734,34760,145.8721804511278,26,2696.0,26,23,3100.0,False,False,bp,-3.575
557,2031.7426082216305,55,-3,-1,34803,34776,34831,34792,34820,196.63368983957216,28,-462.0,27,28,3973.0,False,False,bp,-3.575
558,2041.3491345097361,64,1,-18,34854,34831,34895,34845,34874,171.85277777777776,29,203.0,23,41,6094.0,True,True,bp,-3.575
559,1906.9037004032157,66,12,-16,34920,34895,34961,34904,34928,166.53125,24,766.0,25,41,2593.0,False,False,bp,-3.575
560,497.6646764467976,50,16,-30,34971,34961,35011,34964,34982,124.22727272727272,18,1209.0,10,40,1894.0,True,True,bp,-3.575
561,1459.447421092362,50,9,-12,35030,35011,35061,35016,35036,145.70238095238096,20,-72.0,19,31,2533.0,True,True,bp,-3.575
562,1326.8887778909072,50,0,-6,35083,35061,35111,35065,35096,125.16452991452992,31,-1233.0,22,28,2876.0,False,False,bp,-3.575
563,464.2861815247789,70,-19,-28,35132,35111,35181,35127,35172,66.5125,45,583.0,21,49,2290.0,False,False,bp,-3.575
564,959.1446147314067,48,9,-2,35204,35181,35229,35198,35218,139.88095238095238,20,641.0,23,25,2312.0,True,True,bp,-3.575
565,1347.5387661389184,66,-5,6,35265,35229,35295,35247,35276,103.65404040404042,29,-581.0,36,30,2537.0,True,True,bp,-3.575
566,422.42593176422133,67,-29,15,35336,35295,35362,35300,35348,38.388888888888886,48,-682.0,41,26,1783.0,True,False,bp,-3.575
567,213.24218224006088,49,-3,-23,35375,35362,35411,35367,35401,48.04326923076921,34,-8.0,13,36,1809.0,True,True,bp,-3.575
568,883.0019389092063,49,-5,1,35436,35411,35460,35432,35452,163.75,20,351.0,25,24,3330.0,False,False,bp,-3.575
569,480.3467339728862,34,-10,28,35491,35460,35494,35467,35492,48.91666666666667,25,865.0,31,3,261.0,False,False,bp,-3.575
570,773.6644572600746,54,9,-2,35520,35494,35548,35507,35533,91.84615384615385,26,-1160.0,26,28,2243.0,False,False,bp,-3.575
571,392.3574840182014,63,-1,17,35588,35548,35611,35568,35597,82.06388888888887,29,-1322.0,40,23,1702.0,True,True,bp,-3.575
572,403.4350790345661,49,2,7,35639,35611,35660,35625,35649,81.32857142857142,24,-1861.0,28,21,1284.0,False,False,bp,-3.575
573,349.60739482812966,97,3,-43,35687,35660,35757,35675,35718,95.94758064516131,43,-3225.0,27,70,2566.0,False,False,bp,-3.575
574,625.3970632481626,39,-6,9,35781,35757,35796,35764,35792,73.83689839572195,28,-3169.0,24,15,1455.0,True,False,bp,-3.575
575,448.5046206821994,43,8,5,35820,35796,35839,35814,35826,148.08333333333331,12,-4076.0,24,19,1577.0,True,True,bp,-3.575
576,647.6856940328521,49,-8,-19,35854,35839,35888,35846,35880,80.73076923076924,34,-3663.0,15,34,2094.0,True,False,bp,-3.575
577,509.37389308651086,90,32,-30,35918,35888,35978,35906,35932,74.17857142857143,26,-2988.0,30,60,2839.0,False,False,bp,-3.575
578,914.5106117644733,38,2,12,36003,35978,36016,35990,36007,159.36538461538458,17,-2466.0,25,13,2454.0,True,False,bp,-3.575
579,446.4143952863949,34,10,8,36037,36016,36050,36026,36040,97.56060606060606,14,-1867.0,21,13,552.0,False,False,bp,-3.575
580,323.7823797192446,61,5,-23,36069,36050,36111,36064,36096,85.87037037037038,32,-2555.0,19,42,1889.0,False,False,bp,-3.575
581,772.7621842403844,66,-11,26,36157,36111,36177,36133,36163,102.54166666666666,30,-2420.0,46,20,2044.0,True,False,bp,-3.575
582,453.0986003295836,34,6,-14,36187,36177,36211,36182,36199,139.44166666666666,17,-2441.0,10,24,1626.0,True,False,bp,-3.575
583,458.707557292569,94,-9,12,34470,34417,34511,34445,34488,59.74888888888889,43,734.0,53,41,2742.0,True,False,bp,-3.575
584,813.3580727095482,67,6,-15,34537,34511,34578,34522,34551,113.95238095238096,29,97.0,26,41,3338.0,True,False,bp,-3.575
585,1108.4942579885244,33,11,-3,34593,34578,34611,34586,34604,140.25974025974023,18,1249.0,15,18,3255.0,True,False,bp,-3.575
586,1597.9608161222345,71,15,13,34653,34611,34682,34633,34662,168.09444444444443,29,264.0,42,29,4000.0,True,False,bp,-3.575
587,965.377397923629,80,3,-4,34720,34682,34762,34706,34743,57.253105590062106,37,2113.0,38,42,3074.0,False,False,bp,-3.575
588,2373.354134490461,77,-14,9,34805,34762,34839,34783,34823,184.3510101010101,40,-1358.0,43,34,7507.0,False,False,bp,-3.575
589,4323.836173952366,57,3,-9,34863,34839,34896,34849,34877,330.5357142857143,28,-2248.0,24,33,8948.0,True,True,bp,-3.575
590,1977.0885355266853,54,-11,-6,34920,34896,34950,34908,34939,161.9232456140351,31,652.0,24,30,2704.0,False,False,bp,-3.575
591,971.5133709644498,46,-10,-6,34970,34950,34996,34959,34990,129.8840909090909,31,-412.0,20,26,3003.0,True,True,bp,-3.575
592,1650.8659574316073,55,0,-7,35020,34996,35051,35011,35037,156.08496732026146,26,-549.0,24,31,4817.0,True,True,bp,-3.575
593,2136.292158309068,61,16,-23,35070,35051,35112,35063,35085,288.54761904761904,22,-835.0,19,42,4765.0,True,True,bp,-3.575
594,1817.2816201602975,65,0,-15,35137,35112,35177,35123,35153,172.00892857142856,30,-1663.0,25,40,4590.0,True,True,bp,-3.575
595,2208.1340513565865,52,14,-10,35198,35177,35229,35183,35209,211.36666666666667,26,-1162.0,21,31,5784.0,True,True,bp,-3.575
596,2035.05596036154,50,10,14,35261,35229,35279,35249,35272,176.25757575757575,23,-451.0,32,18,3693.0,True,True,bp,-3.575
597,1118.1325879000826,66,-6,24,35324,35279,35345,35305,35336,152.54385964912282,31,-1120.0,45,21,3843.0,True,True,bp,-3.575
598,2050.732082428427,51,2,-1,35370,35345,35396,35361,35386,234.17361111111111,25,-2234.0,25,26,5438.0,True,True,bp,-3.575
599,1473.010605083992,55,7,-1,35423,35396,35451,35413,35439,110.75625,26,408.0,27,28,2645.0,True,True,bp,-3.575
600,908.1452197556413,48,3,20,35485,35451,35499,35472,35490,124.00769230769232,18,-566.0,34,14,1298.0,False,False,bp,-3.575
601,171.98717619718573,29,2,13,35520,35499,35528,35511,35525,144.64444444444445,14,-1722.0,21,8,1241.0,False,False,bp,-3.575
602,654.5786258774608,51,-8,29,35568,35528,35579,35541,35574,154.75925925925924,33,-3938.0,40,11,2620.0,False,False,bp,-3.575
603,479.2978449093332,88,5,-8,35619,35579,35667,35599,35640,75.23690476190475,41,-4598.0,40,48,2995.0,True,False,bp,-3.575
604,529.6383797377011,81,-25,29,35722,35667,35748,35686,35736,58.686507936507944,50,-3920.0,55,26,2917.0,True,False,bp,-3.575
605,1138.4590952950402,35,14,9,35770,35748,35783,35761,35777,190.5793650793651,16,-4601.0,22,13,2534.0,True,False,bp,-3.575
606,502.8589659491668,60,-8,14,35820,35783,35843,35807,35834,128.62912087912088,27,-4649.0,37,23,2709.0,True,False,bp,-3.575
607,605.9781927598757,52,9,-10,35864,35843,35895,35853,35874,78.42727272727274,21,-4117.0,21,31,2708.0,True,True,bp,-3.575
608,519.0826263602504,68,-30,-30,35914,35895,35963,35904,35953,81.61153846153846,49,-3507.0,19,49,4550.0,False,False,bp,-3.575
609,1071.4771475776793,47,0,-3,35985,35963,36010,35972,36004,56.20647773279352,32,-1974.0,22,25,2435.0,True,True,bp,-3.575
610,827.2589111834191,72,-26,32,36062,36010,36082,36036,36073,89.74475524475525,37,-2481.0,52,20,2585.0,False,False,bp,-3.575
611,304.72232063729575,28,8,-18,36087,36082,36110,36084,36104,151.4803921568627,20,-998.0,5,23,2949.0,False,False,bp,-3.575
612,723.4137376463768,67,-28,41,36164,36110,36177,36132,36173,113.54861111111113,41,-1890.0,54,13,2732.0,True,False,bp,-3.575
613,326.8802250944209,33,10,9,36198,36177,36210,36186,36204,46.75,18,-1472.0,21,12,1086.0,False,False,bp,-3.575
614,968.7170585525791,66,-4,-16,37703,37678,37744,37692,37726,103.02766798418972,34,260.0,25,41,3336.0,True,True,bp,-4.175438596491228
615,426.9864153011423,50,-5,2,37770,37744,37794,37756,37781,60.308441558441565,25,806.0,26,24,401.0,False,False,bp,-4.175438596491228
616,952.1468311135296,50,13,-8,37815,37794,37844,37801,37825,123.16428571428571,24,-652.0,21,29,3446.0,False,False,bp,-4.175438596491228
617,1054.880059093916,83,-17,1,37886,37844,37927,37862,37907,88.83035714285714,45,-242.0,42,41,4457.0,False,False,bp,-4.175438596491228
618,1100.5820791960084,57,-13,-5,37953,37927,37984,37935,37973,56.911111111111104,38,2034.0,26,31,2476.0,False,False,bp,-4.175438596491228
619,1474.9317967810114,60,-11,-4,38012,37984,38044,37998,38032,102.7,34,588.0,28,32,2094.0,True,True,bp,-4.175438596491228
620,769.680442180073,50,6,22,38080,38044,38094,38055,38090,70.25999999999999,35,-2.0,36,14,1991.0,True,False,bp,-4.175438596491228
621,1200.3933846301425,84,-13,12,38142,38094,38178,38131,38171,101.23510971786834,40,-1100.0,48,36,3044.0,True,False,bp,-4.175438596491228
622,1491.2446961176404,67,-23,-17,38203,38178,38245,38198,38236,213.15454545454543,38,-1679.0,25,42,3770.0,True,False,bp,-4.175438596491228
623,946.9096184258992,39,1,9,38269,38245,38284,38251,38272,185.41666666666669,21,-1113.0,24,15,1849.0,True,False,bp,-4.175438596491228
624,1724.0165330292373,43,0,-7,38302,38284,38327,38294,38316,174.76785714285714,22,-1854.0,18,25,4501.0,True,False,bp,-4.175438596491228
625,838.5721351253412,68,-24,18,38370,38327,38395,38338,38381,62.95028409090909,43,-527.0,43,25,1727.0,True,False,bp,-4.175438596491228
626,149.38218568548018,32,20,-16,38403,38395,38427,38400,38410,206.40476190476195,10,-46.0,8,24,2017.0,True,False,bp,-4.175438596491228
627,912.4110940115497,35,23,15,38452,38427,38462,38440,38456,134.70833333333334,16,444.0,25,10,2149.0,True,False,bp,-4.175438596491228
628,1023.3123634243424,81,-4,33,38519,38462,38543,38495,38533,98.6845238095238,38,-1698.0,57,24,2923.0,True,False,bp,-4.175438596491228
629,1632.0807444705713,84,17,-6,38582,38543,38627,38567,38598,133.48333333333335,31,-2374.0,39,45,4775.0,True,False,bp,-4.175438596491228
630,1780.5377338993897,50,13,12,38658,38627,38677,38646,38670,137.83333333333334,24,-1248.0,31,19,3311.0,True,False,bp,-4.175438596491228
631,733.8157129743852,101,-28,-17,38719,38677,38778,38707,38760,104.52134146341464,53,-1585.0,42,59,5848.0,True,False,bp,-4.175438596491228
632,1564.6854866568158,65,0,-17,38802,38778,38843,38785,38824,96.88770053475938,39,776.0,24,41,3113.0,True,True,bp,-4.175438596491228
633,2117.5485800495253,68,27,10,38882,38843,38911,38863,38892,215.54736842105262,29,-2094.0,39,29,5667.0,True,True,bp,-4.175438596491228
634,2165.55279449638,83,33,21,38963,38911,38994,38948,38975,176.6,27,-1688.0,52,31,4720.0,True,True,bp,-4.175438596491228
635,1387.734067994524,117,9,1,39053,38994,39111,39035,39082,163.09674329501914,47,-3729.0,59,58,8080.0,True,True,bp,-4.175438596491228
636,2269.3442688763994,77,19,1,39150,39111,39188,39138,39159,275.19444444444446,21,-2249.0,39,38,5215.0,True,True,bp,-4.175438596491228
637,1521.2016414268603,73,8,-11,39219,39188,39261,39199,39233,126.38214285714287,34,-2024.0,31,42,3602.0,True,True,bp,-4.175438596491228
638,2726.835489758521,66,20,-18,39285,39261,39327,39275,39301,220.225,26,-2623.0,24,42,7394.0,True,True,bp,-4.175438596491228
639,3387.565751877053,68,25,8,39365,39327,39395,39347,39374,276.8888888888889,27,-4759.0,38,30,5616.0,True,True,bp,-4.175438596491228
640,2318.734413438486,99,15,-19,39435,39395,39494,39426,39459,237.39583333333331,33,-4417.0,40,59,8536.0,True,False,bp,-4.175438596491228
641,3324.1047464731323,51,17,1,39520,39494,39545,39507,39532,250.5064102564103,25,-2222.0,26,25,5651.0,True,False,bp,-4.175438596491228
642,1075.4056270830038,65,-4,41,39598,39545,39610,39574,39604,142.625,30,-1869.0,53,12,1852.0,False,False,bp,-4.175438596491228
643,369.1274502126234,40,11,12,39636,39610,39650,39630,39641,177.25,11,-2216.0,26,14,1956.0,True,True,bp,-4.175438596491228
644,623.1960629790899,61,2,-23,39669,39650,39711,39663,39700,83.29838709677419,37,-1741.0,19,42,1980.0,True,False,bp,-4.175438596491228
645,506.27868601406686,98,-31,18,39769,39711,39809,39739,39795,69.04358974358975,56,-3610.0,58,40,3500.0,True,True,bp,-4.175438596491228
646,534.8548439360294,66,10,-12,39836,39809,39875,39820,39849,17.040865384615387,29,-2799.0,27,39,808.0,False,False,bp,-4.175438596491228
647,369.9382940772718,73,6,-17,39903,39875,39948,39888,39916,46.328205128205134,28,-4218.0,28,45,1443.0,False,False,bp,-4.175438596491228
648,543.9865936793535,45,-7,-35,39953,39948,39993,39950,39987,196.22549019607845,37,-4224.0,5,40,2791.0,True,True,bp,-4.175438596491228
649,435.81180184314513,78,25,8,40036,39993,40071,40017,40038,160.42105263157896,21,-4825.0,43,35,1129.0,False,False,bp,-4.175438596491228
650,126.8350755935702,38,3,-4,40088,40071,40109,40084,40098,81.8,14,-4692.0,17,21,974.0,False,False,bp,-4.175438596491228
651,387.06066822803115,34,10,-12,40120,40109,40143,40115,40130,162.75,15,-6029.0,11,23,1517.0,False,False,bp,-4.175438596491228
652,674.9294770558467,72,-13,-22,40168,40143,40215,40155,40193,107.3846153846154,38,-7735.0,25,47,4331.0,False,False,bp,-4.175438596491228
653,483.17828132118217,34,-9,12,40238,40215,40249,40218,40243,68.475,25,-4799.0,23,11,1098.0,False,False,bp,-4.175438596491228
654,501.68835344736465,63,0,-23,40269,40249,40312,40259,40290,111.33571428571429,31,-5238.0,20,43,3370.0,False,False,bp,-4.175438596491228
655,364.07633818139817,43,-8,3,40335,40312,40355,40321,40350,23.17619047619048,29,-2985.0,23,20,1176.0,False,False,bp,-4.175438596491228
656,127.05713397199585,36,3,24,40385,40355,40391,40371,40387,144.39285714285714,16,-2860.0,30,6,1220.0,True,True,bp,-4.175438596491228
657,121.6496517437834,39,-1,17,40419,40391,40430,40406,40425,53.506410256410255,19,-3263.0,28,11,1197.0,False,False,bp,-4.175438596491228
658,601.8380832460646,54,-10,22,40468,40430,40484,40443,40471,179.5,28,-4528.0,38,16,2365.0,False,False,bp,-4.175438596491228
659,410.89080893010527,43,-1,-7,40502,40484,40527,40489,40510,103.51442307692308,21,-3339.0,18,25,1905.0,False,False,bp,-4.175438596491228
660,616.0331628707603,50,11,-32,40536,40527,40577,40530,40553,81.70588235294117,23,-2437.0,9,41,2622.0,False,False,bp,-4.175438596491228
661,1441.3069316413516,51,8,-25,37690,37677,37728,37685,37711,214.2809523809524,26,127.0,13,38,3438.0,True,False,bp,-4.175438596491228
662,1188.4501813048264,49,1,27,37766,37728,37777,37745,37772,134.08333333333334,27,766.0,38,11,2960.0,True,True,bp,-4.175438596491228
663,1733.9009835365646,66,4,18,37819,37777,37843,37800,37829,170.38684210526316,29,258.0,42,24,4850.0,True,True,bp,-4.175438596491228
664,2672.2505664019964,85,7,-19,37876,37843,37928,37862,37893,260.76890756302515,31,-2539.0,33,52,7925.0,False,False,bp,-4.175438596491228
665,385.2729445386065,29,14,-13,37936,37928,37957,37931,37941,206.1,10,3305.0,8,21,1941.0,False,False,bp,-4.175438596491228
666,867.9850188813605,37,25,-11,37970,37957,37994,37965,37975,253.7,10,2107.0,13,24,2417.0,True,False,bp,-4.175438596491228
667,1613.5611449001376,64,-4,8,38030,37994,38058,38010,38041,133.4909090909091,31,116.0,36,28,3902.0,True,False,bp,-4.175438596491228
668,1922.9494904353671,37,25,9,38081,38058,38095,38068,38090,174.50854700854697,22,-91.0,23,14,3414.0,True,False,bp,-4.175438596491228
669,401.2999455670635,83,-14,45,38159,38095,38178,38137,38173,28.42857142857143,36,517.0,64,19,1510.0,True,False,bp,-4.175438596491228
670,664.0069842247992,100,12,-6,38225,38178,38278,38195,38239,61.37380952380952,44,568.0,47,53,2600.0,True,False,bp,-4.175438596491228
671,1672.933867732506,50,4,0,38303,38278,38328,38295,38318,151.30833333333334,23,332.0,25,25,3656.0,True,False,bp,-4.175438596491228
672,1243.5045061481599,50,-5,0,38353,38328,38378,38345,38370,161.84191176470586,25,250.0,25,25,2622.0,True,True,bp,-4.175438596491228
673,634.1615193453611,53,14,-5,38402,38378,38431,38390,38413,115.51515151515152,23,458.0,24,29,2810.0,True,True,bp,-4.175438596491228
674,2005.319865504185,50,3,16,38464,38431,38481,38450,38472,210.66071428571428,22,-1118.0,33,17,4216.0,True,True,bp,-4.175438596491228
675,1519.9023848633694,63,14,5,38515,38481,38544,38497,38525,128.54444444444442,28,-672.0,34,29,3477.0,True,True,bp,-4.175438596491228
676,1900.172877742797,95,29,-13,38585,38544,38639,38567,38592,186.62698412698413,25,-1309.0,41,54,3896.0,True,False,bp,-4.175438596491228
677,1484.7014631589582,38,14,-12,38652,38639,38677,38646,38664,197.875,18,-486.0,13,25,3146.0,True,False,bp,-4.175438596491228
678,773.7937232969482,50,2,2,38703,38677,38727,38696,38714,161.55194805194805,18,-381.0,26,24,1854.0,False,False,bp,-4.175438596491228
679,612.794785277742,64,-5,-44,38737,38727,38791,38734,38770,117.0,36,609.0,10,54,3434.0,False,False,bp,-4.175438596491228
680,2524.403271382099,54,-7,-8,38814,38791,38845,38801,38834,167.87884615384615,33,-685.0,23,31,5804.0,True,True,bp,-4.175438596491228
681,891.9003489912958,45,-8,3,38869,38845,38890,38860,38882,138.16666666666669,22,1016.0,24,21,816.0,False,False,bp,-4.175438596491228
682,1301.605248207242,54,-10,-30,38902,38890,38944,38896,38935,164.4469696969697,39,-1068.0,12,42,5419.0,False,False,bp,-4.175438596491228
683,1963.4469172345675,57,3,-5,38970,38944,39001,38964,38987,237.49019607843132,23,-178.0,26,31,3447.0,True,True,bp,-4.175438596491228
684,896.8463709172518,60,-11,-22,39020,39001,39061,39013,39045,195.59714285714287,32,-1153.0,19,41,1797.0,False,False,bp,-4.175438596491228
685,1487.661403932807,61,1,-13,39085,39061,39122,39066,39098,154.79554655870447,32,-1602.0,24,37,6699.0,False,False,bp,-4.175438596491228
686,2046.4384665618086,38,40,-4,39139,39122,39160,39131,39143,242.8125,12,-108.0,17,21,1305.0,False,False,bp,-4.175438596491228
687,524.8349354451348,65,1,21,39203,39160,39225,39195,39214,151.60227272727272,19,-1985.0,43,22,1720.0,False,False,bp,-4.175438596491228
688,528.9986700566777,41,-7,13,39252,39225,39266,39234,39257,119.31111111111113,23,-2120.0,27,14,2255.0,False,False,bp,-4.175438596491228
689,1213.0084606164273,62,-1,-22,39286,39266,39328,39273,39309,55.289297658862864,36,-598.0,20,42,5255.0,False,False,bp,-4.175438596491228
690,2542.3256153071256,60,0,2,39359,39328,39388,39344,39377,172.73888888888888,33,-1985.0,31,29,3419.0,True,True,bp,-4.175438596491228
691,908.5577355911743,89,-34,41,39453,39388,39477,39410,39461,168.85901162790697,51,-3385.0,65,24,4575.0,False,False,bp,-4.175438596491228
692,897.4112086075844,19,-6,17,39495,39477,39496,39478,39496,-79.97058823529412,18,1040.0,18,1,-167.0,False,False,bp,-4.175438596491228
693,1356.861920971843,48,9,0,39520,39496,39544,39508,39537,101.61274509803923,29,-410.0,24,24,4239.0,False,False,bp,-4.175438596491228
694,746.5262782306401,69,-11,35,39596,39544,39613,39575,39605,107.2777777777778,30,-955.0,52,17,1432.0,False,False,bp,-4.175438596491228
695,512.3019801405495,47,-16,-1,39636,39613,39660,39624,39654,32.486111111111114,30,-624.0,23,24,2687.0,False,False,bp,-4.175438596491228
696,1153.612667130722,52,15,2,39687,39660,39712,39668,39693,118.37280701754385,25,-895.0,27,25,2439.0,True,True,bp,-4.175438596491228
697,388.8300223971649,64,-8,24,39756,39712,39776,39733,39770,30.482919254658388,37,172.0,44,20,1207.0,False,False,bp,-4.175438596491228
698,1748.7759406937814,68,21,18,39819,39776,39844,39799,39824,223.225,25,-2874.0,43,25,3338.0,False,False,bp,-4.175438596491228
699,285.57780057475253,50,-12,32,39885,39844,39894,39870,39891,105.78333333333332,21,-2361.0,41,9,2172.0,True,False,bp,-4.175438596491228
700,863.5684982360443,50,7,-4,39917,39894,39944,39900,39924,147.4075630252101,24,-2862.0,23,27,3061.0,True,True,bp,-4.175438596491228
701,959.7857390000986,50,-15,0,39969,39944,39994,39955,39988,76.0845864661654,33,-2303.0,25,25,3380.0,True,True,bp,-4.175438596491228
702,906.5832901760741,49,-8,3,40020,39994,40043,40006,40030,135.7642857142857,24,-2727.0,26,23,1814.0,False,False,bp,-4.175438596491228
703,564.5932822605246,34,8,-16,40052,40043,40077,40046,40064,186.91666666666669,18,-2945.0,9,25,2722.0,False,False,bp,-4.175438596491228
704,128.7023707999077,33,-4,7,40097,40077,40110,40090,40107,29.635714285714286,17,-767.0,20,13,573.0,False,False,bp,-4.175438596491228
705,428.8514987577988,45,-10,15,40140,40110,40155,40120,40146,80.51666666666667,26,-2373.0,30,15,1426.0,False,False,bp,-4.175438596491228
706,782.3570409298299,35,34,-7,40169,40155,40190,40162,40175,196.55952380952382,13,-4040.0,14,21,2310.0,False,False,bp,-4.175438596491228
707,626.4080053092812,75,14,19,40237,40190,40265,40222,40241,167.05,19,-4895.0,47,28,2048.0,True,False,bp,-4.175438596491228
708,538.3207617766707,44,9,-16,40279,40265,40309,40274,40288,139.2,14,-4091.0,14,30,2798.0,False,False,bp,-4.175438596491228
709,393.99517378293365,35,10,-19,40317,40309,40344,40311,40329,139.875,18,-2824.0,8,27,1823.0,True,True,bp,-4.175438596491228
710,484.70024489055413,46,-8,-10,40362,40344,40390,40357,40382,98.25,25,-2435.0,18,28,1799.0,True,False,bp,-4.175438596491228
711,538.9805261771721,26,11,0,40403,40390,40416,40399,40409,283.0833333333333,10,-3390.0,13,13,2427.0,True,False,bp,-4.175438596491228
712,625.8464153149934,79,20,-39,40436,40416,40495,40430,40462,210.82051282051282,32,-4975.0,20,59,3442.0,True,False,bp,-4.175438596491228
713,729.4598294014639,66,3,16,40536,40495,40561,40514,40542,158.5,28,-3801.0,41,25,3211.0,True,False,bp,-4.175438596491228
714,1413.6342190339126,49,18,-1,42385,42361,42410,42375,42402,121.57058823529414,27,831.0,24,25,2876.0,True,False,bp,-0.8245614035087719
715,428.68452658560403,100,-4,16,42468,42410,42510,42447,42487,54.54010025062657,40,523.0,58,42,1988.0,True,False,bp,-0.8245614035087719
716,452.01685435069277,84,-12,-26,42539,42510,42594,42523,42573,68.15441176470588,50,488.0,29,55,3579.0,True,False,bp,-0.8245614035087719
717,1124.03245165179,50,14,0,42619,42594,42644,42611,42629,161.0125,18,986.0,25,25,2108.0,True,False,bp,-0.8245614035087719
718,1167.12948630746,49,6,5,42671,42644,42693,42661,42680,167.25555555555556,19,-227.0,27,22,3079.0,True,True,bp,-0.8245614035087719
719,1098.1687805191175,67,10,-15,42719,42693,42760,42705,42736,106.0672268907563,31,-788.0,26,41,2502.0,True,False,bp,-0.8245614035087719
720,479.3794450207023,34,8,10,42782,42760,42794,42777,42787,213.5,10,-184.0,22,12,2152.0,True,False,bp,-0.8245614035087719
721,184.94995718217967,33,0,17,42819,42794,42827,42805,42822,101.85714285714286,17,484.0,25,8,1101.0,True,True,bp,-0.8245614035087719
722,131.01081809918787,39,-4,23,42858,42827,42866,42839,42859,51.10526315789475,20,532.0,31,8,395.0,False,False,bp,-0.8245614035087719
723,187.89452149109178,28,5,12,42886,42866,42894,42875,42890,101.04545454545456,15,216.0,20,8,1155.0,True,True,bp,-0.8245614035087719
724,632.3409895960233,39,4,1,42914,42894,42933,42910,42925,146.60227272727272,15,330.0,20,19,2362.0,False,False,bp,-0.8245614035087719
725,1362.449994278823,45,-6,-9,42951,42933,42978,42944,42971,181.39285714285717,27,-920.0,18,27,2881.0,True,True,bp,-0.8245614035087719
726,675.225734512545,49,23,-1,43002,42978,43027,42992,43006,191.0,14,-345.0,24,25,2263.0,True,True,bp,-0.8245614035087719
727,1154.6565245971628,66,9,8,43064,43027,43093,43043,43075,129.7532467532467,32,-187.0,37,29,3960.0,True,True,bp,-0.8245614035087719
728,2422.985071698671,67,-2,7,43130,43093,43160,43116,43145,219.10714285714286,29,-3326.0,37,30,5428.0,False,False,bp,-0.8245614035087719
729,734.462314514535,51,3,1,43186,43160,43211,43172,43197,97.4155844155844,25,501.0,26,25,3014.0,False,False,bp,-0.8245614035087719
730,1242.144835418091,49,-13,31,43251,43211,43260,43225,43255,127.46153846153842,30,-1232.0,40,9,1559.0,False,False,bp,-0.8245614035087719
731,333.16353224104125,56,-16,28,43302,43260,43316,43272,43308,100.3,36,-2834.0,42,14,2031.0,False,False,bp,-0.8245614035087719
732,1133.8927435192825,57,-6,-19,43335,43316,43373,43328,43357,109.80194805194805,29,-2461.0,19,38,3843.0,False,False,bp,-0.8245614035087719
733,947.4317149066153,37,-2,-9,43387,43373,43410,43380,43405,126.5238095238095,25,-925.0,14,23,2446.0,True,False,bp,-0.8245614035087719
734,1501.6540480905333,83,27,-1,43451,43410,43493,43428,43455,249.67391304347825,27,-2320.0,41,42,3321.0,True,False,bp,-0.8245614035087719
735,2087.121772654402,67,25,-17,43518,43493,43560,43509,43531,268.0555555555556,22,-4586.0,25,42,5692.0,False,False,bp,-0.8245614035087719
736,863.1795364759853,55,-6,-5,43585,43560,43615,43578,43600,94.64285714285714,22,-755.0,25,30,1668.0,False,False,bp,-0.8245614035087719
737,190.65724862406788,61,0,-51,43620,43615,43676,43616,43653,89.08712121212122,37,258.0,5,56,2330.0,False,False,bp,-0.8245614035087719
738,233.19667977199367,84,0,34,43735,43676,43760,43690,43748,29.221367521367522,58,-325.0,59,25,1289.0,False,False,bp,-0.8245614035087719
739,586.2175556411268,89,29,29,43819,43760,43849,43806,43824,166.75384615384615,18,-1330.0,59,30,2440.0,True,False,bp,-0.8245614035087719
740,400.6450724436245,45,3,29,43886,43849,43894,43871,43890,76.79166666666667,19,-945.0,37,8,1406.0,True,False,bp,-0.8245614035087719
741,453.1945062581298,82,-25,6,43938,43894,43976,43912,43958,54.161538461538456,46,-2003.0,44,38,2165.0,True,False,bp,-0.8245614035087719
742,424.5381027804547,50,22,-28,43987,43976,44026,43979,44004,121.125,25,-1857.0,11,39,2148.0,True,False,bp,-0.8245614035087719
743,328.8775946937225,74,4,46,44086,44026,44100,44051,44089,191.5523809523809,38,-3787.0,60,14,1932.0,False,False,bp,-0.8245614035087719
744,230.6552384287435,110,-7,20,44165,44100,44210,44131,44185,29.92794117647059,54,-3428.0,65,45,1618.0,True,False,bp,-0.8245614035087719
745,427.49512667972687,45,18,7,44236,44210,44255,44232,44245,238.22222222222226,13,-4268.0,26,19,1541.0,True,False,bp,-0.8245614035087719
746,691.3190159834874,72,27,-14,44284,44255,44327,44276,44290,170.33333333333334,14,-3814.0,29,43,3278.0,False,False,bp,-0.8245614035087719
747,321.8356790766446,28,-2,-2,44340,44327,44355,44331,44349,66.66666666666666,18,-2164.0,13,15,738.0,False,False,bp,-0.8245614035087719
748,335.65141319413965,55,-2,-27,44369,44355,44410,44365,44395,185.4423076923077,30,-3264.0,14,41,2874.0,False,False,bp,-0.8245614035087719
749,720.5527416976224,50,5,0,44435,44410,44460,44423,44446,103.0530303030303,23,-2552.0,25,25,2104.0,False,False,bp,-0.8245614035087719
750,476.2155022996365,50,-4,0,44485,44460,44510,44474,44503,62.843434343434346,29,-1415.0,25,25,2220.0,False,False,bp,-0.8245614035087719
751,786.0115143409206,71,2,11,44551,44510,44581,44528,44563,93.76811594202898,35,-2365.0,41,30,2555.0,True,True,bp,-0.8245614035087719
752,766.4864607671437,34,-13,6,42346,42326,42360,42329,42355,100.66013071895424,26,-608.0,20,14,2478.0,True,False,bp,-0.8245614035087719
753,863.4258223062694,51,20,-11,42380,42360,42411,42368,42397,115.55637254901958,29,-1428.0,20,31,2541.0,True,False,bp,-0.8245614035087719
754,718.866265923054,66,-9,44,42466,42411,42477,42446,42471,148.325,25,-1988.0,55,11,3313.0,True,False,bp,-0.8245614035087719
755,273.45342573780493,34,-4,14,42501,42477,42511,42487,42504,211.7142857142857,17,-1363.0,24,10,2136.0,True,False,bp,-0.8245614035087719
756,893.3569915298151,49,-23,-11,42530,42511,42560,42517,42552,88.92132867132868,35,-2024.0,19,30,2659.0,True,True,bp,-0.8245614035087719
757,450.57020594150595,51,-30,-25,42573,42560,42611,42564,42605,68.09375,41,-1288.0,13,38,1909.0,True,True,bp,-0.8245614035087719
758,1137.8102697142951,32,8,-8,42623,42611,42643,42616,42635,207.9940476190476,19,-2623.0,12,20,3906.0,True,True,bp,-0.8245614035087719
759,1173.5370195651476,50,12,4,42670,42643,42693,42662,42681,189.5340909090909,19,-2316.0,27,23,3266.0,True,True,bp,-0.8245614035087719
760,693.6932290165391,67,-7,9,42731,42693,42760,42712,42745,102.00375939849623,33,-2476.0,38,29,1882.0,True,True,bp,-0.8245614035087719
761,731.8654940520822,50,0,-6,42782,42760,42810,42771,42796,109.07142857142857,25,-2259.0,22,28,3160.0,True,True,bp,-0.8245614035087719
762,533.1972643737458,67,-38,7,42847,42810,42877,42821,42871,39.0849358974359,50,-1239.0,37,30,2022.0,True,True,bp,-0.8245614035087719
763,500.70602025853134,49,-4,-9,42897,42877,42926,42883,42912,77.72142857142856,29,-1252.0,20,29,1744.0,True,True,bp,-0.8245614035087719
764,607.058582403169,58,-12,-4,42953,42926,42984,42937,42973,39.99375,36,-1184.0,27,31,2428.0,True,True,bp,-0.8245614035087719
765,1097.87217668173,65,7,5,43019,42984,43049,42997,43025,100.38636363636364,28,-1247.0,35,30,1910.0,True,True,bp,-0.8245614035087719
766,692.0844428221933,47,-13,25,43085,43049,43096,43060,43089,148.27,29,-2350.0,36,11,2184.0,True,True,bp,-0.8245614035087719
767,509.36045884095716,69,-33,41,43151,43096,43165,43105,43156,81.32173913043478,51,-2028.0,55,14,1996.0,False,False,bp,-0.8245614035087719
768,458.59445720874015,40,9,2,43186,43165,43205,43174,43191,139.83333333333334,17,-165.0,21,19,2715.0,False,False,bp,-0.8245614035087719
769,1172.0249362294933,51,-1,19,43240,43205,43256,43217,43247,80.16770186335404,30,-1939.0,35,16,691.0,False,False,bp,-0.8245614035087719
770,893.9929887335878,69,4,-7,43287,43256,43325,43276,43300,132.65384615384616,24,-4266.0,31,38,2985.0,False,False,bp,-0.8245614035087719
771,226.56434950040094,34,-3,-24,43330,43325,43359,43328,43347,77.05882352941177,19,-1500.0,5,29,2136.0,False,False,bp,-0.8245614035087719
772,864.4576268385506,51,15,-33,43368,43359,43410,43363,43386,130.10555555555555,23,-972.0,9,42,3425.0,False,False,bp,-0.8245614035087719
773,1478.6350149656616,67,0,-9,43439,43410,43477,43424,43454,108.96666666666668,30,-1282.0,29,38,2915.0,True,True,bp,-0.8245614035087719
774,2108.7878901446743,55,-1,-9,43500,43477,43532,43484,43521,134.2619047619048,37,-2908.0,23,32,5222.0,True,True,bp,-0.8245614035087719
775,789.9321359163163,62,-20,34,43580,43532,43594,43557,43588,98.25815217391305,31,-765.0,48,14,2800.0,False,False,bp,-0.8245614035087719
776,337.9079731839363,49,-17,1,43619,43594,43643,43599,43631,19.33333333333333,32,912.0,25,24,1098.0,False,False,bp,-0.8245614035087719
777,667.2962959600394,50,24,-24,43656,43643,43693,43646,43679,69.24130434782609,33,299.0,13,37,2033.0,True,False,bp,-0.8245614035087719
778,526.9681064577777,117,-2,27,43765,43693,43810,43736,43775,99.69827586206895,39,-1633.0,72,45,2971.0,True,False,bp,-0.8245614035087719
779,293.7093441598003,50,5,-36,43817,43810,43860,43812,43839,113.5909090909091,27,-288.0,7,43,1638.0,True,False,bp,-0.8245614035087719
780,274.0812678525174,34,14,16,43885,43860,43894,43871,43890,104.65,19,-247.0,25,9,1697.0,True,False,bp,-0.8245614035087719
781,1019.8354624110112,82,38,-2,43934,43894,43976,43923,43939,234.4818181818182,16,-1738.0,40,42,3600.0,True,False,bp,-0.8245614035087719
782,339.828602975777,65,10,-15,44001,43976,44041,43993,44018,82.21323529411767,25,-151.0,25,40,1696.0,True,True,bp,-0.8245614035087719
783,479.62181138455117,68,-11,-4,44073,44041,44109,44053,44096,33.15543478260869,43,-1086.0,32,36,1950.0,True,True,bp,-0.8245614035087719
784,950.8791126213408,69,3,-17,44135,44109,44178,44128,44165,126.21190476190478,37,-1395.0,26,43,3161.0,True,True,bp,-0.8245614035087719
785,917.1854076827278,71,3,29,44228,44178,44249,44205,44238,84.26304347826088,33,-2944.0,50,21,2022.0,False,False,bp,-0.8245614035087719
786,656.5443882569077,60,22,2,44280,44249,44309,44274,44294,199.65476190476193,20,-3757.0,31,29,3146.0,True,True,bp,-0.8245614035087719
787,667.9958664773982,85,-5,25,44364,44309,44394,44336,44372,97.94642857142857,36,-3356.0,55,30,2605.0,True,False,bp,-0.8245614035087719
788,564.4621221964093,33,17,13,44417,44394,44427,44403,44420,202.16666666666663,17,-3358.0,23,10,2202.0,False,False,bp,-0.8245614035087719
789,260.9541008171906,65,-20,21,44470,44427,44492,44454,44487,39.48529411764706,33,-2193.0,43,22,1894.0,False,False,bp,-0.8245614035087719
790,376.02589075984594,44,2,8,44518,44492,44536,44500,44520,92.5,20,-1749.0,26,18,652.0,False,False,bp,-0.8245614035087719
791,293.81428419571546,44,-8,-22,44547,44536,44580,44542,44571,57.84583333333334,29,-1008.0,11,33,1691.0,False,False,bp,-0.8245614035087719
792,531.2125664332812,47,33,-13,44597,44580,44627,44592,44611,134.4,19,-1247.0,17,30,1361.0,True,False,bp,-0.8245614035087719
793,1303.0148876132828,65,4,-17,46368,46344,46409,46361,46390,169.65584415584416,29,81.0,24,41,3940.0,True,True,bp,-0.23529411764705882
794,1394.5891149599872,51,-5,-1,46434,46409,46460,46423,46453,131.18899521531102,30,269.0,25,26,3415.0,True,True,bp,-0.23529411764705882
795,844.2593609925259,49,-12,9,46489,46460,46509,46478,46504,83.68181818181819,26,1877.0,29,20,2468.0,True,True,bp,-0.23529411764705882
796,1041.0363518170163,67,22,-7,46539,46509,46576,46518,46562,85.69668737060043,44,741.0,30,37,3185.0,True,False,bp,-0.23529411764705882
797,1064.8951071456527,73,25,43,46634,46576,46649,46628,46638,306.66666666666663,10,251.0,58,15,2913.0,True,True,bp,-0.23529411764705882
798,1807.659805513986,89,19,3,46695,46649,46738,46673,46707,200.59469696969697,34,-871.0,46,43,7179.0,True,True,bp,-0.23529411764705882
799,2898.395945493607,70,15,-8,46769,46738,46808,46760,46779,377.61111111111114,19,-2228.0,31,39,4795.0,True,False,bp,-0.23529411764705882
800,931.9872478984053,35,3,-15,46818,46808,46843,46813,46836,191.91111111111115,23,12.0,10,25,3580.0,True,False,bp,-0.23529411764705882
801,401.1099700784462,39,9,17,46871,46843,46882,46862,46874,169.61111111111111,12,1175.0,28,11,1208.0,False,False,bp,-0.23529411764705882
802,758.611184198109,43,15,-5,46901,46882,46925,46895,46913,161.79166666666669,18,-97.0,19,24,1430.0,False,False,bp,-0.23529411764705882
803,782.1693238007907,68,-29,18,46968,46925,46993,46946,46987,73.66746411483254,41,-2140.0,43,25,2476.0,False,False,bp,-0.23529411764705882
804,799.6209483850515,44,-5,4,47017,46993,47037,46999,47027,84.3611111111111,28,-1451.0,24,20,1655.0,False,False,bp,-0.23529411764705882
805,443.9476864914015,35,18,-5,47052,47037,47072,47050,47058,166.41666666666669,8,-154.0,15,20,1786.0,False,False,bp,-0.23529411764705882
806,481.8775750027504,104,-32,-46,47101,47072,47176,47084,47149,73.01654411764707,65,-1936.0,29,75,3720.0,False,False,bp,-0.23529411764705882
807,812.9764033711713,66,30,-16,47201,47176,47242,47182,47207,116.2061403508772,25,354.0,25,41,2216.0,False,False,bp,-0.23529411764705882
808,725.88677009155,64,-3,-10,47269,47242,47306,47262,47288,159.44736842105263,26,-862.0,27,37,883.0,False,False,bp,-0.23529411764705882
809,315.52655164058154,36,-10,-16,47316,47306,47342,47311,47334,57.25555555555556,23,186.0,10,26,2250.0,False,False,bp,-0.23529411764705882
810,663.4348126098113,36,22,-14,47353,47342,47378,47347,47359,172.83333333333331,12,842.0,11,25,2821.0,True,True,bp,-0.23529411764705882
811,318.5388525597225,32,9,14,47401,47378,47410,47393,47406,133.3125,13,1488.0,23,9,1234.0,False,False,bp,-0.23529411764705882
812,806.0960758166483,50,-17,32,47451,47410,47460,47428,47455,173.6195652173913,27,-962.0,41,9,2350.0,False,False,bp,-0.23529411764705882
813,382.6851914343624,50,-7,4,47487,47460,47510,47465,47499,15.727272727272727,34,75.0,27,23,1508.0,False,False,bp,-0.23529411764705882
814,1058.0680577089986,67,17,-19,47534,47510,47577,47526,47545,196.9090909090909,19,-1480.0,24,43,4209.0,False,False,bp,-0.23529411764705882
815,509.64804192602037,34,-2,-14,47587,47577,47611,47581,47605,82.08333333333333,24,1306.0,10,24,1930.0,False,False,bp,-0.23529411764705882
816,488.7538155239088,33,7,13,47634,47611,47644,47627,47638,187.48214285714286,11,705.0,23,10,1672.0,True,True,bp,-0.23529411764705882
817,395.9051500860187,66,-24,-18,47668,47644,47710,47656,47697,60.85632183908046,41,140.0,24,42,606.0,False,False,bp,-0.23529411764705882
818,556.9276568888308,33,-4,-17,47718,47710,47743,47714,47736,159.61111111111111,22,-1258.0,8,25,1937.0,False,False,bp,-0.23529411764705882
819,1070.5885976486218,46,9,-6,47763,47743,47789,47754,47772,150.72222222222226,18,-2293.0,20,26,2391.0,True,True,bp,-0.23529411764705882
820,389.1948069555917,38,-18,22,47819,47789,47827,47799,47824,65.94999999999999,25,-1519.0,30,8,867.0,True,False,bp,-0.23529411764705882
821,208.1551028969553,32,-6,16,47851,47827,47859,47831,47855,54.275,24,-1745.0,24,8,956.0,True,True,bp,-0.23529411764705882
822,339.2697810906535,45,-1,5,47884,47859,47904,47873,47895,107.22727272727272,22,-2395.0,25,20,679.0,False,False,bp,-0.23529411764705882
823,301.9570414915071,39,5,-11,47918,47904,47943,47916,47929,230.0909090909091,13,-2309.0,14,25,2606.0,False,False,bp,-0.23529411764705882
824,489.59648352692636,49,6,-33,47951,47943,47992,47947,47973,167.2840909090909,26,-1674.0,8,41,2542.0,True,False,bp,-0.23529411764705882
825,392.2206379195642,67,-16,11,48031,47992,48059,48005,48045,51.88186813186813,40,-543.0,39,28,1720.0,True,True,bp,-0.23529411764705882
826,561.281385669648,50,7,0,48084,48059,48109,48069,48087,172.66666666666663,18,-1718.0,25,25,2102.0,True,True,bp,-0.23529411764705882
827,655.6756356175263,34,-6,-12,48120,48109,48143,48112,48138,96.66666666666669,26,-1255.0,11,23,2410.0,True,False,bp,-0.23529411764705882
828,241.4195386687539,50,3,34,48185,48143,48193,48158,48188,154.3148148148148,30,-1011.0,42,8,1685.0,True,True,bp,-0.23529411764705882
829,191.95987607046428,83,-3,-5,48232,48193,48276,48221,48251,79.71291866028706,30,-1692.0,39,44,1676.0,True,True,bp,-0.23529411764705882
830,366.71191983808166,50,18,-32,48285,48276,48326,48278,48301,93.76339285714286,23,-1738.0,9,41,2416.0,True,True,bp,-0.23529411764705882
831,772.7728978371676,50,-16,26,48364,48326,48376,48342,48369,116.14090909090908,27,-2697.0,38,12,1734.0,True,True,bp,-0.23529411764705882
832,622.5487158242114,67,-35,17,48418,48376,48443,48380,48434,70.53289473684211,54,-4262.0,42,25,3349.0,False,False,bp,-0.23529411764705882
833,296.57999985256697,66,-9,-16,48468,48443,48509,48453,48489,24.685714285714287,36,-2493.0,25,41,2321.0,False,False,bp,-0.23529411764705882
834,240.99928893881042,39,4,-13,48522,48509,48548,48516,48532,111.2,16,-1798.0,13,26,1454.0,False,False,bp,-0.23529411764705882
835,146.97913059914387,44,-9,-16,48562,48548,48592,48552,48579,27.85294117647059,27,-959.0,14,30,1117.0,False,False,bp,-0.23529411764705882
836,483.337729424343,34,-17,-14,48602,48592,48626,48597,48621,112.32631578947368,24,-1440.0,10,24,2026.0,True,True,bp,-0.23529411764705882
837,189.34989988819055,32,-14,8,48646,48626,48658,48628,48655,27.13888888888889,27,-742.0,20,12,128.0,False,False,bp,-0.23529411764705882
838,384.35910191181387,32,16,10,48679,48658,48690,48668,48686,44.38961038961038,18,-1929.0,21,11,1432.0,False,False,bp,-0.23529411764705882
839,905.2046652798653,82,-7,2,46435,46393,46475,46421,46455,102.14285714285714,34,-1306.0,42,40,3257.0,True,False,bp,-0.23529411764705882
840,1188.5728103089032,50,2,-20,46490,46475,46525,46482,46505,124.52916666666668,23,-659.0,15,35,2298.0,True,True,bp,-0.23529411764705882
841,1554.9249712321412,63,12,-11,46551,46525,46588,46530,46570,125.41729323308272,40,-1931.0,26,37,5957.0,True,True,bp,-0.23529411764705882
842,1923.5012500016453,72,1,24,46636,46588,46660,46622,46651,146.24761904761903,29,160.0,48,24,4662.0,True,True,bp,-0.23529411764705882
843,2536.598812790128,72,13,-2,46695,46660,46732,46681,46706,202.4805194805195,25,-1542.0,35,37,4108.0,True,True,bp,-0.23529411764705882
844,1003.8291429176829,44,10,-6,46751,46732,46776,46744,46757,231.76190476190484,13,-471.0,19,25,2450.0,True,True,bp,-0.23529411764705882
845,810.2733632068762,33,-7,17,46801,46776,46809,46780,46805,160.61904761904762,25,-139.0,25,8,2255.0,True,True,bp,-0.23529411764705882
846,710.7629935849437,35,25,15,46834,46809,46844,46823,46837,218.10606060606065,14,-284.0,25,10,2148.0,True,False,bp,-0.23529411764705882
847,720.2597501107094,82,-7,40,46905,46844,46926,46876,46910,137.99655172413793,34,-2125.0,61,21,2109.0,True,False,bp,-0.23529411764705882
848,916.9719735111232,48,-12,4,46952,46926,46974,46937,46965,81.47179487179487,28,-1710.0,26,22,3187.0,True,False,bp,-0.23529411764705882
849,1245.2846042699534,52,1,-20,46990,46974,47026,46981,47013,131.44685990338164,32,-1775.0,16,36,3830.0,True,True,bp,-0.23529411764705882
850,523.6214942484669,49,3,3,47052,47026,47075,47046,47063,136.87878787878788,17,4.0,26,23,1809.0,True,True,bp,-0.23529411764705882
851,646.5842071670273,51,-9,13,47107,47075,47126,47083,47112,92.59166666666668,29,-719.0,32,19,1630.0,True,True,bp,-0.23529411764705882
852,803.0757332163904,50,-12,0,47151,47126,47176,47132,47161,102.1421052631579,29,-2156.0,25,25,2096.0,False,False,bp,-0.23529411764705882
853,167.26573765058038,47,17,-31,47184,47176,47223,47178,47199,93.06666666666666,21,-1053.0,8,39,3074.0,False,False,bp,-0.23529411764705882
854,816.2730874325857,50,9,-2,47247,47223,47273,47237,47254,119.3642857142857,17,310.0,24,26,2122.0,True,True,bp,-0.23529411764705882
855,711.170643223526,53,4,-25,47287,47273,47326,47280,47311,113.75892857142857,31,449.0,14,39,2223.0,True,False,bp,-0.23529411764705882
856,1099.9724316883428,66,4,16,47367,47326,47392,47346,47374,132.92857142857142,28,-17.0,41,25,2861.0,True,True,bp,-0.23529411764705882
857,547.5932778179631,84,-36,24,47446,47392,47476,47406,47462,65.75625,56,-845.0,54,30,2159.0,True,False,bp,-0.23529411764705882
858,1022.7160508437544,50,-11,-12,47495,47476,47526,47482,47511,130.71153846153842,29,-1679.0,19,31,3247.0,False,False,bp,-0.23529411764705882
859,375.27213632423434,38,3,-20,47535,47526,47564,47529,47552,82.53431372549021,23,450.0,9,29,2369.0,False,False,bp,-0.23529411764705882
860,881.084035323743,62,-16,-18,47586,47564,47626,47578,47612,104.73557692307692,34,340.0,22,40,2552.0,True,False,bp,-0.23529411764705882
861,491.2692133621088,34,-13,16,47651,47626,47660,47630,47654,159.07142857142856,24,419.0,25,9,1561.0,True,False,bp,-0.23529411764705882
862,456.18159343181054,32,-4,-12,47670,47660,47692,47665,47687,133.0529411764706,22,-17.0,10,22,2000.0,True,False,bp,-0.23529411764705882
863,724.3683102379422,51,-12,3,47719,47692,47743,47705,47735,89.34375,30,-1087.0,27,24,2609.0,True,False,bp,-0.23529411764705882
864,455.6707997807723,86,3,-36,47768,47743,47829,47753,47794,61.52564102564102,41,-883.0,25,61,3527.0,True,False,bp,-0.23529411764705882
865,627.9919234155204,33,13,15,47853,47829,47862,47838,47856,181.56666666666663,18,747.0,24,9,2314.0,True,False,bp,-0.23529411764705882
866,361.6463967913436,53,-4,27,47902,47862,47915,47887,47907,113.9,20,54.0,40,13,1670.0,True,True,bp,-0.23529411764705882
867,409.0378482450712,78,-22,-38,47935,47915,47993,47923,47971,50.569444444444436,48,-294.0,20,58,2971.0,True,False,bp,-0.23529411764705882
868,882.7717834825065,48,-18,-10,48012,47993,48041,47997,48030,85.2277777777778,33,476.0,19,29,2857.0,True,False,bp,-0.23529411764705882
869,162.88818582180954,68,1,-48,48051,48041,48109,48045,48078,105.41666666666669,33,1309.0,10,58,1408.0,True,False,bp,-0.23529411764705882
870,686.2641903411787,34,12,2,48127,48109,48143,48112,48133,137.43333333333334,21,74.0,18,16,2065.0,True,False,bp,-0.23529411764705882
871,158.28230577439618,60,-10,46,48196,48143,48203,48166,48200,83.36666666666667,34,-829.0,53,7,921.0,False,False,bp,-0.23529411764705882
872,331.24858003344343,74,0,-10,48235,48203,48277,48224,48252,81.58021390374331,28,-1746.0,32,42,2877.0,True,False,bp,-0.23529411764705882
873,74.17182727838177,33,5,-19,48284,48277,48310,48280,48295,138.125,15,-468.0,7,26,920.0,True,False,bp,-0.23529411764705882
874,151.5217285131271,45,47,-29,48318,48310,48355,48315,48331,207.0,16,-1155.0,8,37,636.0,False,False,bp,-0.23529411764705882
875,705.1667616699362,72,-3,54,48418,48355,48427,48394,48422,193.77083333333331,28,-3065.0,63,9,3180.0,False,False,bp,-0.23529411764705882
876,262.7771849986977,79,-3,1,48467,48427,48506,48447,48480,82.2923076923077,33,-2335.0,40,39,2289.0,True,False,bp,-0.23529411764705882
877,120.07557805858036,25,12,-9,48514,48506,48531,48510,48518,182.875,8,-1625.0,8,17,1474.0,False,False,bp,-0.23529411764705882
878,134.34555499062313,34,6,-4,48546,48531,48565,48538,48553,58.41964285714285,15,-835.0,15,19,1095.0,False,False,bp,-0.23529411764705882
879,699.2352925806102,44,-11,-6,48584,48565,48609,48574,48604,69.95,30,-1846.0,19,25,2752.0,True,True,bp,-0.23529411764705882
880,634.7549800533291,50,4,8,48638,48609,48659,48623,48648,91.21666666666668,25,-1217.0,29,21,1797.0,True,True,bp,-0.23529411764705882
881,1130.3701582024112,49,2,-7,50547,50526,50575,50533,50555,112.32142857142857,22,213.0,21,28,2514.0,True,True,bp,1.0806451612903225
882,465.59870588666274,51,-15,-31,50585,50575,50626,50579,50620,90.66904761904762,41,877.0,10,41,1839.0,True,False,bp,1.0806451612903225
883,1482.2755631124235,65,15,-11,50653,50626,50691,50646,50673,147.40714285714284,27,179.0,27,38,3857.0,True,True,bp,1.0806451612903225
884,1612.8348246223434,68,0,18,50734,50691,50759,50715,50740,230.35087719298244,25,-687.0,43,25,4087.0,True,True,bp,1.0806451612903225
885,833.2212052679068,82,-15,-32,50784,50759,50841,50765,50813,73.05172413793103,48,-335.0,25,57,2232.0,True,False,bp,1.0806451612903225
886,1550.3651292018408,35,19,-13,50852,50841,50876,50846,50867,191.2,21,-1078.0,11,24,4379.0,True,False,bp,1.0806451612903225
887,1386.023166231276,96,13,12,50930,50876,50972,50907,50940,126.5413043478261,33,4.0,54,42,4119.0,True,False,bp,1.0806451612903225
888,2070.6985412852464,53,11,7,51002,50972,51025,50986,51011,199.45486111111111,25,-281.0,30,23,4510.0,True,False,bp,1.0806451612903225
889,1159.5684015594964,100,-8,-14,51068,51025,51125,51047,51094,113.75641025641023,47,-919.0,43,57,4316.0,True,False,bp,1.0806451612903225
890,1826.6112984123495,68,5,-16,51151,51125,51193,51133,51170,131.8640350877193,37,-547.0,26,42,5943.0,True,True,bp,1.0806451612903225
891,2129.9345372653547,83,-3,1,51235,51193,51276,51212,51256,163.59834368530022,44,-2352.0,42,41,6578.0,True,True,bp,1.0806451612903225
892,1872.9946063881753,66,12,16,51317,51276,51342,51297,51334,104.75147058823528,37,313.0,41,25,3662.0,True,True,bp,1.0806451612903225
893,855.9900704918823,100,-11,50,51417,51342,51442,51383,51420,210.2352941176471,37,-1955.0,75,25,2081.0,False,False,bp,1.0806451612903225
894,1935.8646201886856,50,-5,-2,51466,51442,51492,51446,51473,212.34285714285718,27,-2737.0,24,26,5381.0,False,False,bp,1.0806451612903225
895,696.7476859727442,31,4,-11,51502,51492,51523,51495,51512,110.04285714285713,17,787.0,10,21,1177.0,False,False,bp,1.0806451612903225
896,1388.2012541558804,52,4,-4,51547,51523,51575,51533,51555,150.71428571428572,22,-656.0,24,28,3384.0,False,False,bp,1.0806451612903225
897,993.8935314345268,51,20,1,51601,51575,51626,51581,51611,93.225,30,143.0,26,25,2544.0,True,False,bp,1.0806451612903225
898,160.938095080702,100,-25,50,51701,51626,51726,51661,51713,73.41666666666666,52,-513.0,75,25,1375.0,False,False,bp,1.0806451612903225
899,351.87172588107137,50,-6,0,51751,51726,51776,51740,51764,49.99300699300699,24,-316.0,25,25,1334.0,False,False,bp,1.0806451612903225
900,816.883555538676,34,-3,-8,51789,51776,51810,51782,51806,169.98739495798318,24,-2497.0,13,21,1511.0,False,False,bp,1.0806451612903225
901,809.7219199481825,54,18,-6,51834,51810,51864,51827,51840,232.94047619047618,13,-3852.0,24,30,3167.0,False,False,bp,1.0806451612903225
902,302.0271712417387,62,9,-22,51884,51864,51926,51871,51897,54.69230769230769,26,-1746.0,20,42,2316.0,False,False,bp,1.0806451612903225
903,379.85589002257933,46,-19,26,51962,51926,51972,51932,51969,21.49761904761905,37,-1986.0,36,10,424.0,False,False,bp,1.0806451612903225
904,443.9584379502568,52,15,6,52001,51972,52024,51987,52005,163.82142857142856,18,-4120.0,29,23,1911.0,False,False,bp,1.0806451612903225
905,739.8720942859111,68,-1,-14,52051,52024,52092,52038,52067,96.31009615384615,29,-3896.0,27,41,5258.0,False,False,bp,1.0806451612903225
906,374.8945209420644,33,-14,-11,52103,52092,52125,52095,52118,92.33333333333331,23,-518.0,11,22,1697.0,False,False,bp,1.0806451612903225
907,577.9741865625001,49,-8,-31,52134,52125,52174,52127,52161,94.8095238095238,34,-730.0,9,40,1316.0,False,False,bp,1.0806451612903225
908,409.7891454683796,102,-16,-14,52218,52174,52276,52187,52245,49.593787335722816,58,-2569.0,44,58,1644.0,False,False,bp,1.0806451612903225
909,1047.7261150543088,45,12,5,52301,52276,52321,52287,52309,186.8392857142857,22,-3355.0,25,20,3977.0,True,False,bp,1.0806451612903225
910,678.3993597605856,54,-9,28,52362,52321,52375,52343,52370,112.54934210526315,27,-1595.0,41,13,2614.0,True,False,bp,1.0806451612903225
911,565.6632359421284,50,-5,-6,52397,52375,52425,52388,52412,110.78888888888888,24,-786.0,22,28,2646.0,True,True,bp,1.0806451612903225
912,457.64107929668256,34,4,18,52451,52425,52459,52431,52454,132.35,23,-83.0,26,8,1494.0,False,False,bp,1.0806451612903225
913,796.2946378689032,68,-3,14,52500,52459,52527,52481,52513,89.33198380566802,32,-2337.0,41,27,2800.0,False,False,bp,1.0806451612903225
914,320.96690006625795,48,-7,24,52563,52527,52575,52542,52569,71.36904761904762,27,-1100.0,36,12,1503.0,True,True,bp,1.0806451612903225
915,965.8437442056778,46,-5,2,50551,50527,50573,50532,50567,69.94736842105263,35,-530.0,24,22,2006.0,True,True,bp,1.0806451612903225
916,1555.2070610172598,70,14,18,50617,50573,50643,50597,50623,193.4333333333333,26,-2482.0,44,26,3685.0,True,True,bp,1.0806451612903225
917,1794.8493985533637,64,-2,-14,50668,50643,50707,50663,50690,195.9,27,-1610.0,25,39,5233.0,True,True,bp,1.0806451612903225
918,2243.706560979733,52,-1,2,50734,50707,50759,50715,50749,166.2263157894737,34,-2377.0,27,25,5051.0,True,True,bp,1.0806451612903225
919,1529.128479727759,66,16,16,50800,50759,50825,50782,50805,195.1,23,-580.0,41,25,3261.0,True,True,bp,1.0806451612903225
920,1907.660339169512,56,1,0,50853,50825,50881,50844,50872,167.546783625731,28,-1158.0,28,28,3859.0,True,True,bp,1.0806451612903225
921,1679.5685102722912,81,11,-9,50917,50881,50962,50901,50939,125.01420454545456,38,-1364.0,36,45,5445.0,True,True,bp,1.0806451612903225
922,2027.538629796068,70,5,8,51001,50962,51032,50988,51018,157.45022624434392,30,-1136.0,39,31,3930.0,True,True,bp,1.0806451612903225
923,2317.128525190885,73,-7,-1,51068,51032,51105,51053,51089,155.72857142857143,36,-2469.0,36,37,5557.0,True,True,bp,1.0806451612903225
924,1459.6723931267263,87,-20,-29,51134,51105,51192,51118,51169,93.16875,51,-874.0,29,58,4702.0,True,True,bp,1.0806451612903225
925,1068.9276068371776,83,-10,-33,51217,51192,51275,51200,51251,88.41176470588233,51,-383.0,25,58,4100.0,True,True,bp,1.0806451612903225
926,898.3608422815289,51,10,5,51303,51275,51326,51292,51312,128.83838383838383,20,70.0,28,23,1216.0,False,False,bp,1.0806451612903225
927,132.42526677279758,67,1,19,51369,51326,51393,51342,51380,24.690235690235692,38,461.0,43,24,462.0,False,False,bp,1.0806451612903225
928,842.2712197353269,70,-12,22,51439,51393,51463,51419,51454,69.19166666666666,35,-986.0,46,24,3251.0,False,False,bp,1.0806451612903225
929,808.4933882593773,67,-13,-25,51484,51463,51530,51477,51513,152.64778325123154,36,-826.0,21,46,3646.0,True,True,bp,1.0806451612903225
930,1385.6184351017605,42,2,-2,51550,51530,51572,51536,51558,179.49107142857144,22,229.0,20,22,4718.0,True,True,bp,1.0806451612903225
931,1034.405636449959,54,-29,30,51614,51572,51626,51582,51621,111.68080357142857,39,-1390.0,42,12,2062.0,False,False,bp,1.0806451612903225
932,957.542208813689,49,6,-23,51639,51626,51675,51631,51658,142.0296052631579,27,-1671.0,13,36,4908.0,False,False,bp,1.0806451612903225
933,1391.8650403296606,50,-15,30,51715,51675,51725,51691,51718,207.2083333333333,27,-1806.0,40,10,2515.0,False,False,bp,1.0806451612903225
934,307.52375182602384,34,0,16,51750,51725,51759,51730,51753,101.09166666666668,23,-1663.0,25,9,1074.0,False,False,bp,1.0806451612903225
935,443.1908509662912,33,5,15,51783,51759,51792,51776,51788,212.37142857142857,12,-3734.0,24,9,1416.0,False,False,bp,1.0806451612903225
936,820.2980533288285,51,-16,-1,51817,51792,51843,51805,51835,90.51388888888887,30,-5166.0,25,26,2948.0,False,False,bp,1.0806451612903225
937,937.0133927416904,50,-11,-2,51867,51843,51893,51849,51879,80.52777777777777,30,-4657.0,24,26,2476.0,True,True,bp,1.0806451612903225
938,288.3161193696308,33,-16,-5,51907,51893,51926,51898,51923,93.10416666666669,25,-4498.0,14,19,1273.0,False,False,bp,1.0806451612903225
939,218.56597196698002,28,-6,-4,51938,51926,51954,51932,51950,193.20833333333331,18,-7065.0,12,16,1593.0,False,False,bp,1.0806451612903225
940,976.7577710438096,55,-9,-21,51971,51954,52009,51962,51995,143.11111111111111,33,-8907.0,17,38,4957.0,False,False,bp,1.0806451612903225
941,1103.3419399292336,63,-25,5,52043,52009,52072,52019,52060,71.2046568627451,41,-7843.0,34,29,2514.0,True,False,bp,1.0806451612903225
942,292.48971993929166,31,12,11,52093,52072,52103,52076,52098,131.8470588235294,22,-6868.0,21,10,2419.0,False,False,bp,1.0806451612903225
943,274.0199649374786,106,-13,-22,52145,52103,52209,52132,52179,55.529411764705884,47,-5456.0,42,64,3967.0,False,False,bp,1.0806451612903225
944,262.02565640288697,23,15,-7,52217,52209,52232,52213,52220,372.70833333333337,7,-4623.0,8,15,2231.0,True,False,bp,1.0806451612903225
945,275.04662872878015,40,-9,2,52253,52232,52272,52242,52263,70.42272727272727,21,-3640.0,21,19,2273.0,True,False,bp,1.0806451612903225
946,227.93489401801097,36,-13,-12,52284,52272,52308,52275,52300,78.77777777777777,25,-2660.0,12,24,2256.0,False,False,bp,1.0806451612903225
947,225.7304231302508,48,-7,-30,52317,52308,52356,52312,52340,113.8608695652174,28,-1528.0,9,39,2957.0,False,False,bp,1.0806451612903225
948,660.7197037067583,36,-17,-10,52369,52356,52392,52361,52388,133.0690789473684,27,-1330.0,13,23,2437.0,True,False,bp,1.0806451612903225
949,660.6844280567462,65,29,-23,52413,52392,52457,52398,52425,74.9,27,-1168.0,21,44,2902.0,True,False,bp,1.0806451612903225
950,862.5306299444935,52,-1,34,52500,52457,52509,52481,52506,117.99561403508771,25,-1293.0,43,9,1758.0,False,False,bp,1.0806451612903225
951,975.4152040793083,50,13,34,52551,52509,52559,52530,52554,165.57142857142858,24,-3841.0,42,8,1671.0,False,False,bp,1.0806451612903225
952,2269.914640377581,83,7,3,54118,54075,54158,54111,54135,233.52100840336132,24,-3533.0,43,40,6068.0,True,True,bp,-0.6575342465753424
953,1718.6690488592249,84,1,-34,54183,54158,54242,54166,54208,126.06823529411764,42,-2013.0,25,59,5722.0,True,False,bp,-0.6575342465753424
954,2693.14406615092,50,-4,-2,54266,54242,54292,54251,54280,213.12619047619046,29,-2933.0,24,26,5386.0,True,False,bp,-0.6575342465753424
955,1238.1672725959434,49,5,-1,54316,54292,54341,54305,54323,202.19480519480518,18,-1041.0,24,25,3310.0,True,True,bp,-0.6575342465753424
956,886.1262702803407,67,10,17,54383,54341,54408,54346,54390,153.96718146718146,44,-703.0,42,25,3700.0,True,True,bp,-0.6575342465753424
957,1300.3501999500265,84,4,34,54467,54408,54492,54444,54484,94.87212276214834,40,12.0,59,25,4284.0,True,True,bp,-0.6575342465753424
958,1710.3013902571372,100,23,10,54547,54492,54592,54528,54557,207.3710526315789,29,-1050.0,55,45,5586.0,True,False,bp,-0.6575342465753424
959,2245.091320914479,50,-5,2,54618,54592,54642,54609,54635,242.08169934640526,26,-1525.0,26,24,4069.0,True,False,bp,-0.6575342465753424
960,1089.2395181365293,66,-1,-16,54667,54642,54708,54656,54686,106.49282296650719,30,-479.0,25,41,3023.0,True,True,bp,-0.6575342465753424
961,2630.301168688874,63,16,-17,54731,54708,54771,54715,54740,237.75,25,-2926.0,23,40,5980.0,False,False,bp,-0.6575342465753424
962,1506.6692630711539,71,33,-21,54796,54771,54842,54781,54807,101.63030303030304,26,274.0,25,46,2987.0,False,False,bp,-0.6575342465753424
963,1629.9543598179873,67,-11,9,54880,54842,54909,54866,54897,138.89285714285714,31,-888.0,38,29,4161.0,True,True,bp,-0.6575342465753424
964,893.9006167293602,67,-19,15,54950,54909,54976,54917,54968,68.87121212121212,51,-852.0,41,26,2771.0,True,True,bp,-0.6575342465753424
965,1208.4351696265492,78,18,6,55018,54976,55054,55000,55035,71.97385620915033,35,-773.0,42,36,3186.0,True,True,bp,-0.6575342465753424
966,1897.2814199107545,72,25,14,55097,55054,55126,55088,55105,259.9305555555556,17,-2062.0,43,29,4378.0,True,True,bp,-0.6575342465753424
967,736.0975445478647,49,-6,33,55167,55126,55175,55147,55171,84.1,24,-775.0,41,8,806.0,False,False,bp,-0.6575342465753424
968,288.88998146746445,46,7,4,55200,55175,55221,55189,55205,136.92727272727274,16,-2175.0,25,21,1520.0,False,False,bp,-0.6575342465753424
969,774.0585307215297,38,7,-14,55233,55221,55259,55228,55250,102.88823529411764,22,-1563.0,12,26,3153.0,False,False,bp,-0.6575342465753424
970,1329.3187274523468,82,1,0,55300,55259,55341,55279,55314,127.36904761904762,35,-1982.0,41,41,4607.0,True,True,bp,-0.6575342465753424
971,1861.9502223682705,50,37,2,55367,55341,55391,55350,55372,195.18823529411762,22,-1795.0,26,24,3297.0,True,False,bp,-0.6575342465753424
972,1189.1392388691738,100,14,12,55447,55391,55491,55431,55457,122.4,26,-2044.0,56,44,2774.0,True,False,bp,-0.6575342465753424
973,461.04686578075655,35,46,-15,55501,55491,55526,55497,55508,179.66071428571428,11,-906.0,10,25,1439.0,False,False,bp,-0.6575342465753424
974,903.4170174562407,98,-6,22,55586,55526,55624,55565,55601,107.41904761904762,36,-4618.0,60,38,3100.0,False,False,bp,-0.6575342465753424
975,546.0694417488501,34,-8,-14,55634,55624,55658,55631,55651,177.54901960784312,20,-2685.0,10,24,3568.0,False,False,bp,-0.6575342465753424
976,382.08560343571503,34,2,4,55677,55658,55692,55663,55683,83.39285714285714,20,-766.0,19,15,1361.0,False,False,bp,-0.6575342465753424
977,820.4823638990663,51,11,33,55734,55692,55743,55705,55739,86.28620689655175,34,-2802.0,42,9,1128.0,False,False,bp,-0.6575342465753424
978,396.257278831268,65,-12,49,55800,55743,55808,55784,55803,239.69791666666663,19,-4803.0,57,8,2536.0,False,False,bp,-0.6575342465753424
979,195.37734737276162,83,12,-55,55822,55808,55891,55810,55846,52.6875,36,-2674.0,14,69,3355.0,False,False,bp,-0.6575342465753424
980,223.40761023782383,34,16,-14,55901,55891,55925,55894,55910,134.7301587301587,16,-1432.0,10,24,531.0,False,False,bp,-0.6575342465753424
981,324.1944135380031,55,-9,21,55963,55925,55980,55942,55969,83.03571428571428,27,-2747.0,38,17,1432.0,False,False,bp,-0.6575342465753424
982,696.4379909825333,62,4,-16,56003,55980,56042,55987,56023,65.91875,36,-3327.0,23,39,2199.0,True,False,bp,-0.6575342465753424
983,196.28334066015015,63,10,21,56084,56042,56105,56063,56094,76.01190476190476,31,-2678.0,42,21,1496.0,False,False,bp,-0.6575342465753424
984,286.8204068036985,62,10,30,56151,56105,56167,56135,56159,62.21875,24,-4506.0,46,16,576.0,False,False,bp,-0.6575342465753424
985,867.2817095920706,109,3,-17,56213,56167,56276,56193,56236,109.78260869565216,43,-8582.0,46,63,3291.0,False,False,bp,-0.6575342465753424
986,425.47321558824063,50,0,-34,56284,56276,56326,56282,56306,303.20454545454544,24,-6527.0,8,42,3806.0,False,False,bp,-0.6575342465753424
987,404.27431191230437,32,3,-18,56333,56326,56358,56330,56350,143.37254901960785,20,-3714.0,7,25,3121.0,False,False,bp,-0.6575342465753424
988,724.5546929363474,36,8,16,56384,56358,56394,56373,56387,222.39393939393935,14,-2797.0,26,10,2356.0,True,True,bp,-0.6575342465753424
989,377.02850956451584,47,-10,9,56422,56394,56441,56409,56433,71.17132867132867,24,-2134.0,28,19,1707.0,True,False,bp,-0.6575342465753424
990,260.6232537599097,84,-4,-64,56451,56441,56525,56447,56497,161.7336956521739,50,-2828.0,10,74,2139.0,True,False,bp,-0.6575342465753424
991,767.458689423923,49,18,3,56551,56525,56574,56543,56556,183.7125,13,-2777.0,26,23,2499.0,True,False,bp,-0.6575342465753424
992,2584.971205564631,55,9,-1,54115,54088,54143,54108,54132,285.77731092436983,24,-437.0,27,28,6456.0,True,True,bp,-0.6575342465753424
993,2320.844958178999,77,10,5,54184,54143,54220,54165,54200,173.47532894736844,35,-210.0,41,36,5928.0,True,True,bp,-0.6575342465753424
994,1040.1015701498552,72,0,32,54272,54220,54292,54245,54278,162.37037037037038,33,852.0,52,20,2952.0,True,False,bp,-0.6575342465753424
995,991.0127606037372,67,50,-15,54318,54292,54359,54311,54324,253.702380952381,13,940.0,26,41,3901.0,True,False,bp,-0.6575342465753424
996,768.2568147429108,68,19,18,54402,54359,54427,54387,54416,74.52619047619048,29,2697.0,43,25,2260.0,True,True,bp,-0.6575342465753424
997,1532.9530313573841,80,3,26,54480,54427,54507,54464,54488,165.34375,24,1767.0,53,27,3807.0,True,True,bp,-0.6575342465753424
998,1265.2172386488369,88,9,-36,54533,54507,54595,54515,54561,113.24603174603176,46,1322.0,26,62,4326.0,True,False,bp,-0.6575342465753424
999,1926.255735282276,63,11,13,54633,54595,54658,54616,54640,216.84453781512605,24,384.0,38,25,4531.0,True,False,bp,-0.6575342465753424
1000,903.3421938638057,47,3,3,54683,54658,54705,54675,54693,213.0,18,1249.0,25,22,1984.0,True,True,bp,-0.6575342465753424
1001,715.3016787380137,53,25,-29,54717,54705,54758,54714,54735,170.33333333333334,21,1679.0,12,41,2919.0,True,False,bp,-0.6575342465753424
1002,779.3924488964868,50,46,6,54786,54758,54808,54781,54790,209.975,9,2301.0,28,22,2140.0,True,True,bp,-0.6575342465753424
1003,337.48292330331714,67,16,19,54851,54808,54875,54845,54854,236.5833333333333,9,1681.0,43,24,1371.0,False,False,bp,-0.6575342465753424
1004,1050.921709160224,50,-2,2,54901,54875,54925,54879,54913,88.36363636363637,34,429.0,26,24,3072.0,True,True,bp,-0.6575342465753424
1005,998.8397192699448,62,-11,24,54968,54925,54987,54945,54975,133.48447204968946,30,727.0,43,19,2522.0,True,False,bp,-0.6575342465753424
1006,153.64079338334346,28,6,-2,55000,54987,55015,54994,55005,175.15,11,1466.0,13,15,2381.0,True,False,bp,-0.6575342465753424
1007,888.8228980265474,44,-1,-6,55034,55015,55059,55022,55052,55.95833333333333,30,2132.0,19,25,3136.0,True,False,bp,-0.6575342465753424
1008,1185.0633211842598,66,12,12,55098,55059,55125,55081,55104,162.7696078431373,23,637.0,39,27,3096.0,True,True,bp,-0.6575342465753424
1009,519.5325515208192,67,0,-15,55151,55125,55192,55139,55169,55.736111111111114,30,1691.0,26,41,1671.0,False,False,bp,-0.6575342465753424
1010,985.4640673991953,66,1,-26,55212,55192,55258,55199,55238,92.46153846153842,39,-100.0,20,46,2010.0,False,False,bp,-0.6575342465753424
1011,2277.80773217198,66,5,-6,55288,55258,55324,55278,55306,207.92222222222225,28,-2121.0,30,36,6878.0,False,False,bp,-0.6575342465753424
1012,1729.6532961132375,57,24,-5,55350,55324,55381,55339,55371,130.8095238095238,32,527.0,26,31,2563.0,True,True,bp,-0.6575342465753424
1013,938.4484881564633,78,1,26,55433,55381,55459,55427,55446,166.0769230769231,19,-3.0,52,26,1875.0,True,False,bp,-0.6575342465753424
1014,578.6566556618952,32,9,2,55476,55459,55491,55466,55488,121.80833333333332,22,-1334.0,17,15,1780.0,False,False,bp,-0.6575342465753424
1015,888.707887584244,67,22,17,55533,55491,55558,55519,55545,156.04166666666669,26,-3799.0,42,25,3310.0,False,False,bp,-0.6575342465753424
1016,656.0998898658584,84,36,2,55601,55558,55642,55593,55606,169.9375,13,-2493.0,43,41,2463.0,True,False,bp,-0.6575342465753424
1017,567.8430360278232,49,-1,5,55669,55642,55691,55655,55680,79.48701298701299,25,-1464.0,27,22,2145.0,True,False,bp,-0.6575342465753424
1018,729.2209021991035,50,-7,4,55718,55691,55741,55704,55728,96.19285714285714,24,-967.0,27,23,2259.0,True,True,bp,-0.6575342465753424
1019,353.2178798647848,66,-14,-46,55751,55741,55807,55745,55790,152.22435897435898,45,-1234.0,10,56,2690.0,True,False,bp,-0.6575342465753424
1020,197.02785117630006,67,-4,-15,55833,55807,55874,55821,55856,35.15579710144928,35,-55.0,26,41,1240.0,True,True,bp,-0.6575342465753424
1021,531.5050516104341,68,-6,-16,55900,55874,55942,55887,55921,101.8992673992674,34,-1142.0,26,42,3503.0,True,True,bp,-0.6575342465753424
1022,634.7418166297814,33,1,9,55963,55942,55975,55949,55968,132.8,19,-1011.0,21,12,1645.0,False,False,bp,-0.6575342465753424
1023,845.2952261790764,50,-8,32,56016,55975,56025,55988,56019,160.9226190476191,31,-2398.0,41,9,1772.0,True,True,bp,-0.6575342465753424
1024,318.8842689037438,57,-2,13,56060,56025,56082,56042,56068,57.1875,26,-2246.0,35,22,520.0,False,False,bp,-0.6575342465753424
1025,549.2762394810638,42,-11,-16,56095,56082,56124,56092,56117,224.64393939393935,25,-3289.0,13,29,2875.0,False,False,bp,-0.6575342465753424
1026,332.6598700789688,22,19,-2,56134,56124,56146,56131,56138,365.58333333333337,7,-2840.0,10,12,2601.0,True,False,bp,-0.6575342465753424
1027,520.9259043907106,40,-6,34,56183,56146,56186,56164,56184,258.7105263157895,20,-4637.0,37,3,1244.0,False,False,bp,-0.6575342465753424
1028,678.6971983735735,70,-17,-8,56217,56186,56256,56198,56237,106.22368421052632,39,-7375.0,31,39,4375.0,False,False,bp,-0.6575342465753424
1029,375.54526356374,54,25,-42,56262,56256,56310,56259,56295,152.34848484848484,36,-4266.0,6,48,3835.0,False,False,bp,-0.6575342465753424
1030,1015.4884850243318,82,11,22,56362,56310,56392,56356,56371,231.0555555555556,15,-3547.0,52,30,3880.0,True,False,bp,-0.6575342465753424
1031,587.3268081038386,40,18,-22,56401,56392,56432,56397,56413,183.79166666666663,16,-1796.0,9,31,1195.0,True,False,bp,-0.6575342465753424
1032,488.96209774100157,60,-11,10,56467,56432,56492,56447,56485,58.702777777777776,38,-2487.0,35,25,2921.0,True,True,bp,-0.6575342465753424
1033,372.1984369895148,83,0,1,56534,56492,56575,56512,56554,49.75,42,-2069.0,42,41,1406.0,True,True,bp,-0.6575342465753424
1034,1777.6548717003486,82,13,22,58128,58076,58158,58110,58136,131.52083333333334,26,2571.0,52,30,2619.0,False,False,bp,2.1206896551724137
1035,1991.996628323635,83,16,-5,58197,58158,58241,58175,58206,242.1010101010101,31,-1513.0,39,44,5924.0,False,False,bp,2.1206896551724137
1036,1638.9809434797348,64,-3,-4,58271,58241,58305,58253,58286,86.79444444444445,33,627.0,30,34,3251.0,True,True,bp,2.1206896551724137
1037,2263.4796298440297,58,-15,-2,58333,58305,58363,58316,58350,150.2647058823529,34,-1061.0,28,30,5622.0,True,True,bp,2.1206896551724137
1038,1403.2465676112909,51,10,-11,58383,58363,58414,58369,58393,109.96428571428572,24,1159.0,20,31,1278.0,False,False,bp,2.1206896551724137
1039,444.9700462632745,45,-13,23,58448,58414,58459,58427,58452,106.98809523809523,25,-449.0,34,11,1156.0,False,False,bp,2.1206896551724137
1040,643.4621002753313,48,-1,-24,58471,58459,58507,58464,58488,86.45798319327731,24,-362.0,12,36,2452.0,False,False,bp,2.1206896551724137
1041,390.47263602046087,18,13,0,58516,58507,58525,58511,58520,207.2,9,-529.0,9,9,1379.0,False,False,bp,2.1206896551724137
1042,408.6934436789447,38,9,12,58550,58525,58563,58542,58553,166.3125,11,-2034.0,25,13,1008.0,False,False,bp,2.1206896551724137
1043,200.35702011389918,73,17,-31,58584,58563,58636,58573,58605,54.019480519480524,32,-1929.0,21,52,2360.0,False,False,bp,2.1206896551724137
1044,686.0790882506473,54,3,6,58666,58636,58690,58654,58672,113.66666666666666,18,-1061.0,30,24,2072.0,True,False,bp,2.1206896551724137
1045,526.4203488859972,35,10,-17,58699,58690,58725,58693,58710,165.87121212121212,17,-1089.0,9,26,1720.0,True,True,bp,2.1206896551724137
1046,415.31958329424265,33,-6,17,58750,58725,58758,58737,58754,102.64423076923076,17,-1063.0,25,8,1684.0,True,True,bp,2.1206896551724137
1047,268.6555497453516,35,-3,15,58783,58758,58793,58765,58786,119.80555555555556,21,-1022.0,25,10,1359.0,True,True,bp,2.1206896551724137
1048,465.42742598932404,45,22,1,58816,58793,58838,58804,58821,91.975,17,-928.0,23,22,1617.0,True,True,bp,2.1206896551724137
1049,835.0134171309194,53,0,9,58869,58838,58891,58860,58885,102.52083333333331,25,-1625.0,31,22,1994.0,True,True,bp,2.1206896551724137
1050,1302.0348479993495,65,3,-15,58916,58891,58956,58910,58936,152.05833333333334,26,-2004.0,25,40,2855.0,True,True,bp,2.1206896551724137
1051,2284.380025020229,67,5,-13,58983,58956,59023,58965,58999,167.62847222222226,34,-4211.0,27,40,6111.0,False,False,bp,2.1206896551724137
1052,711.521692539184,46,-1,10,59051,59023,59069,59038,59059,125.00480769230771,21,-920.0,28,18,750.0,False,False,bp,2.1206896551724137
1053,250.76445458787444,39,12,-11,59083,59069,59108,59079,59089,160.83333333333331,10,-1582.0,14,25,1853.0,True,True,bp,2.1206896551724137
1054,1275.728497515578,50,14,-8,59129,59108,59158,59111,59137,153.64583333333334,26,-1209.0,21,29,4400.0,False,False,bp,2.1206896551724137
1055,930.7051535004293,67,-7,9,59196,59158,59225,59177,59213,68.18111455108361,36,395.0,38,29,1995.0,True,True,bp,2.1206896551724137
1056,873.2092212292273,84,-27,-2,59266,59225,59309,59242,59292,72.06089743589743,50,127.0,41,43,4907.0,False,False,bp,2.1206896551724137
1057,1499.1656684573225,33,15,13,59332,59309,59342,59315,59335,149.04901960784315,20,405.0,23,10,1223.0,False,False,bp,2.1206896551724137
1058,936.3092432797134,65,-3,17,59383,59342,59407,59370,59393,156.88461538461542,23,-1684.0,41,24,3843.0,False,False,bp,2.1206896551724137
1059,658.808273848862,51,-7,1,59433,59407,59458,59413,59446,67.71730769230768,33,10.0,26,25,1911.0,True,True,bp,2.1206896551724137
1060,474.42542540848365,67,0,17,59500,59458,59525,59472,59507,92.33928571428572,35,-643.0,42,25,2210.0,True,True,bp,2.1206896551724137
1061,894.2418494250262,59,16,-11,59549,59525,59584,59542,59564,129.24285714285713,22,-747.0,24,35,1714.0,True,False,bp,2.1206896551724137
1062,280.04707412786394,58,-23,40,59633,59584,59642,59602,59637,98.55645161290323,35,-1209.0,49,9,1641.0,True,False,bp,2.1206896551724137
1063,283.62130091859086,44,12,18,59673,59642,59686,59649,59674,136.4375,25,-1367.0,31,13,552.0,False,False,bp,2.1206896551724137
1064,325.6289308072703,41,11,19,59716,59686,59727,59711,59719,261.4,8,-2571.0,30,11,2015.0,False,False,bp,2.1206896551724137
1065,259.18910017525667,43,-3,13,59755,59727,59770,59738,59760,88.5,22,-2311.0,28,15,1195.0,True,True,bp,2.1206896551724137
1066,327.45135220211483,37,9,-13,59782,59770,59807,59779,59794,280.5,15,-3214.0,12,25,1784.0,True,False,bp,2.1206896551724137
1067,66.68705520388761,35,-7,15,59832,59807,59842,59818,59839,48.57142857142857,21,-2580.0,25,10,1551.0,True,True,bp,2.1206896551724137
1068,158.3845248589336,39,8,7,59865,59842,59881,59853,59873,25.125,20,-2537.0,23,16,602.0,False,False,bp,2.1206896551724137
1069,786.1757130324111,43,12,1,59903,59881,59924,59901,59917,95.92857142857143,16,-2278.0,22,21,3518.0,False,False,bp,2.1206896551724137
1070,265.1424965241514,84,10,0,59966,59924,60008,59945,59985,44.661654135338345,40,-1303.0,42,42,2115.0,True,True,bp,2.1206896551724137
1071,212.19000580716263,77,-22,37,60065,60008,60085,60035,60075,57.36666666666666,40,-2530.0,57,20,1102.0,False,False,bp,2.1206896551724137
1072,321.41948802676416,57,2,-35,60096,60085,60142,60093,60129,125.06060606060606,36,-2785.0,11,46,2000.0,True,False,bp,2.1206896551724137
1073,1807.8960537019932,56,-12,2,58101,58072,58128,58080,58114,155.5989010989011,34,-986.0,29,27,4283.0,True,True,bp,2.1206896551724137
1074,490.11944097691213,30,19,14,58150,58128,58158,58136,58153,111.4761904761905,17,861.0,22,8,875.0,False,False,bp,2.1206896551724137
1075,1687.217482885855,80,-1,4,58200,58158,58238,58189,58220,159.77272727272725,31,-2235.0,42,38,5972.0,False,False,bp,2.1206896551724137
1076,2998.190960235834,55,16,5,58268,58238,58293,58250,58276,294.9930555555556,26,-3126.0,30,25,6490.0,True,True,bp,2.1206896551724137
1077,2084.4758964215475,66,-3,16,58334,58293,58359,58318,58349,177.7375,31,-2691.0,41,25,4942.0,True,True,bp,2.1206896551724137
1078,2262.118379547408,54,13,2,58387,58359,58413,58377,58395,263.85,18,-2647.0,28,26,4761.0,True,True,bp,2.1206896551724137
1079,1148.3773053725124,45,23,-3,58434,58413,58458,58426,58440,241.91666666666669,14,-1855.0,21,24,2274.0,True,True,bp,2.1206896551724137
1080,1315.2628411536684,67,8,7,58495,58458,58525,58477,58504,168.52777777777774,27,-3189.0,37,30,4538.0,True,True,bp,2.1206896551724137
1081,2191.720228600977,49,0,1,58550,58525,58574,58539,58560,246.55454545454543,21,-3948.0,25,24,5129.0,True,True,bp,2.1206896551724137
1082,1268.609895493296,51,13,-1,58599,58574,58625,58581,58605,167.44444444444446,24,-2420.0,25,26,2703.0,True,True,bp,2.1206896551724137
1083,1706.9644419521228,55,5,27,58666,58625,58680,58642,58671,210.40416666666667,29,-3439.0,41,14,3708.0,True,False,bp,2.1206896551724137
1084,1310.2905644461705,95,19,-23,58716,58680,58775,58705,58740,157.97537878787878,35,-4669.0,36,59,3959.0,False,False,bp,2.1206896551724137
1085,709.3765304271435,57,10,25,58816,58775,58832,58794,58822,136.50757575757575,28,-2552.0,41,16,2858.0,False,False,bp,2.1206896551724137
1086,1299.6447711559795,58,13,12,58867,58832,58890,58860,58879,235.93452380952382,19,-3164.0,35,23,3466.0,True,True,bp,2.1206896551724137
1087,822.564405751442,68,3,10,58929,58890,58958,58911,58938,115.08333333333331,27,-3257.0,39,29,2339.0,True,True,bp,2.1206896551724137
1088,1367.7316066956214,65,-7,-13,58984,58958,59023,58968,59001,97.93566176470587,33,-2982.0,26,39,5037.0,False,False,bp,2.1206896551724137
1089,676.7417499742203,35,7,9,59045,59023,59058,59027,59050,88.6388888888889,23,-323.0,22,13,1317.0,False,False,bp,2.1206896551724137
1090,515.7099166045691,51,-10,25,59096,59058,59109,59080,59102,153.69791666666669,22,-3235.0,38,13,2367.0,False,False,bp,2.1206896551724137
1091,328.19079351569144,64,4,-38,59122,59109,59173,59114,59144,94.2215909090909,30,-2209.0,13,51,3979.0,False,False,bp,2.1206896551724137
1092,849.1733105289528,51,-11,3,59200,59173,59224,59178,59213,51.103146853146846,35,-1087.0,27,24,1690.0,True,True,bp,2.1206896551724137
1093,646.1805489707989,85,18,-27,59253,59224,59309,59237,59281,55.276785714285715,44,-1822.0,29,56,4357.0,True,False,bp,2.1206896551724137
1094,621.664724300609,55,23,29,59351,59309,59364,59343,59354,236.60416666666669,11,-1616.0,42,13,2092.0,True,False,bp,2.1206896551724137
1095,434.2492900980491,62,-8,18,59404,59364,59426,59388,59414,83.5375,26,-1649.0,40,22,2727.0,True,True,bp,2.1206896551724137
1096,511.225029271666,48,-13,2,59451,59426,59474,59432,59463,28.88157894736842,31,-710.0,25,23,425.0,False,False,bp,2.1206896551724137
1097,336.59601224422704,29,5,11,59494,59474,59503,59481,59497,126.91025641025641,16,-2743.0,20,9,1002.0,False,False,bp,2.1206896551724137
1098,516.1531745686766,65,-22,31,59551,59503,59568,59518,59555,148.86363636363637,37,-4950.0,48,17,2142.0,False,False,bp,2.1206896551724137
1099,211.42108010742413,24,3,-6,59577,59568,59592,59570,59588,100.08441558441557,18,-4147.0,9,15,2045.0,True,False,bp,2.1206896551724137
1100,336.4592729665631,37,4,23,59622,59592,59629,59609,59624,200.65384615384616,15,-3637.0,30,7,1979.0,True,True,bp,2.1206896551724137
1101,489.41161427508536,50,-11,34,59671,59629,59679,59643,59674,223.98809523809524,31,-5073.0,42,8,2513.0,True,True,bp,2.1206896551724137
1102,377.9795061340241,63,-24,3,59712,59679,59742,59694,59735,55.91183574879228,41,-5365.0,33,30,3093.0,True,False,bp,2.1206896551724137
1103,352.3471623986029,33,0,17,59767,59742,59775,59752,59771,131.39166666666665,19,-5713.0,25,8,1848.0,True,False,bp,2.1206896551724137
1104,721.4211567059515,39,-4,11,59800,59775,59814,59790,59806,167.85,16,-5867.0,25,14,3501.0,False,False,bp,2.1206896551724137
1105,492.62886302809954,58,-13,-20,59833,59814,59872,59818,59858,64.18666666666667,40,-3642.0,19,39,3603.0,False,False,bp,2.1206896551724137
1106,893.0579496567578,87,32,-31,59900,59872,59959,59885,59911,119.1060606060606,26,-3253.0,28,59,3928.0,False,False,bp,2.1206896551724137
1107,521.9858317581644,32,7,14,59982,59959,59991,59969,59987,141.68461538461537,18,-1166.0,23,9,2453.0,False,False,bp,2.1206896551724137
1108,210.3518239763821,84,-14,12,60039,59991,60075,60012,60052,75.59544159544159,40,-4224.0,48,36,1208.0,False,False,bp,2.1206896551724137
1109,420.513075105515,32,-4,-18,60082,60075,60107,60078,60099,115.46323529411764,21,-4278.0,7,25,2455.0,True,True,bp,2.1206896551724137
1110,350.0195673728299,34,8,18,66199,66173,66207,66194,66203,213.45,9,312.0,26,8,1898.0,False,False,bp,-2.0506912442396312
1111,274.4098828299446,50,31,0,66232,66207,66257,66220,66236,134.91666666666666,16,1344.0,25,25,1844.0,False,False,bp,-2.0506912442396312
1112,517.5487826854418,67,-5,17,66299,66257,66324,66283,66310,90.38352272727272,27,988.0,42,25,2211.0,True,True,bp,-2.0506912442396312
1113,370.63181168280676,50,6,0,66349,66324,66374,66332,66361,25.48039215686275,29,1410.0,25,25,1948.0,True,True,bp,-2.0506912442396312
1114,926.441355716707,82,0,0,66415,66374,66456,66396,66438,74.6029748283753,42,409.0,41,41,3177.0,True,True,bp,-2.0506912442396312
1115,1246.47606564081,68,14,6,66493,66456,66524,66480,66504,129.1573426573427,24,560.0,37,31,3269.0,True,True,bp,-2.0506912442396312
1116,1761.906020122323,55,-3,3,66553,66524,66579,66542,66568,159.51212121212117,26,-114.0,29,26,3979.0,True,True,bp,-2.0506912442396312
1117,2397.2766778171313,44,13,-4,66599,66579,66623,66591,66610,336.35795454545456,19,-1868.0,20,24,5532.0,True,True,bp,-2.0506912442396312
1118,679.7732327268552,46,14,14,66653,66623,66669,66642,66656,150.43939393939394,14,727.0,30,16,1330.0,False,False,bp,-2.0506912442396312
1119,410.9610249196956,54,-13,6,66699,66669,66723,66684,66716,68.69019607843137,32,76.0,30,24,2275.0,False,False,bp,-2.0506912442396312
1120,363.19209963132346,34,1,16,66748,66723,66757,66735,66751,128.2179487179487,16,1379.0,25,9,1926.0,False,False,bp,-2.0506912442396312
1121,372.548923838012,29,10,19,66781,66757,66786,66768,66783,102.3653846153846,15,1413.0,24,5,611.0,False,False,bp,-2.0506912442396312
1122,787.6679815384705,55,-5,11,66819,66786,66841,66808,66833,89.57142857142857,25,-624.0,33,22,1979.0,False,False,bp,-2.0506912442396312
1123,717.6690692342136,54,-12,20,66878,66841,66895,66853,66887,68.27333333333334,34,-191.0,37,17,2162.0,True,True,bp,-2.0506912442396312
1124,664.1986656153513,78,2,-6,66931,66895,66973,66909,66943,94.90151515151516,34,-603.0,36,42,2551.0,False,False,bp,-2.0506912442396312
1125,57.5320811419879,34,24,-16,66982,66973,67007,66979,66987,173.43333333333337,8,813.0,9,25,1742.0,False,False,bp,-2.0506912442396312
1126,776.8457561722773,49,16,7,67035,67007,67056,67019,67043,109.8125,24,228.0,28,21,2151.0,False,False,bp,-2.0506912442396312
1127,1910.182227088932,68,3,16,67098,67056,67124,67083,67109,180.75151515151515,26,-2218.0,42,26,4889.0,False,False,bp,-2.0506912442396312
1128,1492.63773725294,49,25,-5,67146,67124,67173,67138,67154,218.375,16,-709.0,22,27,3505.0,True,True,bp,-2.0506912442396312
1129,1897.4929528493774,69,6,17,67216,67173,67242,67195,67224,224.46726190476193,29,-2004.0,43,26,5438.0,True,True,bp,-2.0506912442396312
1130,861.0460725932446,47,-2,1,67266,67242,67289,67259,67277,156.10389610389612,18,547.0,24,23,1724.0,True,False,bp,-2.0506912442396312
1131,78.40079773329221,17,18,1,67298,67289,67306,67293,67302,151.55,9,770.0,9,8,1499.0,True,False,bp,-2.0506912442396312
1132,302.2282510120575,67,3,19,67349,67306,67373,67329,67360,43.22727272727273,31,607.0,43,24,1266.0,False,False,bp,-2.0506912442396312
1133,600.3307951685856,83,1,25,67427,67373,67456,67394,67438,80.31818181818181,44,-1586.0,54,29,2704.0,False,False,bp,-2.0506912442396312
1134,1639.1373449599696,68,0,16,67498,67456,67524,67483,67509,195.4878787878788,26,-2805.0,42,26,6138.0,True,True,bp,-2.0506912442396312
1135,1708.0223173431534,52,6,-4,67548,67524,67576,67535,67555,178.97252747252747,20,-712.0,24,28,2999.0,True,True,bp,-2.0506912442396312
1136,1325.0054015078256,47,12,-3,67598,67576,67623,67581,67606,134.3639705882353,25,-1172.0,22,25,2598.0,True,False,bp,-2.0506912442396312
1137,293.4192338703596,101,-46,-15,67666,67623,67724,67643,67709,37.12285136501517,66,-157.0,43,58,2096.0,True,False,bp,-2.0506912442396312
1138,574.5266025223392,49,7,-21,67738,67724,67773,67729,67752,81.4325396825397,23,-5.0,14,35,1348.0,True,False,bp,-2.0506912442396312
1139,586.0394666996732,53,13,-3,67798,67773,67826,67782,67808,80.33125,26,-804.0,25,28,1783.0,True,True,bp,-2.0506912442396312
1140,196.0211209637216,49,-3,29,67865,67826,67875,67847,67871,125.25,24,-1232.0,39,10,2534.0,True,True,bp,-2.0506912442396312
1141,269.152126167957,80,-15,12,67921,67875,67955,67892,67932,61.06426332288401,40,-807.0,46,34,1735.0,True,True,bp,-2.0506912442396312
1142,214.49718443413516,18,5,8,67968,67955,67973,67957,67970,107.45454545454544,13,-875.0,13,5,757.0,False,False,bp,-2.0506912442396312
1143,197.12763359261683,34,1,18,67999,67973,68007,67988,68003,106.64772727272728,15,-2360.0,26,8,1191.0,False,False,bp,-2.0506912442396312
1144,368.377684715331,52,-20,-10,68028,68007,68059,68019,68054,37.56196581196581,35,-2944.0,21,31,1998.0,True,False,bp,-2.0506912442396312
1145,755.2226194304443,64,-8,14,68098,68059,68123,68069,68108,102.02586206896551,39,-3101.0,39,25,2380.0,True,True,bp,-2.0506912442396312
1146,788.1446493518891,47,8,5,68149,68123,68170,68139,68161,78.3,22,-3329.0,26,21,1438.0,True,False,bp,-2.0506912442396312
1147,580.5739894704591,101,10,-11,68215,68170,68271,68191,68233,67.5625,42,-4592.0,45,56,3490.0,True,False,bp,-2.0506912442396312
1148,330.4650216664068,49,-4,13,68302,68271,68320,68285,68311,62.61764705882353,26,-4303.0,31,18,1396.0,False,False,bp,-2.0506912442396312
1149,574.9746768772712,47,11,9,68348,68320,68367,68333,68355,92.83333333333334,22,-5593.0,28,19,2063.0,True,True,bp,-2.0506912442396312
1150,314.86540025669535,68,-13,0,68401,68367,68435,68388,68421,45.08076923076924,33,-5068.0,34,34,2040.0,False,False,bp,-2.0506912442396312
1151,142.98932543104996,32,8,-16,68443,68435,68467,68441,68454,134.27272727272728,13,-3629.0,8,24,1778.0,False,False,bp,-2.0506912442396312
1152,403.0229457936902,40,-10,-16,68479,68467,68507,68475,68498,61.98684210526316,23,-2446.0,12,28,1829.0,False,False,bp,-2.0506912442396312
1153,533.5586399723978,53,-9,-13,68527,68507,68560,68511,68544,79.77389705882355,33,-2176.0,20,33,2744.0,True,True,bp,-2.0506912442396312
1154,843.3416646337013,49,-19,-7,68581,68560,68609,68568,68599,83.03418803418803,31,-1843.0,21,28,2499.0,True,True,bp,-2.0506912442396312
1155,199.99730204026667,29,-12,-11,68618,68609,68638,68611,68633,70.55714285714284,22,-817.0,9,20,590.0,False,False,bp,-2.0506912442396312
1156,508.54998360913254,34,-11,-14,66233,66223,66257,66225,66250,82.65441176470588,25,856.0,10,24,2883.0,False,False,bp,-2.0506912442396312
1157,1745.3793653887515,60,-4,-22,66276,66257,66317,66264,66297,131.54166666666666,33,130.0,19,41,3701.0,True,True,bp,-2.0506912442396312
1158,2479.282185536136,52,22,-20,66333,66317,66369,66326,66341,387.33928571428567,15,-2471.0,16,36,4887.0,True,True,bp,-2.0506912442396312
1159,1037.4451825808958,71,-28,-33,66388,66369,66440,66378,66424,123.71944444444445,46,-934.0,19,52,3893.0,False,False,bp,-2.0506912442396312
1160,706.5470357919148,33,-10,-13,66450,66440,66473,66442,66465,78.02083333333334,23,2000.0,10,23,2502.0,False,False,bp,-2.0506912442396312
1161,2588.7503098886004,44,10,-12,66489,66473,66517,66478,66501,280.5681818181818,23,-1766.0,16,28,5333.0,False,False,bp,-2.0506912442396312
1162,1481.7058982978715,50,-12,12,66548,66517,66567,66534,66561,136.8296703296703,27,-263.0,31,19,3720.0,True,True,bp,-2.0506912442396312
1163,2297.1037814116667,69,-14,-13,66595,66567,66636,66576,66617,159.01913875598086,41,-3090.0,28,41,6279.0,True,True,bp,-2.0506912442396312
1164,2241.0023157135247,54,-3,4,66665,66636,66690,66644,66675,153.4476190476191,31,-1809.0,29,25,3580.0,True,True,bp,-2.0506912442396312
1165,646.7634700574632,62,6,-10,66716,66690,66752,66703,66727,86.92307692307692,24,-472.0,26,36,1774.0,True,True,bp,-2.0506912442396312
1166,430.1578409437439,38,-4,-12,66765,66752,66790,66757,66780,106.19583333333333,23,-597.0,13,25,1393.0,True,True,bp,-2.0506912442396312
1167,949.1052236725308,50,13,-10,66810,66790,66840,66799,66820,103.53181818181818,21,-1420.0,20,30,2839.0,True,True,bp,-2.0506912442396312
1168,1387.3676069643625,51,-13,-1,66865,66840,66891,66854,66884,128.93540669856458,30,-1807.0,25,26,3567.0,True,True,bp,-2.0506912442396312
1169,580.8128768562991,66,3,-26,66911,66891,66957,66901,66937,114.22307692307692,36,-1479.0,20,46,2618.0,True,True,bp,-2.0506912442396312
1170,866.775077136521,50,24,0,66982,66957,67007,66976,66990,208.3958333333333,14,-1224.0,25,25,2626.0,True,True,bp,-2.0506912442396312
1171,537.9592710158097,66,-8,18,67049,67007,67073,67028,67060,82.92857142857143,32,-506.0,42,24,1999.0,True,True,bp,-2.0506912442396312
1172,810.7110036310913,52,-16,20,67109,67073,67125,67084,67120,85.48181818181817,36,-1668.0,36,16,2562.0,True,True,bp,-2.0506912442396312
1173,923.811448431801,61,-3,-15,67148,67125,67186,67140,67169,106.82440476190477,29,-1238.0,23,38,3349.0,True,True,bp,-2.0506912442396312
1174,2252.1493869008764,54,12,-6,67210,67186,67240,67195,67220,185.13333333333333,25,-1624.0,24,30,5303.0,True,True,bp,-2.0506912442396312
1175,1700.550736048031,67,1,-15,67266,67240,67307,67257,67285,194.11403508771932,28,-1279.0,26,41,4053.0,True,True,bp,-2.0506912442396312
1176,1706.0277291293162,67,12,-25,67328,67307,67374,67314,67347,166.1936090225564,33,-1988.0,21,46,5503.0,True,True,bp,-2.0506912442396312
1177,1960.2810519104587,82,-2,-12,67409,67374,67456,67392,67434,158.80470588235298,42,-3101.0,35,47,6452.0,True,True,bp,-2.0506912442396312
1178,3111.0009217821053,55,10,-1,67483,67456,67511,67474,67502,263.406432748538,28,-2736.0,27,28,6095.0,True,False,bp,-2.0506912442396312
1179,1556.6500850831012,97,-4,5,67562,67511,67608,67540,67584,119.75,44,-2314.0,51,46,3230.0,True,False,bp,-2.0506912442396312
1180,728.6073648338802,67,-26,-13,67635,67608,67675,67624,67667,99.16051136363636,43,-1652.0,27,40,3927.0,False,False,bp,-2.0506912442396312
1181,997.6047236894501,51,-19,-15,67693,67675,67726,67684,67717,89.75,33,382.0,18,33,3704.0,False,False,bp,-2.0506912442396312
1182,884.3632471835402,31,11,15,67749,67726,67757,67731,67752,194.69444444444443,21,1410.0,23,8,2164.0,True,True,bp,-2.0506912442396312
1183,576.0240048634879,67,-3,17,67799,67757,67824,67784,67809,138.0,25,-505.0,42,25,1680.0,False,False,bp,-2.0506912442396312
1184,958.6799022078243,49,-12,-17,67840,67824,67873,67831,67861,107.90476190476191,30,-1016.0,16,33,3603.0,True,True,bp,-2.0506912442396312
1185,781.7863106121307,66,-5,-38,67887,67873,67939,67879,67915,122.07142857142857,36,-336.0,14,52,3406.0,True,False,bp,-2.0506912442396312
1186,693.1461635027963,47,-27,13,67969,67939,67986,67946,67982,53.41638795986622,36,-113.0,30,17,1076.0,False,False,bp,-2.0506912442396312
1187,683.8244599908946,38,-8,-12,67999,67986,68024,67991,68020,114.26190476190477,29,-1244.0,13,25,1893.0,False,False,bp,-2.0506912442396312
1188,379.22328952576936,39,10,9,68048,68024,68063,68041,68056,108.45535714285714,15,-966.0,24,15,1991.0,True,True,bp,-2.0506912442396312
1189,726.2368960825594,55,12,17,68099,68063,68118,68081,68102,227.58333333333331,21,-1535.0,36,19,2874.0,True,True,bp,-2.0506912442396312
1190,576.7463887470038,59,6,35,68165,68118,68177,68135,68169,112.05833333333334,34,-1433.0,47,12,1658.0,False,False,bp,-2.0506912442396312
1191,616.0707014719495,93,12,15,68231,68177,68270,68209,68242,144.22727272727272,33,-3695.0,54,39,3924.0,False,False,bp,-2.0506912442396312
1192,691.4197576793907,70,-12,-6,68302,68270,68340,68287,68321,97.03508771929823,34,-3203.0,32,38,2636.0,True,False,bp,-2.0506912442396312
1193,621.658132148309,35,-2,-17,68349,68340,68375,68343,68366,123.07352941176471,23,-2575.0,9,26,1965.0,True,False,bp,-2.0506912442396312
1194,689.8293929006967,48,2,0,68399,68375,68423,68387,68407,113.3125,20,-1960.0,24,24,2810.0,False,False,bp,-2.0506912442396312
1195,871.0428185493861,33,32,-9,68435,68423,68456,68429,68441,256.75,12,-1575.0,12,21,3236.0,True,False,bp,-2.0506912442396312
1196,944.755832535209,84,-14,18,68507,68456,68540,68485,68521,79.16233766233766,36,-183.0,51,33,4245.0,False,False,bp,-2.0506912442396312
1197,665.1245340688573,33,7,-19,68547,68540,68573,68543,68561,186.82142857142856,18,2117.0,7,26,3186.0,False,False,bp,-2.0506912442396312
1198,140.17634053148717,46,-8,28,68610,68573,68619,68586,68616,43.0625,30,3386.0,37,9,884.0,False,False,bp,-2.0506912442396312
1199,2224.487461521776,50,20,-4,70246,70223,70273,70234,70254,230.3333333333333,20,-863.0,23,27,4438.0,True,False,bp,-3.3636363636363638
1200,1573.0617739409026,66,-6,10,70311,70273,70339,70294,70323,142.68137254901958,29,-1293.0,38,28,3182.0,True,True,bp,-3.3636363636363638
1201,840.7693006677272,64,-10,22,70382,70339,70403,70346,70389,145.26388888888889,43,-1253.0,43,21,3758.0,True,True,bp,-3.3636363636363638
1202,1370.1934453347224,70,9,-4,70436,70403,70473,70422,70452,118.61607142857143,30,-127.0,33,37,4487.0,True,True,bp,-3.3636363636363638
1203,1984.609352303213,66,6,-14,70499,70473,70539,70491,70518,263.44407894736844,27,-1660.0,26,40,5134.0,False,False,bp,-3.3636363636363638
1204,102.96539049961542,51,8,3,70566,70539,70590,70551,70576,54.48333333333333,25,2271.0,27,24,1297.0,False,False,bp,-3.3636363636363638
1205,1482.4494656681281,67,18,-9,70619,70590,70657,70609,70634,144.56666666666666,25,1145.0,29,38,5125.0,False,False,bp,-3.3636363636363638
1206,1189.5383841297828,82,-14,10,70703,70657,70739,70677,70719,93.31490384615385,42,284.0,46,36,2592.0,False,False,bp,-3.3636363636363638
1207,912.8390763685317,51,7,-1,70764,70739,70790,70747,70771,126.71428571428572,24,316.0,25,26,2943.0,True,True,bp,-3.3636363636363638
1208,2001.5239604842645,66,23,-18,70814,70790,70856,70802,70829,192.96666666666667,27,-1076.0,24,42,6091.0,True,False,bp,-3.3636363636363638
1209,772.9507266060242,56,-6,28,70898,70856,70912,70879,70905,127.5,26,465.0,42,14,2365.0,True,False,bp,-3.3636363636363638
1210,579.6996676997322,44,17,-4,70932,70912,70956,70925,70943,127.9090909090909,18,1440.0,20,24,2919.0,False,False,bp,-3.3636363636363638
1211,1470.4934620727142,80,-11,6,70999,70956,71036,70978,71017,136.27777777777777,39,-1912.0,43,37,4455.0,False,False,bp,-3.3636363636363638
1212,1301.5596174084199,49,-6,-3,71059,71036,71085,71045,71071,106.0595238095238,26,-291.0,23,26,2538.0,False,False,bp,-3.3636363636363638
1213,359.2165671702371,38,23,-22,71093,71085,71123,71091,71104,85.9090909090909,13,2181.0,8,30,2437.0,False,False,bp,-3.3636363636363638
1214,1124.3983961958436,50,21,26,71161,71123,71173,71140,71166,114.70952380952382,26,2192.0,38,12,2090.0,False,False,bp,-3.3636363636363638
1215,1317.9977785204119,99,0,27,71236,71173,71272,71213,71254,79.4915458937198,41,-583.0,63,36,1989.0,False,False,bp,-3.3636363636363638
1216,1999.5595698710642,83,-15,7,71317,71272,71355,71295,71334,184.69652406417114,39,-6686.0,45,38,7020.0,False,False,bp,-3.3636363636363638
1217,627.4635707031068,34,31,-16,71364,71355,71389,71358,71375,184.6439393939394,17,-1868.0,9,25,1649.0,False,False,bp,-3.3636363636363638
1218,1165.3451923073826,101,24,-15,71432,71389,71490,71423,71453,147.95238095238096,30,-3133.0,43,58,5236.0,True,False,bp,-3.3636363636363638
1219,1368.2487528810004,82,-19,-22,71520,71490,71572,71507,71551,153.43920595533496,44,-3038.0,30,52,5542.0,True,False,bp,-3.3636363636363638
1220,1248.1030407893984,34,27,-14,71582,71572,71606,71576,71591,252.91666666666663,15,-734.0,10,24,3317.0,True,False,bp,-3.3636363636363638
1221,740.0596499543677,88,-26,64,71682,71606,71694,71633,71686,148.54336734693874,53,-2530.0,76,12,2214.0,False,False,bp,-3.3636363636363638
1222,675.9171830541814,80,-36,26,71747,71694,71774,71713,71763,70.80882352941177,50,-2888.0,53,27,3053.0,True,False,bp,-3.3636363636363638
1223,330.75614702259827,33,10,-9,71786,71774,71807,71777,71789,230.77777777777774,12,-1559.0,12,21,2353.0,True,False,bp,-3.3636363636363638
1224,301.9723396859065,65,22,-49,71815,71807,71872,71811,71841,157.10576923076925,30,-877.0,8,57,3988.0,False,False,bp,-3.3636363636363638
1225,847.2009323007592,50,-1,4,71899,71872,71922,71893,71917,147.72222222222226,24,232.0,27,23,1462.0,False,False,bp,-3.3636363636363638
1226,1075.0268366730006,51,-5,1,71948,71922,71973,71940,71961,189.57211538461542,21,-2882.0,26,25,2469.0,False,False,bp,-3.3636363636363638
1227,394.90951536815766,34,9,-10,71985,71973,72007,71977,71993,75.625,16,-2130.0,12,22,825.0,False,False,bp,-3.3636363636363638
1228,139.46793068916648,49,5,-9,72027,72007,72056,72018,72044,36.284313725490186,26,-1660.0,20,29,1265.0,False,False,bp,-3.3636363636363638
1229,804.8837528924587,67,15,-17,72081,72056,72123,72075,72101,114.04166666666669,26,-2281.0,25,42,1956.0,True,True,bp,-3.3636363636363638
1230,247.2075974217161,84,-13,-2,72164,72123,72207,72142,72187,38.03260869565217,45,-2017.0,41,43,1868.0,False,False,bp,-3.3636363636363638
1231,353.3202587747981,32,7,16,72231,72207,72239,72219,72235,94.16666666666669,16,-1074.0,24,8,1554.0,False,False,bp,-3.3636363636363638
1232,892.6029961864701,47,17,9,72267,72239,72286,72258,72271,159.375,13,-2597.0,28,19,1818.0,True,False,bp,-3.3636363636363638
1233,316.88471188644394,54,-23,34,72330,72286,72340,72301,72336,80.10632183908045,35,-3898.0,44,10,1989.0,True,False,bp,-3.3636363636363638
1234,925.5682841393013,39,-6,1,72360,72340,72379,72348,72371,123.99242424242424,23,-4177.0,20,19,3570.0,True,True,bp,-3.3636363636363638
1235,669.5549084404042,27,6,9,72397,72379,72406,72388,72401,246.25,13,-4418.0,18,9,3037.0,True,True,bp,-3.3636363636363638
1236,738.1865350088523,49,-20,23,72442,72406,72455,72420,72449,99.61363636363636,29,-6009.0,36,13,1269.0,False,False,bp,-3.3636363636363638
1237,574.1010928829659,50,14,-38,72461,72455,72505,72458,72486,277.36,28,-6552.0,6,44,4912.0,False,False,bp,-3.3636363636363638
1238,641.3802642330521,72,-15,14,72548,72505,72577,72528,72562,66.11785714285715,34,-4134.0,43,29,2205.0,True,False,bp,-3.3636363636363638
1239,590.542626047054,68,-14,-48,72587,72577,72645,72581,72626,153.1602564102564,45,-4625.0,10,58,3896.0,False,False,bp,-3.3636363636363638
1240,598.3432181836857,28,12,10,72664,72645,72673,72657,72667,281.2619047619048,10,-2478.0,19,9,3281.0,False,False,bp,-3.3636363636363638
1241,641.6720092215727,50,-10,26,72711,72673,72723,72689,72716,100.08181818181819,27,-958.0,38,12,1754.0,True,False,bp,-3.3636363636363638
1242,463.1548902876958,66,-3,-16,72748,72723,72789,72733,72768,65.975,35,-914.0,25,41,3149.0,True,False,bp,-3.3636363636363638
1243,530.6595323019271,67,2,-17,72814,72789,72856,72800,72835,77.39285714285714,35,-357.0,25,42,3437.0,True,True,bp,-3.3636363636363638
1244,2371.309498753768,50,-6,0,70247,70222,70272,70231,70261,173.13392857142856,30,-1.0,25,25,5505.0,True,True,bp,-3.3636363636363638
1245,1520.9708144569352,85,-6,1,70315,70272,70357,70285,70335,122.84166666666668,50,-1136.0,43,42,3070.0,False,False,bp,-3.3636363636363638
1246,775.3614673640234,50,4,22,70393,70357,70407,70379,70399,119.2261904761905,20,-717.0,36,14,1775.0,True,False,bp,-3.3636363636363638
1247,1286.3980954206916,66,22,-18,70431,70407,70473,70423,70446,171.9625,23,-1625.0,24,42,4750.0,True,False,bp,-3.3636363636363638
1248,859.6915331204532,83,-26,11,70520,70473,70556,70491,70542,73.79075235109718,51,-125.0,47,36,3773.0,True,True,bp,-3.3636363636363638
1249,501.8001693767209,31,12,19,70581,70556,70587,70567,70582,117.96428571428572,15,1017.0,25,6,834.0,False,False,bp,-3.3636363636363638
1250,286.57782518976916,40,11,16,70615,70587,70627,70609,70619,248.58333333333331,10,-1181.0,28,12,1775.0,False,False,bp,-3.3636363636363638
1251,1072.3376172233313,41,28,1,70648,70627,70668,70640,70653,221.825,13,-1173.0,21,20,3697.0,False,False,bp,-3.3636363636363638
1252,1363.7128667310335,71,3,21,70714,70668,70739,70694,70717,244.85,23,-1868.0,46,25,2715.0,False,False,bp,-3.3636363636363638
1253,540.0577376717711,34,-11,-14,70749,70739,70773,70743,70765,96.89583333333334,22,-272.0,10,24,2834.0,False,False,bp,-3.3636363636363638
1254,229.5059787221184,30,13,-12,70782,70773,70803,70776,70793,160.97727272727275,17,633.0,9,21,2145.0,False,False,bp,-3.3636363636363638
1255,1455.8348157347284,75,-5,-19,70831,70803,70878,70823,70860,204.4159482758621,37,-1734.0,28,47,5506.0,False,False,bp,-3.3636363636363638
1256,2861.805688294147,61,-10,13,70915,70878,70939,70892,70929,168.68944099378882,37,-3058.0,37,24,4949.0,True,False,bp,-3.3636363636363638
1257,1632.9380578298394,67,-27,-15,70965,70939,71006,70956,70997,191.19965277777774,41,-3431.0,26,41,5006.0,True,True,bp,-3.3636363636363638
1258,1246.5431373492672,51,4,-25,71019,71006,71057,71011,71041,135.1306818181818,30,-1016.0,13,38,4186.0,True,True,bp,-3.3636363636363638
1259,2556.429803386909,67,15,5,71093,71057,71124,71075,71104,192.43939393939397,29,-3179.0,36,31,4352.0,True,True,bp,-3.3636363636363638
1260,744.6897244726299,83,-29,-1,71165,71124,71207,71148,71200,49.43025210084034,52,-2325.0,41,42,3763.0,True,False,bp,-3.3636363636363638
1261,1493.5496463674592,49,11,1,71232,71207,71256,71223,71243,187.2929292929293,20,-2302.0,25,24,3152.0,True,False,bp,-3.3636363636363638
1262,1457.3203537881095,78,-18,-4,71293,71256,71334,71274,71316,131.43935926773457,42,-5193.0,37,41,4506.0,True,True,bp,-3.3636363636363638
1263,1337.6465551209042,55,3,-27,71348,71334,71389,71340,71367,165.7203947368421,27,-3749.0,14,41,3853.0,True,True,bp,-3.3636363636363638
1264,1089.8712501091006,66,-15,-14,71415,71389,71455,71397,71437,84.85606060606061,40,-3297.0,26,40,3434.0,True,False,bp,-3.3636363636363638
1265,1260.6733475115636,34,-11,-4,71470,71455,71489,71462,71483,124.5096153846154,21,-2728.0,15,19,2313.0,True,False,bp,-3.3636363636363638
1266,365.0923270910973,47,17,-29,71498,71489,71536,71493,71511,108.13846153846156,18,-1860.0,9,38,3046.0,False,False,bp,-3.3636363636363638
1267,1344.7138173909716,87,18,-31,71564,71536,71623,71546,71585,125.80555555555556,39,-2846.0,28,59,5288.0,False,False,bp,-3.3636363636363638
1268,345.9663678947748,33,12,15,71647,71623,71656,71642,71652,211.5,10,140.0,24,9,1797.0,False,False,bp,-3.3636363636363638
1269,785.8490168627803,51,5,31,71697,71656,71707,71674,71702,127.02173913043478,28,-2029.0,41,10,1753.0,False,False,bp,-3.3636363636363638
1270,357.2021787497294,76,-25,40,71765,71707,71783,71735,71774,92.88888888888891,39,-3132.0,58,18,2437.0,True,False,bp,-3.3636363636363638
1271,301.0340010905445,56,27,-24,71799,71783,71839,71788,71804,196.21818181818185,16,-3132.0,16,40,3003.0,False,False,bp,-3.3636363636363638
1272,446.4775967114904,34,-1,12,71862,71839,71873,71847,71867,114.43333333333334,20,-1435.0,23,11,2210.0,False,False,bp,-3.3636363636363638
1273,842.3938388314242,55,-10,27,71914,71873,71928,71886,71920,97.63690476190477,34,-1587.0,41,14,1743.0,False,False,bp,-3.3636363636363638
1274,1306.0040876441299,51,-2,-1,71953,71928,71979,71944,71964,171.63636363636363,20,-3441.0,25,26,2942.0,False,False,bp,-3.3636363636363638
1275,978.3993362057864,46,-21,-18,71993,71979,72025,71982,72018,97.48727272727274,36,-2907.0,14,32,3284.0,True,True,bp,-3.3636363636363638
1276,2029.7225148933521,48,9,-4,72047,72025,72073,72033,72057,228.79285714285717,24,-4623.0,22,26,4995.0,True,True,bp,-3.3636363636363638
1277,864.6143631381059,53,11,-3,72098,72073,72126,72090,72107,186.96527777777774,17,-2702.0,25,28,1825.0,True,True,bp,-3.3636363636363638
1278,235.78026222685176,36,0,6,72147,72126,72162,72135,72155,57.14583333333334,20,-2462.0,21,15,845.0,False,False,bp,-3.3636363636363638
1279,698.8915319876739,54,12,-16,72181,72162,72216,72175,72192,163.54545454545456,17,-4137.0,19,35,2293.0,False,False,bp,-3.3636363636363638
1280,665.3755979234787,37,8,-7,72231,72216,72253,72221,72236,155.75,15,-3516.0,15,22,2305.0,True,True,bp,-3.3636363636363638
1281,591.6763989091285,33,19,-11,72264,72253,72286,72259,72267,316.4,8,-3537.0,11,22,2810.0,True,True,bp,-3.3636363636363638
1282,1036.3665552904024,51,-3,-25,72299,72286,72337,72294,72319,176.75,25,-3919.0,13,38,1102.0,False,False,bp,-3.3636363636363638
1283,535.5745863954871,49,7,-23,72350,72337,72386,72341,72364,82.67857142857143,23,-4751.0,13,36,2029.0,True,False,bp,-3.3636363636363638
1284,268.94639362977915,24,20,6,72401,72386,72410,72394,72403,332.42857142857144,9,-5398.0,15,9,2149.0,True,False,bp,-3.3636363636363638
1285,442.9139155332637,52,9,12,72442,72410,72462,72432,72451,180.4,19,-6937.0,32,20,1761.0,False,False,bp,-3.3636363636363638
1286,268.1202159583491,59,-10,11,72497,72462,72521,72479,72508,81.23232323232324,29,-6088.0,35,24,2475.0,False,False,bp,-3.3636363636363638
1287,837.1526276105736,37,7,21,72550,72521,72558,72527,72554,123.81521739130434,27,-6444.0,29,8,2239.0,True,False,bp,-3.3636363636363638
1288,888.0916183631883,98,19,2,72608,72558,72656,72588,72620,124.08333333333331,32,-6714.0,50,48,4616.0,False,False,bp,-3.3636363636363638
1289,356.5981592078021,39,-8,15,72683,72656,72695,72671,72690,108.17261904761904,19,-4115.0,27,12,2049.0,False,False,bp,-3.3636363636363638
1290,49.75523553468377,43,6,-3,72715,72695,72738,72701,72726,35.603896103896105,25,-4075.0,20,23,1623.0,True,False,bp,-3.3636363636363638
1291,401.2380820856545,51,-2,23,72775,72738,72789,72757,72784,115.63888888888887,27,-3337.0,37,14,3713.0,False,False,bp,-3.3636363636363638
1292,653.0669255398617,60,-11,24,72831,72789,72849,72809,72837,74.45454545454545,28,-1272.0,42,18,1713.0,False,False,bp,-3.3636363636363638
1293,266.5071889299647,27,11,-7,72859,72849,72876,72854,72871,17.09166666666667,17,71.0,10,17,390.0,False,False,bp,-3.3636363636363638
1294,821.2011096226297,50,16,2,75131,75105,75155,75118,75138,149.3406593406593,20,791.0,26,24,2641.0,True,True,bp,-2.2
1295,1133.9112657219525,51,3,11,75186,75155,75206,75174,75199,117.9903846153846,25,94.0,31,20,2525.0,True,True,bp,-2.2
1296,753.6315412343062,83,26,-31,75232,75206,75289,75227,75255,154.17826086956526,28,262.0,26,57,2837.0,True,False,bp,-2.2
1297,602.4852241258654,46,16,4,75314,75289,75335,75309,75317,258.56666666666666,8,624.0,25,21,1831.0,True,False,bp,-2.2
1298,296.15770053282984,24,6,0,75347,75335,75359,75341,75354,90.95238095238096,13,1179.0,12,12,1177.0,True,False,bp,-2.2
1299,907.8453353311752,46,-8,0,75382,75359,75405,75373,75397,78.66666666666667,24,1315.0,23,23,3310.0,False,False,bp,-2.2
1300,1175.4890265190704,35,-1,15,75430,75405,75440,75413,75435,148.2647058823529,22,1180.0,25,10,2513.0,True,True,bp,-2.2
1301,948.2947875157497,48,19,0,75464,75440,75488,75456,75469,227.2125,13,535.0,24,24,2438.0,True,True,bp,-2.2
1302,455.4535044212929,51,-26,1,75514,75488,75539,75501,75536,74.53671328671328,35,873.0,26,25,1892.0,True,True,bp,-2.2
1303,345.91761891444537,51,-26,3,75566,75539,75590,75545,75586,36.85595238095238,41,1168.0,27,24,1490.0,True,True,bp,-2.2
1304,822.3185191682684,66,12,-18,75614,75590,75656,75601,75626,123.68589743589745,25,-117.0,24,42,3448.0,False,False,bp,-2.2
1305,522.7808529331128,34,-4,-10,75668,75656,75690,75663,75682,92.47142857142859,19,2094.0,12,22,1613.0,False,False,bp,-2.2
1306,703.5120373928194,28,2,14,75711,75690,75718,75697,75715,123.14285714285714,18,802.0,21,7,1315.0,False,False,bp,-2.2
1307,623.3289663704612,49,6,13,75749,75718,75767,75735,75752,195.91666666666663,17,-327.0,31,18,2185.0,True,True,bp,-2.2
1308,502.5726480611235,38,14,-12,75780,75767,75805,75775,75785,233.6,10,102.0,13,25,2905.0,True,False,bp,-2.2
1309,168.42276561083676,17,19,1,75814,75805,75822,75809,75817,199.36666666666667,8,1229.0,9,8,1632.0,True,False,bp,-2.2
1310,278.34461627799976,43,14,9,75848,75822,75865,75844,75851,148.20833333333334,7,1241.0,26,17,574.0,False,False,bp,-2.2
1311,206.28808304135242,39,15,-9,75880,75865,75904,75872,75887,60.28571428571429,15,1052.0,15,24,928.0,True,True,bp,-2.2
1312,77.4010606325274,35,1,11,75927,75904,75939,75917,75932,58.3,15,197.0,23,12,782.0,False,False,bp,-2.2
1313,356.0264710695513,51,9,-9,75960,75939,75990,75948,75975,58.83333333333333,27,-805.0,21,30,2422.0,False,False,bp,-2.2
1314,537.8923812300288,65,-13,15,76030,75990,76055,76011,76048,37.4312865497076,37,370.0,40,25,2049.0,True,True,bp,-2.2
1315,439.3251479474732,35,6,17,76081,76055,76090,76072,76084,175.0,12,-540.0,26,9,1251.0,False,False,bp,-2.2
1316,574.4865154898354,49,6,-1,76114,76090,76139,76102,76124,104.44166666666666,22,-1723.0,24,25,2152.0,True,True,bp,-2.2
1317,355.624391893819,48,1,2,76164,76139,76187,76152,76173,120.88888888888887,21,-1158.0,25,23,1500.0,True,True,bp,-2.2
1318,338.5098772819278,35,-4,-9,76200,76187,76222,76195,76213,122.47692307692309,18,-1238.0,13,22,2224.0,True,False,bp,-2.2
1319,810.3118870316196,66,25,-38,76236,76222,76288,76227,76252,110.85763888888887,25,-907.0,14,52,3501.0,True,False,bp,-2.2
1320,388.37793913351084,70,-6,48,76347,76288,76358,76302,76350,126.33333333333331,48,-294.0,59,11,1810.0,True,False,bp,-2.2
1321,722.9152748077847,64,-10,40,76410,76358,76422,76392,76415,124.62222222222223,23,-1783.0,52,12,1558.0,False,False,bp,-2.2
1322,475.5112146960818,66,-21,-14,76448,76422,76488,76428,76472,51.875,44,-2001.0,26,40,2852.0,True,True,bp,-2.2
1323,461.9243870322766,39,2,15,75100,75073,75112,75084,75104,81.625,20,1660.0,27,12,693.0,False,False,bp,-2.2
1324,1417.5491724883716,43,21,-3,75132,75112,75155,75126,75139,280.25,13,-491.0,20,23,4454.0,False,False,bp,-2.2
1325,966.8255650397717,50,0,2,75181,75155,75205,75173,75199,125.53472222222223,26,816.0,26,24,1885.0,True,True,bp,-2.2
1326,682.7210088494187,50,11,6,75233,75205,75255,75225,75236,272.85416666666663,11,-512.0,28,22,2450.0,True,True,bp,-2.2
1327,878.6589930332702,33,-1,-3,75270,75255,75288,75258,75281,120.625,23,-113.0,15,18,3416.0,True,True,bp,-2.2
1328,384.3071640518052,84,-27,-8,75326,75288,75372,75303,75354,60.502329192546576,51,183.0,38,46,1423.0,False,False,bp,-2.2
1329,278.108145973177,33,-1,-3,75387,75372,75405,75378,75399,55.04166666666667,21,715.0,15,18,1674.0,True,False,bp,-2.2
1330,840.5943695349404,67,1,-15,75431,75405,75472,75419,75448,94.61764705882355,29,-120.0,26,41,2336.0,True,False,bp,-2.2
1331,1151.2426024513811,50,-23,2,75498,75472,75522,75478,75513,88.35,35,-1581.0,26,24,2964.0,True,False,bp,-2.2
1332,469.9447366797443,31,-5,-3,75536,75522,75553,75525,75544,80.66477272727272,19,-1019.0,14,17,369.0,False,False,bp,-2.2
1333,527.238469496556,35,-5,9,75575,75553,75588,75558,75583,79.61397058823529,25,-2232.0,22,13,2095.0,False,False,bp,-2.2
1334,1117.3307714941616,62,13,22,75630,75588,75650,75603,75636,178.25,33,-3405.0,42,20,3210.0,False,False,bp,-2.2
1335,331.15856681539736,57,-3,31,75694,75650,75707,75682,75701,93.67857142857143,19,-1697.0,44,13,2141.0,False,False,bp,-2.2
1336,538.8993126247702,51,-5,7,75736,75707,75758,75717,75742,76.0043859649123,25,-1872.0,29,22,1500.0,False,False,bp,-2.2
1337,1493.8316521787765,47,-15,-3,75780,75758,75805,75762,75793,121.2628205128205,31,-4180.0,22,25,3875.0,False,False,bp,-2.2
1338,643.7231677290818,33,13,-13,75815,75805,75838,75809,75825,179.85,16,-3055.0,10,23,2057.0,True,False,bp,-2.2
1339,288.48889060765254,50,-9,26,75876,75838,75888,75854,75882,94.25757575757576,28,-3437.0,38,12,1582.0,False,False,bp,-2.2
1340,166.9913196950969,36,4,24,75918,75888,75924,75901,75921,193.5196078431373,20,-5426.0,30,6,1701.0,False,False,bp,-2.2
1341,583.3615844732092,47,-6,21,75958,75924,75971,75945,75966,136.97115384615384,21,-6642.0,34,13,3095.0,True,True,bp,-2.2
1342,518.9462340304126,35,-3,17,75997,75971,76006,75981,76002,107.775,21,-6271.0,26,9,2380.0,False,False,bp,-2.2
1343,117.88138059969522,66,-17,-26,76026,76006,76072,76020,76056,83.78333333333333,36,-5052.0,20,46,2998.0,False,False,bp,-2.2
1344,312.9307911505848,37,-9,-9,76086,76072,76109,76075,76098,69.23863636363637,23,-3825.0,14,23,1441.0,True,True,bp,-2.2
1345,554.2838859039451,30,9,0,76124,76109,76139,76112,76128,168.41666666666666,16,-4632.0,15,15,1974.0,True,True,bp,-2.2
1346,354.8465861675671,33,-1,17,76164,76139,76172,76153,76167,188.9090909090909,14,-3957.0,25,8,2526.0,False,False,bp,-2.2
1347,140.8603331800465,33,-14,5,76191,76172,76205,76180,76201,92.32272727272726,21,-2609.0,19,14,2737.0,False,False,bp,-2.2
1348,605.5007961646454,48,4,-30,76214,76205,76253,76208,76238,130.3125,30,-1621.0,9,39,2957.0,True,False,bp,-2.2
1349,943.0620984554872,52,-2,6,76282,76253,76305,76272,76292,150.39999999999995,20,-1060.0,29,23,3248.0,True,False,bp,-2.2
1350,648.2067142896799,34,7,-16,76314,76305,76339,76310,76327,249.3076923076923,17,-910.0,9,25,1721.0,True,True,bp,-2.2
1351,247.41900898974015,34,32,16,76364,76339,76373,76351,76366,125.01923076923076,15,-1500.0,25,9,863.0,False,False,bp,-2.2
1352,419.5686755969322,82,-10,54,76441,76373,76455,76413,76451,71.41071428571428,38,-3666.0,68,14,2696.0,False,False,bp,-2.2
1353,1541.3905042140673,68,10,-16,77864,77838,77906,77857,77879,207.59523809523807,22,-1821.0,26,42,4966.0,False,False,bp,-0.14457831325301204
1354,840.8762945713985,46,-13,4,77931,77906,77952,77911,77941,81.675,30,1290.0,25,21,2350.0,False,False,bp,-0.14457831325301204
1355,708.5821629371835,37,15,-13,77964,77952,77989,77958,77971,203.15476190476193,13,1094.0,12,25,2445.0,True,False,bp,-0.14457831325301204
1356,1449.5691690810693,67,8,-17,78014,77989,78056,77999,78027,149.35128205128206,28,-971.0,25,42,3773.0,True,False,bp,-0.14457831325301204
1357,2232.4423636613174,53,-2,-5,78080,78056,78109,78063,78097,149.47058823529414,34,-2172.0,24,29,4828.0,True,True,bp,-0.14457831325301204
1358,2103.5162778218923,82,-4,22,78161,78109,78191,78129,78171,176.553125,42,-2544.0,52,30,5410.0,True,True,bp,-0.14457831325301204
1359,1763.0355727236506,97,11,-19,78230,78191,78288,78209,78247,100.55042016806722,38,-775.0,39,58,4203.0,True,False,bp,-0.14457831325301204
1360,2964.262476333337,50,6,-6,78310,78288,78338,78296,78318,297.3303571428571,22,-2604.0,22,28,6722.0,True,False,bp,-0.14457831325301204
1361,1536.4498751972362,50,15,0,78363,78338,78388,78346,78370,131.3361344537815,24,-277.0,25,25,2133.0,False,False,bp,-0.14457831325301204
1362,877.8624703722581,84,-15,2,78431,78388,78472,78409,78452,82.24891774891775,43,-702.0,43,41,4598.0,True,True,bp,-0.14457831325301204
1363,2013.664279838288,67,-6,15,78513,78472,78539,78480,78520,231.7922077922078,40,-845.0,41,26,5895.0,True,True,bp,-0.14457831325301204
1364,1936.0360103038033,66,6,-14,78565,78539,78605,78554,78580,183.3878787878788,26,-951.0,26,40,2397.0,False,False,bp,-0.14457831325301204
1365,1343.7397314722173,50,-22,0,78630,78605,78655,78612,78647,100.70588235294115,35,-2471.0,25,25,3527.0,True,False,bp,-0.14457831325301204
1366,1528.6307811661188,46,6,-20,78668,78655,78701,78660,78683,199.00416666666663,23,-2621.0,13,33,3611.0,True,False,bp,-0.14457831325301204
1367,2355.5397987759115,89,3,-29,78731,78701,78790,78712,78752,194.00125313283212,40,-6202.0,30,59,7573.0,False,False,bp,-0.14457831325301204
1368,778.2059464203447,82,3,-28,78817,78790,78872,78795,78849,53.07954545454545,54,-574.0,27,55,3094.0,False,False,bp,-0.14457831325301204
1369,1154.7974370318034,84,-15,32,78930,78872,78956,78906,78942,173.3125,36,-2466.0,58,26,4625.0,False,False,bp,-0.14457831325301204
1370,1027.514447690657,49,8,-7,78977,78956,79005,78963,78984,139.5,21,398.0,21,28,3495.0,False,False,bp,-0.14457831325301204
1371,1227.3356801987795,67,-28,-5,79036,79005,79072,79013,79058,81.4100790513834,45,-1259.0,31,36,2165.0,False,False,bp,-0.14457831325301204
1372,1155.7286797420966,67,1,7,79109,79072,79139,79075,79119,95.97941176470587,44,-1115.0,37,30,3831.0,False,False,bp,-0.14457831325301204
1373,3417.325401283493,81,19,1,79180,79139,79220,79164,79187,305.5446428571429,23,-6529.0,41,40,5207.0,False,False,bp,-0.14457831325301204
1374,1769.2528609781211,69,23,-15,79247,79220,79289,79229,79264,125.79084967320263,35,-4941.0,27,42,5768.0,True,False,bp,-0.14457831325301204
1375,615.0916044211123,117,0,-35,79330,79289,79406,79322,79374,129.46022727272728,52,-2400.0,41,76,2594.0,False,False,bp,-0.14457831325301204
1376,619.1874526005996,49,27,-1,79430,79406,79455,79426,79436,162.125,10,-1063.0,24,25,2285.0,False,False,bp,-0.14457831325301204
1377,664.936912540647,66,-6,-14,79481,79455,79521,79473,79505,123.72916666666669,32,-2026.0,26,40,1599.0,False,False,bp,-0.14457831325301204
1378,1336.1784837661262,84,9,-28,79549,79521,79605,79531,79566,112.41993464052288,35,-4113.0,28,56,5005.0,False,False,bp,-0.14457831325301204
1379,868.0442607282131,51,3,-31,79615,79605,79656,79610,79640,153.26,30,-1526.0,10,41,2087.0,False,False,bp,-0.14457831325301204
1380,233.28503100150525,48,0,32,79696,79656,79704,79673,79699,144.8840579710145,26,-1131.0,40,8,1597.0,True,False,bp,-0.14457831325301204
1381,584.938221540297,67,-11,-15,79730,79704,79771,79725,79757,122.07407407407408,32,-1288.0,26,41,2197.0,True,False,bp,-0.14457831325301204
1382,498.7953129438414,33,-13,17,79796,79771,79804,79778,79799,166.16666666666669,21,-1613.0,25,8,1620.0,True,False,bp,-0.14457831325301204
1383,510.99252619862716,35,-4,-17,79813,79804,79839,79807,79834,124.38095238095238,27,-1938.0,9,26,2253.0,True,False,bp,-0.14457831325301204
1384,622.4040410685417,67,18,-17,79864,79839,79906,79857,79875,171.54545454545456,18,-2194.0,25,42,1986.0,True,False,bp,-0.14457831325301204
1385,379.3699656206009,33,-2,7,79926,79906,79939,79911,79932,57.03333333333333,21,-1790.0,20,13,849.0,True,False,bp,-0.14457831325301204
1386,269.58977736144004,49,2,5,79966,79939,79988,79951,79970,93.00833333333333,19,-1912.0,27,22,1145.0,True,True,bp,-0.14457831325301204
1387,492.167352329232,33,15,-15,79997,79988,80021,79991,80008,131.43939393939394,17,-2547.0,9,24,1635.0,False,False,bp,-0.14457831325301204
1388,562.0329286820861,67,-31,19,80064,80021,80088,80040,80082,70.47222222222223,42,-4192.0,43,24,2349.0,False,False,bp,-0.14457831325301204
1389,635.4997334003967,51,-9,7,80117,80088,80139,80093,80130,53.79967948717949,37,-4197.0,29,22,1529.0,False,False,bp,-0.14457831325301204
1390,122.98853381891813,100,-8,-16,80181,80139,80239,80158,80204,49.26086956521739,46,-6113.0,42,58,2666.0,False,False,bp,-0.14457831325301204
1391,435.61894754973844,73,0,-59,80246,80239,80312,80242,80292,161.04347826086956,50,-5366.0,7,66,4460.0,False,False,bp,-0.14457831325301204
1392,175.84619342327755,93,-14,43,80380,80312,80405,80342,80390,140.46842105263156,48,-3429.0,68,25,2974.0,True,False,bp,-0.14457831325301204
1393,262.4617799170395,67,-17,39,80458,80405,80472,80424,80466,47.48897058823529,42,-2354.0,53,14,1052.0,True,False,bp,-0.14457831325301204
1394,439.4796809010746,43,2,15,80501,80472,80515,80491,80506,153.4,15,-2135.0,29,14,2423.0,False,False,bp,-0.14457831325301204
1395,535.2848525777559,55,-6,-25,80530,80515,80570,80523,80557,82.66137566137567,34,-1344.0,15,40,2116.0,True,False,bp,-0.14457831325301204
1396,495.7834918871946,47,-3,15,80601,80570,80617,80585,80614,74.39182692307692,29,-2634.0,31,16,1582.0,False,False,bp,-0.14457831325301204
1397,3281.376558477297,62,6,-2,77885,77855,77917,77871,77897,262.0892857142857,26,-1304.0,30,32,7096.0,True,True,bp,-0.14457831325301204
1398,2603.620231744332,69,-13,23,77963,77917,77986,77929,77971,258.8786764705883,42,-255.0,46,23,7533.0,True,True,bp,-0.14457831325301204
1399,3615.8924886591444,65,-5,13,78025,77986,78051,78000,78035,247.82,35,-1252.0,39,26,6560.0,True,True,bp,-0.14457831325301204
1400,3307.158896320181,71,-7,-7,78083,78051,78122,78065,78102,210.16374269005848,37,-1833.0,32,39,8429.0,True,True,bp,-0.14457831325301204
1401,4036.1591384929798,67,3,-17,78147,78122,78189,78132,78167,277.56666666666666,35,-2666.0,25,42,9074.0,True,True,bp,-0.14457831325301204
1402,3351.3190947309563,69,-13,1,78224,78189,78258,78205,78244,198.375,39,-856.0,35,34,7474.0,True,True,bp,-0.14457831325301204
1403,3118.3315741866636,66,2,-10,78286,78258,78324,78270,78304,206.40972222222226,34,398.0,28,38,7641.0,True,True,bp,-0.14457831325301204
1404,2365.588176744009,52,5,20,78360,78324,78376,78340,78368,184.7375,28,407.0,36,16,3357.0,False,False,bp,-0.14457831325301204
1405,1205.7102891934046,78,-2,-2,78414,78376,78454,78401,78435,115.44688644688644,34,-297.0,38,40,3429.0,True,False,bp,-0.14457831325301204
1406,444.41170711927145,35,0,17,78480,78454,78489,78467,78484,156.64423076923075,17,485.0,26,9,1809.0,True,False,bp,-0.14457831325301204
1407,738.0740656897267,66,12,-18,78513,78489,78555,78501,78526,108.70192307692308,25,11.0,24,42,3529.0,True,False,bp,-0.14457831325301204
1408,1336.503513272235,50,5,0,78580,78555,78605,78563,78587,160.38235294117646,24,849.0,25,25,3369.0,True,True,bp,-0.14457831325301204
1409,2988.4327977508037,61,-9,-13,78629,78605,78666,78616,78649,231.0923076923077,33,-2067.0,24,37,8233.0,True,True,bp,-0.14457831325301204
1410,3573.138381620984,39,-4,-5,78683,78666,78705,78673,78697,352.48571428571427,24,-2875.0,17,22,5933.0,False,False,bp,-0.14457831325301204
1411,1267.9778841103564,51,4,-1,78730,78705,78756,78717,78745,134.2948717948718,28,288.0,25,26,4085.0,False,False,bp,-0.14457831325301204
1412,747.6272476729799,116,-15,24,78826,78756,78872,78777,78839,132.2888540031397,62,-1424.0,70,46,5154.0,True,False,bp,-0.14457831325301204
1413,1263.2669666644044,51,-15,1,78898,78872,78923,78886,78914,110.625,28,152.0,26,25,3227.0,True,False,bp,-0.14457831325301204
1414,1176.082453919986,33,4,-15,78932,78923,78956,78927,78948,195.2125,21,838.0,9,24,4604.0,True,True,bp,-0.14457831325301204
1415,1843.366571702057,49,9,3,78982,78956,79005,78973,78993,203.5707070707071,20,1118.0,26,23,3115.0,False,False,bp,-0.14457831325301204
1416,1469.751600081908,66,-13,4,79040,79005,79071,79022,79057,130.88725490196077,35,-2329.0,35,31,2457.0,False,False,bp,-0.14457831325301204
1417,1663.4366185529784,57,-11,-3,79098,79071,79128,79079,79116,119.75438596491229,37,-2844.0,27,30,5414.0,False,False,bp,-0.14457831325301204
1418,817.005262871827,44,-9,-2,79149,79128,79172,79142,79167,90.17460317460319,25,823.0,21,23,1499.0,False,False,bp,-0.14457831325301204
1419,1015.2648216564808,33,4,17,79197,79172,79205,79183,79202,164.13571428571433,19,-1419.0,25,8,1831.0,False,False,bp,-0.14457831325301204
1420,986.3688382608271,72,-12,2,79242,79205,79277,79225,79264,69.83556149732621,39,-1576.0,37,35,3931.0,True,True,bp,-0.14457831325301204
1421,597.5515255571411,90,-16,-16,79314,79277,79367,79291,79341,49.87037037037037,50,42.0,37,53,1766.0,True,True,bp,-0.14457831325301204
1422,1277.4937382190546,55,29,-27,79381,79367,79422,79375,79387,323.25,12,-1348.0,14,41,4472.0,False,False,bp,-0.14457831325301204
1423,508.7140000599504,47,-31,15,79453,79422,79469,79428,79467,29.168571428571425,39,1232.0,31,16,469.0,False,False,bp,-0.14457831325301204
1424,1013.2173357785556,36,-9,-12,79481,79469,79505,79475,79498,168.59803921568627,23,-1044.0,12,24,3287.0,False,False,bp,-0.14457831325301204
1425,747.9394862853559,67,-26,-17,79530,79505,79572,79512,79558,71.25595238095238,46,-667.0,25,42,4360.0,True,False,bp,-0.14457831325301204
1426,509.33240089581545,99,-17,-15,79614,79572,79671,79578,79643,50.28544061302682,65,-363.0,42,57,3116.0,True,False,bp,-0.14457831325301204
1427,565.6118070120427,51,14,1,79697,79671,79722,79691,79708,163.78787878787878,17,578.0,26,25,1891.0,True,False,bp,-0.14457831325301204
1428,417.5396635625074,55,7,-7,79746,79722,79777,79739,79759,126.42857142857143,20,-247.0,24,31,978.0,False,False,bp,-0.14457831325301204
1429,164.52755310707622,47,-6,-7,79797,79777,79824,79786,79810,73.98601398601399,24,-574.0,20,27,1663.0,True,True,bp,-0.14457831325301204
1430,583.4457558110922,30,13,8,79843,79824,79854,79828,79848,124.43333333333334,20,-1196.0,19,11,1705.0,True,False,bp,-0.14457831325301204
1431,529.5057167004438,84,-13,8,79900,79854,79938,79881,79922,64.37799043062199,41,-1855.0,46,38,2533.0,True,False,bp,-0.14457831325301204
1432,140.9187856401339,34,-9,8,79959,79938,79972,79950,79968,78.83333333333334,18,-785.0,21,13,1408.0,False,False,bp,-0.14457831325301204
1433,180.67536534484955,49,-23,21,80007,79972,80021,79977,80016,50.06111111111111,39,-2204.0,35,14,1045.0,False,False,bp,-0.14457831325301204
1434,416.6310613643271,71,-5,-11,80051,80021,80092,80032,80068,71.8080495356037,36,-4361.0,30,41,2615.0,False,False,bp,-0.14457831325301204
1435,565.0107006338687,29,2,11,80112,80092,80121,80099,80115,183.33333333333331,16,-3717.0,20,9,2773.0,True,False,bp,-0.14457831325301204
1436,491.40051687595667,50,-4,-4,80144,80121,80171,80133,80156,115.4090909090909,23,-3355.0,23,27,1355.0,False,False,bp,-0.14457831325301204
1437,534.5896677140628,24,36,-6,80180,80171,80195,80175,80181,306.4,6,-5164.0,9,15,926.0,False,False,bp,-0.14457831325301204
1438,215.7733212814525,44,6,24,80229,80195,80239,80223,80231,206.75,8,-6352.0,34,10,1559.0,False,False,bp,-0.14457831325301204
1439,157.10307703217322,32,3,16,80263,80239,80271,80245,80266,162.27777777777774,21,-5702.0,24,8,2431.0,False,False,bp,-0.14457831325301204
1440,160.08509742941757,48,7,6,80298,80271,80319,80290,80305,152.26785714285714,15,-4383.0,27,21,1963.0,False,False,bp,-0.14457831325301204
1441,210.89199206398968,20,7,2,80330,80319,80339,80327,80335,297.8,8,-4374.0,11,9,2848.0,True,False,bp,-0.14457831325301204
1442,361.61728761765517,59,7,-5,80366,80339,80398,80350,80375,147.49652777777774,25,-3526.0,27,32,2833.0,True,False,bp,-0.14457831325301204
1443,224.43218556377838,101,-23,-71,80413,80398,80499,80407,80474,90.19808743169399,67,-2323.0,15,86,3835.0,False,False,bp,-0.14457831325301204
1444,374.1786590857389,73,10,-11,80530,80499,80572,80518,80554,46.375,36,-716.0,31,42,1934.0,True,True,bp,-0.14457831325301204
1445,2676.0983310987813,54,23,0,82182,82155,82209,82173,82195,266.93589743589746,22,899.0,27,27,5493.0,True,True,bp,4.372549019607843
1446,1815.7986236820768,79,-5,29,82263,82209,82288,82240,82270,186.9813664596273,30,847.0,54,25,3589.0,True,True,bp,4.372549019607843
1447,487.8781434718025,33,-14,19,82314,82288,82321,82295,82318,102.21710526315788,23,1672.0,26,7,1165.0,False,False,bp,4.372549019607843
1448,289.0604082478545,34,-11,8,82342,82321,82355,82327,82349,64.7,22,945.0,21,13,948.0,False,False,bp,4.372549019607843
1449,944.3864825720706,49,-1,1,82380,82355,82404,82360,82384,164.075,24,-550.0,25,24,2575.0,False,False,bp,4.372549019607843
1450,716.0182199877224,34,5,-16,82413,82404,82438,82407,82426,144.86538461538458,19,-339.0,9,25,1277.0,True,True,bp,4.372549019607843
1451,394.91914739376296,66,24,-16,82463,82438,82504,82450,82469,126.98717948717949,19,-477.0,25,41,2925.0,False,False,bp,4.372549019607843
1452,1148.6148030184627,35,8,-5,82519,82504,82539,82512,82532,156.55494505494502,20,-898.0,15,20,1888.0,True,True,bp,4.372549019607843
1453,669.1277590742659,115,-29,3,82598,82539,82654,82560,82631,73.35247208931419,71,-1738.0,59,56,5950.0,False,False,bp,4.372549019607843
1454,1984.788575927072,50,24,4,82681,82654,82704,82673,82694,176.6298076923077,21,973.0,27,23,3942.0,True,False,bp,4.372549019607843
1455,3252.1161062394067,84,8,6,82749,82704,82788,82739,82768,291.75526315789483,29,-1782.0,45,39,8575.0,True,False,bp,4.372549019607843
1456,4106.66612845784,66,19,-2,82820,82788,82854,82805,82832,276.95833333333337,27,-2307.0,32,34,6472.0,True,True,bp,4.372549019607843
1457,1802.6684710161803,80,-3,6,82897,82854,82934,82878,82918,117.01503759398494,40,473.0,43,37,5380.0,True,True,bp,4.372549019607843
1458,1242.50374185998,55,3,35,82979,82934,82989,82955,82986,63.09821428571429,31,2151.0,45,10,806.0,False,False,bp,4.372549019607843
1459,2762.3421192341957,82,20,2,83031,82989,83071,83020,83042,301.77272727272725,22,-3383.0,42,40,6850.0,False,False,bp,4.372549019607843
1460,1854.2757212297195,68,-12,8,83109,83071,83139,83084,83120,136.73272727272726,36,-1321.0,38,30,4649.0,True,True,bp,4.372549019607843
1461,712.9480787199519,82,-14,-46,83157,83139,83221,83144,83193,83.17948717948717,49,386.0,18,64,2498.0,True,False,bp,4.372549019607843
1462,1038.558050844571,50,-25,2,83247,83221,83271,83228,83263,71.01973684210526,35,-23.0,26,24,2145.0,False,False,bp,4.372549019607843
1463,297.68711299174186,35,-10,3,83290,83271,83306,83273,83303,14.407239819004527,30,1611.0,19,16,677.0,False,False,bp,4.372549019607843
1464,1648.535792221148,81,11,-1,83346,83306,83387,83323,83354,169.57336956521738,31,-1212.0,40,41,4179.0,False,False,bp,4.372549019607843
1465,2760.545702059175,52,18,0,83413,83387,83439,83396,83419,296.81372549019613,23,-4297.0,26,26,5016.0,True,True,bp,4.372549019607843
1466,1509.4185847178742,69,2,13,83480,83439,83508,83460,83499,77.12105263157895,39,-1913.0,41,28,3432.0,False,False,bp,4.372549019607843
1467,3165.871197018956,65,-3,21,83551,83508,83573,83540,83564,301.8356643356643,24,-7122.0,43,22,5969.0,False,False,bp,4.372549019607843
1468,686.3322561800331,42,-11,26,83607,83573,83615,83585,83611,79.60227272727272,26,-3330.0,34,8,827.0,False,False,bp,4.372549019607843
1469,309.34682967657045,40,-2,-10,83630,83615,83655,83626,83643,92.14423076923076,17,-3552.0,15,25,1354.0,True,True,bp,4.372549019607843
1470,81.30268245485794,34,3,-18,83663,83655,83689,83658,83677,84.11428571428571,19,-3128.0,8,26,1567.0,True,False,bp,4.372549019607843
1471,314.10857949564047,82,-17,-34,83713,83689,83771,83699,83747,32.43487394957983,48,-2355.0,24,58,1575.0,False,False,bp,4.372549019607843
1472,615.996705543599,83,-7,1,83813,83771,83854,83778,83821,151.60178571428568,43,-4338.0,42,41,3626.0,False,False,bp,4.372549019607843
1473,336.8021061137784,34,21,-14,83864,83854,83888,83857,83873,148.42857142857144,16,-2919.0,10,24,501.0,False,False,bp,4.372549019607843
1474,500.98455727803565,83,22,-31,83914,83888,83971,83910,83931,146.5147058823529,21,-3892.0,26,57,3609.0,False,False,bp,4.372549019607843
1475,751.6738605841223,34,14,-14,83981,83971,84005,83974,83992,110.83116883116884,18,-2334.0,10,24,2191.0,True,True,bp,4.372549019607843
1476,730.8628738038882,49,-1,33,84046,84005,84054,84024,84049,162.31060606060606,25,-3855.0,41,8,1381.0,False,False,bp,4.372549019607843
1477,752.8771567848761,51,21,-1,84079,84054,84105,84073,84092,241.7435897435897,19,-5810.0,25,26,3358.0,False,False,bp,4.372549019607843
1478,456.50772672731017,50,15,32,84146,84105,84155,84132,84149,144.88095238095238,17,-3639.0,41,9,1550.0,False,False,bp,4.372549019607843
1479,194.39395460547587,49,-6,23,84191,84155,84204,84181,84201,72.75,20,-4267.0,36,13,1282.0,False,False,bp,4.372549019607843
1480,546.7672628793152,98,1,-18,84244,84204,84302,84215,84264,99.86379310344827,49,-7221.0,40,58,5389.0,False,False,bp,4.372549019607843
1481,1009.492502258991,53,13,3,84330,84302,84355,84314,84343,79.19230769230771,29,-4788.0,28,25,3078.0,True,False,bp,4.372549019607843
1482,477.49095329024016,112,-13,4,84413,84355,84467,84385,84436,76.70652173913044,51,-4657.0,58,54,5032.0,False,False,bp,4.372549019607843
1483,544.0043271606844,36,13,-12,84479,84467,84503,84474,84484,207.1,10,-1354.0,12,24,2414.0,False,False,bp,4.372549019607843
1484,98.51133987005312,18,12,2,84513,84503,84521,84507,84517,132.16666666666666,10,-116.0,10,8,1224.0,False,False,bp,4.372549019607843
1485,258.9623134687693,33,16,19,84547,84521,84554,84539,84548,131.6875,9,-658.0,26,7,561.0,False,False,bp,4.372549019607843
1486,1092.2404250258364,56,20,-4,84580,84554,84610,84573,84587,212.5,14,-2641.0,26,30,3511.0,False,False,bp,4.372549019607843
1487,2387.156095161865,72,3,4,82193,82155,82227,82172,82204,238.021645021645,32,-2717.0,38,34,6821.0,False,False,bp,4.372549019607843
1488,2911.685516133295,61,6,-13,82251,82227,82288,82239,82271,206.6,32,-2084.0,24,37,5783.0,True,True,bp,4.372549019607843
1489,2335.474889050333,56,-9,18,82325,82288,82344,82309,82337,151.875,28,-1956.0,37,19,2832.0,True,False,bp,4.372549019607843
1490,831.0069424743507,49,22,-11,82363,82344,82393,82356,82367,298.5178571428571,11,-3109.0,19,30,2217.0,False,False,bp,4.372549019607843
1491,402.9877017070749,56,-9,-24,82409,82393,82449,82400,82433,49.40972222222222,33,-1826.0,16,40,3163.0,False,False,bp,4.372549019607843
1492,385.8098246280578,27,26,-1,82462,82449,82476,82457,82467,188.4,10,381.0,13,14,2592.0,False,False,bp,4.372549019607843
1493,1935.602444210409,74,8,2,82514,82476,82550,82503,82533,171.70574162679424,30,-2076.0,38,36,4054.0,True,True,bp,4.372549019607843
1494,2247.3998673686547,71,-1,-3,82584,82550,82621,82571,82598,206.8406593406593,27,-4372.0,34,37,5150.0,False,False,bp,4.372549019607843
1495,1194.3581534149084,35,8,-15,82631,82621,82656,82624,82645,141.14285714285714,21,-821.0,10,25,4899.0,False,False,bp,4.372549019607843
1496,1660.5887360784259,55,20,-7,82680,82656,82711,82674,82692,211.3333333333333,18,885.0,24,31,3686.0,True,True,bp,4.372549019607843
1497,2543.201615714981,70,-6,2,82747,82711,82781,82730,82764,189.5,34,-2244.0,36,34,6062.0,True,True,bp,4.372549019607843
1498,1604.9882383205884,74,13,-18,82809,82781,82855,82792,82831,100.07620320855615,39,236.0,28,46,3861.0,True,False,bp,4.372549019607843
1499,946.1613917432312,83,-4,35,82914,82855,82938,82883,82923,129.56810035842292,40,430.0,59,24,3460.0,True,False,bp,4.372549019607843
1500,1424.7565413861155,66,2,8,82975,82938,83004,82959,82987,106.02083333333334,28,358.0,37,29,2448.0,True,True,bp,4.372549019607843
1501,1477.0639334478408,51,14,7,83033,83004,83055,83017,83038,195.4875,21,-1433.0,29,22,3056.0,True,True,bp,4.372549019607843
1502,1273.6331852060025,67,2,7,83092,83055,83122,83073,83107,114.26842105263158,34,-1205.0,37,30,4624.0,True,True,bp,4.372549019607843
1503,1118.1083096144328,66,-5,16,83163,83122,83188,83143,83181,76.6472222222222,38,-177.0,41,25,2155.0,True,True,bp,4.372549019607843
1504,476.5905735911104,78,-15,6,83230,83188,83266,83214,83253,23.61820652173913,39,-87.0,42,36,1740.0,True,True,bp,4.372549019607843
1505,804.0408576334887,57,7,-27,83281,83266,83323,83277,83302,178.8214285714286,25,-531.0,15,42,2651.0,True,True,bp,4.372549019607843
1506,1042.0461616116354,48,18,0,83347,83323,83371,83334,83353,154.71153846153842,19,-613.0,24,24,2490.0,True,False,bp,4.372549019607843
1507,325.68830349842295,83,-36,37,83431,83371,83454,83390,83447,38.89481707317073,57,-773.0,60,23,1647.0,True,False,bp,4.372549019607843
1508,1499.9277775215362,67,16,-15,83480,83454,83521,83468,83490,190.15,22,-2403.0,26,41,4603.0,True,True,bp,4.372549019607843
1509,2424.5715496652115,51,6,-1,83546,83521,83572,83528,83554,230.61805555555557,26,-3545.0,25,26,4875.0,True,True,bp,4.372549019607843
1510,816.7901452765888,67,20,15,83613,83572,83639,83586,83626,99.6965811965812,40,-2312.0,41,26,2353.0,True,True,bp,4.372549019607843
1511,694.3004418844789,98,-24,42,83709,83639,83737,83686,83730,49.05279503105589,44,-2152.0,70,28,3537.0,True,False,bp,4.372549019607843
1512,356.1542684038048,34,14,18,83763,83737,83771,83750,83767,106.91346153846158,17,-648.0,26,8,1321.0,False,False,bp,4.372549019607843
1513,181.5242338071245,72,5,52,83833,83771,83843,83798,83838,84.81428571428572,40,-2397.0,62,10,1888.0,False,False,bp,4.372549019607843
1514,291.81595433311884,98,-27,10,83897,83843,83941,83883,83928,68.73617511520737,45,-3151.0,54,44,2680.0,False,False,bp,4.372549019607843
1515,149.76214457755074,31,-6,3,83958,83941,83972,83946,83969,30.88636363636364,23,-975.0,17,14,1147.0,False,False,bp,4.372549019607843
1516,370.8830763447036,61,1,-15,83995,83972,84033,83986,84012,88.17320261437908,26,-2253.0,23,38,1715.0,False,False,bp,4.372549019607843
1517,235.7546679023501,33,12,-7,84046,84033,84066,84039,84051,132.74285714285713,12,-2647.0,13,20,1072.0,True,False,bp,4.372549019607843
1518,348.92568121849564,25,16,3,84080,84066,84091,84075,84084,239.925,9,-3328.0,14,11,2364.0,True,False,bp,4.372549019607843
1519,847.2272441442391,81,-13,-29,84117,84091,84172,84109,84152,116.83035714285714,43,-3658.0,26,55,3671.0,True,False,bp,4.372549019607843
1520,621.9852386370767,33,17,9,84193,84172,84205,84182,84195,67.47727272727272,13,-3111.0,21,12,184.0,False,False,bp,4.372549019607843
1521,214.31405362951443,38,3,10,84229,84205,84243,84225,84236,212.30357142857144,11,-5833.0,24,14,748.0,False,False,bp,4.372549019607843
1522,331.6145072210655,50,-14,-10,84263,84243,84293,84250,84279,69.875,29,-6461.0,20,30,3811.0,False,False,bp,4.372549019607843
1523,647.3517036842753,48,-11,-18,84308,84293,84341,84294,84332,59.98809523809525,38,-3930.0,15,33,2790.0,False,False,bp,4.372549019607843
1524,805.5314265537702,47,3,-3,84363,84341,84388,84359,84374,207.3068181818182,15,-2920.0,22,25,2858.0,True,True,bp,4.372549019607843
1525,458.7943610728817,34,-6,16,84413,84388,84422,84392,84416,102.76190476190477,24,-2205.0,25,9,981.0,False,False,bp,4.372549019607843
1526,618.7819830369524,67,6,-25,84443,84422,84489,84434,84465,108.489898989899,31,-2380.0,21,46,3791.0,False,False,bp,4.372549019607843
1527,1888.168106384544,60,-2,-18,84510,84489,84549,84502,84531,183.202380952381,29,-2429.0,21,39,5057.0,True,True,bp,4.372549019607843
1528,2800.0534405549406,54,4,-22,84565,84549,84603,84558,84584,294.2706766917293,26,-3722.0,16,38,4719.0,True,True,bp,4.372549019607843
1529,1839.1556812053248,66,-2,18,85947,85905,85971,85929,85961,134.47619047619048,32,-316.0,42,24,4744.0,True,True,bp,-0.6140350877192983
1530,1323.726649115575,67,3,17,86013,85971,86038,85991,86024,90.36363636363636,33,540.0,42,25,2099.0,True,True,bp,-0.6140350877192983
1531,557.5282981005779,89,-3,27,86096,86038,86127,86060,86105,106.95833333333331,45,-1121.0,58,31,3010.0,True,True,bp,-0.6140350877192983
1532,1185.1290131115766,61,21,9,86162,86127,86188,86147,86167,152.9,20,175.0,35,26,3203.0,True,True,bp,-0.6140350877192983
1533,1487.6339970812635,82,9,0,86229,86188,86270,86208,86242,157.13186813186815,34,-1173.0,41,41,5215.0,True,True,bp,-0.6140350877192983
1534,518.3503052621909,84,-53,4,86314,86270,86354,86285,86348,38.585699797160245,63,949.0,44,40,1495.0,False,False,bp,-0.6140350877192983
1535,195.2350087252106,51,17,-33,86363,86354,86405,86358,86383,135.7,25,748.0,9,42,2602.0,True,True,bp,-0.6140350877192983
1536,431.78798189913385,83,-1,-31,86431,86405,86488,86425,86458,114.0925925925926,33,1026.0,26,57,836.0,False,False,bp,-0.6140350877192983
1537,725.9686670540826,49,-4,-33,86496,86488,86537,86490,86520,89.5625,30,794.0,8,41,3101.0,False,False,bp,-0.6140350877192983
1538,614.2421028558772,81,-23,37,86596,86537,86618,86546,86601,113.8,55,1140.0,59,22,2385.0,True,False,bp,-0.6140350877192983
1539,726.706538861492,50,-4,6,86646,86618,86668,86633,86656,136.31538461538463,23,1058.0,28,22,1985.0,True,True,bp,-0.6140350877192983
1540,1376.3262370702887,53,-6,-9,86690,86668,86721,86675,86707,108.26862745098042,32,-297.0,22,31,3293.0,True,True,bp,-0.6140350877192983
1541,847.0580437971058,67,7,17,86763,86721,86788,86733,86775,78.65,42,-730.0,42,25,1209.0,False,False,bp,-0.6140350877192983
1542,1199.2885098142478,82,8,4,86831,86788,86870,86824,86847,210.17857142857144,23,-2978.0,43,39,4064.0,False,False,bp,-0.6140350877192983
1543,481.9918072202163,96,-37,58,86947,86870,86966,86878,86950,172.16666666666663,72,-3461.0,77,19,2257.0,False,False,bp,-0.6140350877192983
1544,793.8297372087584,89,-8,-5,87008,86966,87055,86985,87026,105.47826086956522,41,-5654.0,42,47,4794.0,False,False,bp,-0.6140350877192983
1545,268.5542612429748,29,8,-7,87066,87055,87084,87059,87074,115.11607142857143,15,-1844.0,11,18,2089.0,False,False,bp,-0.6140350877192983
1546,276.9320252591337,38,-3,12,87109,87084,87122,87097,87119,27.84166666666667,22,-504.0,25,13,1187.0,False,False,bp,-0.6140350877192983
1547,759.509046311902,38,6,10,87146,87122,87160,87138,87153,161.30357142857144,15,-2505.0,24,14,1885.0,False,False,bp,-0.6140350877192983
1548,376.07972414371187,43,16,-3,87180,87160,87203,87174,87190,133.75,16,-2696.0,20,23,1460.0,True,False,bp,-0.6140350877192983
1549,375.1587513753576,101,-15,-47,87230,87203,87304,87222,87273,127.6061046511628,51,-4091.0,27,74,4296.0,False,False,bp,-0.6140350877192983
1550,1064.8729858058473,51,7,-31,87314,87304,87355,87309,87335,138.7190476190476,26,-1941.0,10,41,2121.0,False,False,bp,-0.6140350877192983
1551,416.9015238946588,50,-15,8,87384,87355,87405,87368,87400,33.09375,32,-1092.0,29,21,1540.0,True,True,bp,-0.6140350877192983
1552,381.5813759205279,50,-9,2,87431,87405,87455,87417,87443,67.375,26,-1222.0,26,24,1779.0,True,True,bp,-0.6140350877192983
1553,798.4224721180894,33,-2,-11,87466,87455,87488,87460,87478,176.0,18,-1779.0,11,22,3105.0,True,True,bp,-0.6140350877192983
1554,844.9747842155334,50,7,-12,87507,87488,87538,87494,87518,93.08041958041956,24,-1220.0,19,31,1624.0,True,False,bp,-0.6140350877192983
1555,493.6611051817897,65,-24,17,87579,87538,87603,87549,87591,56.56666666666666,42,-2147.0,41,24,1752.0,True,False,bp,-0.6140350877192983
1556,249.9511983274398,35,13,-15,87613,87603,87638,87609,87619,188.875,10,-1667.0,10,25,2324.0,True,False,bp,-0.6140350877192983
1557,168.6816831935069,27,18,-9,87647,87638,87665,87642,87650,283.2,8,-1562.0,9,18,1887.0,True,False,bp,-0.6140350877192983
1558,562.0581780811067,55,-19,7,87696,87665,87720,87676,87714,51.70555555555556,38,-1726.0,31,24,1809.0,True,False,bp,-0.6140350877192983
1559,256.86455733580726,34,11,8,87741,87720,87754,87733,87748,76.28571428571428,15,-918.0,21,13,1553.0,True,True,bp,-0.6140350877192983
1560,404.31974735080735,34,39,12,87777,87754,87788,87774,87784,184.14285714285717,10,-555.0,23,11,2474.0,False,False,bp,-0.6140350877192983
1561,349.20246717303087,99,-4,49,87862,87788,87887,87833,87869,80.94088669950739,36,-1433.0,74,25,2203.0,True,True,bp,-0.6140350877192983
1562,685.0948824522081,78,-10,-24,87914,87887,87965,87901,87941,74.61680911680914,40,-1447.0,27,51,3851.0,True,True,bp,-0.6140350877192983
1563,628.9936897903957,58,-20,-26,87981,87965,88023,87971,88009,75.98214285714286,38,311.0,16,42,2295.0,False,False,bp,-0.6140350877192983
1564,220.58356752614097,42,14,-28,88030,88023,88065,88027,88043,120.98717948717949,16,1467.0,7,35,1864.0,False,False,bp,-0.6140350877192983
1565,1810.263030720368,40,16,-6,88082,88065,88105,88073,88097,164.48888888888888,24,-428.0,17,23,3401.0,False,False,bp,-0.6140350877192983
1566,1930.810747560229,83,10,1,88147,88105,88188,88137,88168,187.0642857142857,31,-2012.0,42,41,5268.0,True,False,bp,-0.6140350877192983
1567,1144.8390002782055,53,-10,21,88225,88188,88241,88209,88233,118.46875,24,-1788.0,37,16,1236.0,False,False,bp,-0.6140350877192983
1568,369.7358199165807,47,25,-13,88258,88241,88288,88247,88265,97.73376623376623,18,-2083.0,17,30,2576.0,True,False,bp,-0.6140350877192983
1569,760.4267105866687,63,-16,9,88324,88288,88351,88308,88341,59.623161764705884,33,-2687.0,36,27,1729.0,True,True,bp,-0.6140350877192983
1570,743.4742867264389,85,8,-53,88367,88351,88436,88358,88395,56.692460317460316,37,-2118.0,16,69,4341.0,False,False,bp,-0.6140350877192983
1571,449.66755961961684,35,-20,17,88462,88436,88471,88440,88467,83.06818181818181,27,-179.0,26,9,1077.0,False,False,bp,-0.6140350877192983
1572,169.0769417449071,37,12,-19,88480,88471,88508,88474,88493,138.1474358974359,19,-886.0,9,28,1492.0,True,False,bp,-0.6140350877192983
1573,538.9544254504293,42,13,0,88529,88508,88550,88524,88535,159.71666666666667,11,-423.0,21,21,2627.0,False,False,bp,-0.6140350877192983
1574,706.7019608399379,54,21,-18,88568,88550,88604,88559,88578,95.13333333333333,19,209.0,18,36,1614.0,True,True,bp,-0.6140350877192983
1575,234.80925420872012,51,34,-1,88629,88604,88655,88618,88632,146.03030303030303,14,480.0,25,26,1663.0,True,True,bp,-0.6140350877192983
1576,424.632939006922,50,-6,32,88696,88655,88705,88680,88700,92.625,20,718.0,41,9,1706.0,True,False,bp,-0.6140350877192983
1577,779.9687597618738,50,-11,2,88731,88705,88755,88714,88748,55.352941176470594,34,516.0,26,24,2301.0,False,False,bp,-0.6140350877192983
1578,2336.135192059194,49,8,1,88780,88755,88804,88771,88787,327.88095238095235,16,-2476.0,25,24,5715.0,False,False,bp,-0.6140350877192983
1579,1026.898449972824,49,-14,1,88829,88804,88853,88811,88842,73.33974358974359,31,76.0,25,24,1554.0,False,False,bp,-0.6140350877192983
1580,281.7944565557653,34,4,-14,88863,88853,88887,88859,88875,129.75,16,350.0,10,24,1339.0,True,True,bp,-0.6140350877192983
1581,648.7954741771456,34,7,18,88913,88887,88921,88895,88917,188.86111111111111,22,-89.0,26,8,2637.0,True,False,bp,-0.6140350877192983
1582,284.72378365839523,67,2,17,88963,88921,88988,88946,88969,101.02450980392156,23,722.0,42,25,2230.0,True,False,bp,-0.6140350877192983
1583,780.1107917369898,51,-17,-3,89012,88988,89039,88994,89033,55.71031746031746,39,1743.0,24,27,3161.0,False,False,bp,-0.6140350877192983
1584,1055.565895389397,65,-13,15,89079,89039,89104,89055,89092,92.79647435897436,37,1715.0,40,25,3012.0,True,True,bp,-0.6140350877192983
1585,932.2261343233687,83,23,-29,89131,89104,89187,89116,89146,94.76666666666668,30,1949.0,27,56,3026.0,False,False,bp,-0.6140350877192983
1586,2694.2884052532504,56,18,-6,89212,89187,89243,89199,89221,276.44444444444446,22,-1656.0,25,31,5556.0,False,False,bp,-0.6140350877192983
1587,1671.590380876389,61,22,9,89278,89243,89304,89261,89283,173.12941176470588,22,337.0,35,26,2738.0,True,True,bp,-0.6140350877192983
1588,1290.5713907937425,67,16,17,89346,89304,89371,89327,89355,139.593567251462,28,-165.0,42,25,3533.0,True,True,bp,-0.6140350877192983
1589,217.8254007089789,53,9,31,89413,89371,89424,89399,89417,62.60714285714285,18,842.0,42,11,452.0,False,False,bp,-0.6140350877192983
1590,940.6550109705851,64,0,-12,89450,89424,89488,89444,89468,119.0,24,-56.0,26,38,4139.0,False,False,bp,-0.6140350877192983
1591,961.4035643946094,45,-13,5,89513,89488,89533,89492,89523,91.62380952380951,31,1528.0,25,20,1181.0,False,False,bp,-0.6140350877192983
1592,349.42186711102937,21,13,-1,89543,89533,89554,89541,89551,59.625,10,2470.0,10,11,718.0,False,False,bp,-0.6140350877192983
1593,495.73293062210536,50,1,2,89580,89554,89604,89574,89590,195.46666666666667,16,508.0,26,24,1616.0,False,False,bp,-0.6140350877192983
1594,385.93495911799783,33,25,-15,89613,89604,89637,89607,89622,160.88888888888889,15,-162.0,9,24,1292.0,False,False,bp,-0.6140350877192983
1595,643.8088554702833,68,-25,46,89694,89637,89705,89662,89701,78.89508928571428,39,-2647.0,57,11,1806.0,False,False,bp,-0.6140350877192983
1596,733.7448403959419,77,-1,5,89746,89705,89782,89715,89759,102.22952853598015,44,-4173.0,41,36,2598.0,True,False,bp,-0.6140350877192983
1597,739.5596583492153,37,6,25,89813,89782,89819,89802,89815,255.02272727272725,13,-4638.0,31,6,2272.0,True,False,bp,-0.6140350877192983
1598,468.36327918956215,47,10,7,89846,89819,89866,89834,89851,184.65,17,-4485.0,27,20,2547.0,True,True,bp,-0.6140350877192983
1599,687.0022255084782,62,48,-32,89881,89866,89928,89878,89894,230.61538461538458,16,-3649.0,15,47,3053.0,True,False,bp,-0.6140350877192983
1600,527.6869923167428,76,-8,-6,89963,89928,90004,89958,89990,195.825925925926,32,-3542.0,35,41,2298.0,True,False,bp,-0.6140350877192983
1601,275.7836959839592,34,9,16,90029,90004,90038,90014,90031,131.5,17,-3923.0,25,9,1665.0,True,False,bp,-0.6140350877192983
1602,401.22644271551627,66,-5,14,90078,90038,90104,90057,90089,138.52597402597405,32,-3245.0,40,26,3194.0,False,False,bp,-0.6140350877192983
1603,209.42768895714008,33,-8,17,90129,90104,90137,90116,90133,126.625,17,-1623.0,25,8,1372.0,False,False,bp,-0.6140350877192983
1604,44.14040827817807,33,8,-15,90146,90137,90170,90142,90158,82.75,16,-1440.0,9,24,749.0,False,False,bp,-0.6140350877192983
1605,300.29792813691967,35,-6,17,90196,90170,90205,90182,90201,124.54285714285713,19,-3048.0,26,9,2076.0,False,False,bp,-0.6140350877192983
1606,412.15762549176657,49,-24,11,90235,90205,90254,90214,90247,22.029761904761905,33,-3822.0,30,19,1658.0,True,True,bp,-0.6140350877192983
1607,177.7096730159573,34,12,-16,90263,90254,90288,90256,90269,108.17857142857143,13,-3742.0,9,25,1352.0,True,True,bp,-0.6140350877192983
1608,1005.763876196214,33,2,-11,90299,90288,90321,90294,90315,184.93125,21,-3962.0,11,22,3665.0,False,False,bp,-0.6140350877192983
1609,387.9873374757914,84,-27,-2,90362,90321,90405,90338,90392,60.14166666666666,54,-3838.0,41,43,3519.0,True,False,bp,-0.6140350877192983
1610,487.19072257644655,50,11,34,90447,90405,90455,90419,90451,110.98214285714286,32,-2558.0,42,8,1739.0,True,False,bp,-0.6140350877192983
1611,755.6725050536862,84,-23,34,90514,90455,90539,90494,90530,75.10625,36,-2981.0,59,25,3230.0,False,False,bp,-0.6140350877192983
1612,295.4256885679283,87,-18,-41,90562,90539,90626,90543,90600,34.90789473684211,57,-1201.0,23,64,2325.0,False,False,bp,-0.6140350877192983
1613,957.4302514971267,45,29,-7,90645,90626,90671,90639,90652,190.97619047619045,13,-419.0,19,26,3373.0,False,False,bp,-0.6140350877192983
1614,731.048616894897,50,10,26,90709,90671,90721,90694,90714,125.5,20,-288.0,38,12,1759.0,True,True,bp,-0.6140350877192983
1615,337.57186023422724,83,-32,33,90779,90721,90804,90744,90797,42.7063492063492,53,-1463.0,58,25,1883.0,True,True,bp,-0.6140350877192983
1616,937.0750803626804,50,15,0,90829,90804,90854,90818,90840,109.22727272727272,22,-1828.0,25,25,3344.0,True,True,bp,-0.6140350877192983
1617,524.3173607502655,83,-17,1,90896,90854,90937,90877,90925,65.11615245009074,48,-1695.0,42,41,2114.0,True,False,bp,-0.6140350877192983
1618,568.0107946227406,38,5,10,90961,90937,90975,90956,90971,148.65,15,-1590.0,24,14,1916.0,True,False,bp,-0.6140350877192983
1619,293.1507610947304,46,2,-4,90996,90975,91021,90991,91008,130.34166666666667,17,-1286.0,21,25,1459.0,True,True,bp,-0.6140350877192983
1620,91.92932608774082,31,18,-7,91033,91021,91052,91027,91041,77.14583333333334,14,-783.0,12,19,867.0,False,False,bp,-0.6140350877192983
1621,370.2216858204217,85,7,-29,91080,91052,91137,91073,91108,111.46428571428572,35,-2317.0,28,57,2465.0,False,False,bp,-0.6140350877192983
1622,627.3278861421287,77,-7,-17,91167,91137,91214,91150,91190,74.44501278772378,40,-3290.0,30,47,2403.0,True,False,bp,-0.6140350877192983
1623,699.7910769261664,40,-4,-10,91229,91214,91254,91223,91248,102.17543859649122,25,-2820.0,15,25,1635.0,True,False,bp,-0.6140350877192983
1624,547.1247666451396,66,-1,-24,91275,91254,91320,91269,91304,102.90517241379312,35,-2947.0,21,45,3826.0,False,False,bp,-0.6140350877192983
1625,565.0162682197924,67,-5,-7,91350,91320,91387,91338,91372,74.59848484848484,34,-442.0,30,37,1768.0,False,False,bp,-0.6140350877192983
1626,532.3947418758084,67,-29,-3,91419,91387,91454,91401,91448,54.45977011494253,47,-941.0,32,35,2187.0,True,False,bp,-0.6140350877192983
1627,528.6232454010591,37,-7,13,91479,91454,91491,91466,91483,193.2980769230769,17,-995.0,25,12,2453.0,False,False,bp,-0.6140350877192983
1628,498.3764493728533,45,-27,-23,91502,91491,91536,91493,91530,63.90873015873015,37,434.0,11,34,2927.0,False,False,bp,-0.6140350877192983
1629,1041.8362044131577,57,14,-31,91549,91536,91593,91540,91562,158.76923076923075,22,142.0,13,44,2952.0,False,False,bp,-0.6140350877192983
1630,708.1679528104908,61,-6,-27,91610,91593,91654,91598,91639,67.73850574712644,41,1861.0,17,44,2668.0,False,False,bp,-0.6140350877192983
1631,1328.20539638493,50,8,2,91680,91654,91704,91674,91699,208.31578947368425,25,979.0,26,24,2909.0,True,False,bp,-0.6140350877192983
1632,360.3942553641577,89,-13,29,91763,91704,91793,91732,91775,43.83064516129032,43,434.0,59,30,2088.0,True,False,bp,-5.145833333333333
1633,949.1287701515582,45,13,-5,91813,91793,91838,91805,91833,111.5375,28,-100.0,20,25,1525.0,False,False,bp,-5.145833333333333
1634,384.8596386403528,99,-16,49,91912,91838,91937,91874,91925,37.98987854251012,51,-2891.0,74,25,1388.0,False,False,bp,-5.145833333333333
1635,433.3107088628552,103,-33,39,92008,91937,92040,91960,92021,100.91746794871794,61,-4340.0,71,32,2444.0,False,False,bp,-5.145833333333333
1636,279.58702841051775,31,-7,13,92062,92040,92071,92049,92065,140.26923076923077,16,-3281.0,22,9,1802.0,True,False,bp,-5.145833333333333
1637,150.53632706383655,33,-6,-15,92080,92071,92104,92074,92101,96.5595238095238,27,-2959.0,9,24,1425.0,True,False,bp,-5.145833333333333
1638,528.9831296189041,51,1,1,92130,92104,92155,92122,92142,92.20833333333334,20,-3216.0,26,25,1886.0,True,True,bp,-5.145833333333333
1639,231.852184201858,63,-1,-23,92175,92155,92218,92163,92193,27.63888888888889,30,-2783.0,20,43,1824.0,True,False,bp,-5.145833333333333
1640,486.78442242326486,35,4,-11,92230,92218,92253,92222,92242,119.0,20,-2833.0,12,23,2189.0,True,False,bp,-5.145833333333333
1641,363.8798704035526,68,-26,-16,92279,92253,92321,92266,92309,51.18846153846154,43,-2918.0,26,42,2352.0,True,False,bp,-5.145833333333333
1642,525.3750399935622,33,-6,-15,92330,92321,92354,92326,92350,147.375,24,-2366.0,9,24,1774.0,True,False,bp,-5.145833333333333
1643,447.5622031034503,83,-18,-33,92379,92354,92437,92368,92414,64.94935064935065,46,-2534.0,25,58,3084.0,True,False,bp,-5.145833333333333
1644,780.3859597978894,51,-1,-1,92462,92437,92488,92442,92472,83.1,30,-2842.0,25,26,1609.0,False,False,bp,-0.6140350877192983
1645,635.1812596900634,45,7,-3,92509,92488,92533,92501,92517,131.4375,16,-3215.0,21,24,2224.0,True,True,bp,-0.6140350877192983
1646,719.2276514276689,38,10,-6,92549,92533,92571,92540,92556,128.77777777777777,16,-2327.0,16,22,2678.0,False,False,bp,-0.6140350877192983
1647,607.4903231858879,50,22,-10,92591,92571,92621,92582,92605,115.83730158730158,23,-1355.0,20,30,2224.0,True,False,bp,-0.6140350877192983
1648,445.14490457077255,79,-3,35,92678,92621,92700,92650,92682,131.83928571428572,32,-1373.0,57,22,1768.0,True,False,bp,-0.6140350877192983
1649,1003.3013420482073,48,-3,10,92729,92700,92748,92711,92736,130.74603174603178,25,-2073.0,29,19,2643.0,True,True,bp,-0.6140350877192983
1650,548.7565858827443,39,-6,-9,92763,92748,92787,92758,92776,124.83846153846152,18,-1328.0,15,24,1362.0,True,True,bp,-0.6140350877192983
1651,230.05421029614342,34,2,-24,92792,92787,92821,92788,92809,115.51470588235294,21,-1056.0,5,29,2302.0,False,False,bp,-0.6140350877192983
1652,466.6466384713004,50,11,-2,92845,92821,92871,92832,92858,51.46153846153847,26,-492.0,24,26,1581.0,True,True,bp,-0.6140350877192983
1653,355.38106781538664,83,-33,33,92929,92871,92954,92895,92951,38.09358288770053,56,-2004.0,58,25,1434.0,False,False,bp,-0.6140350877192983
1654,472.1378741368479,83,-42,3,92997,92954,93037,92974,93029,41.78057065217392,55,-2678.0,43,40,2533.0,True,True,bp,-0.6140350877192983
1655,223.0609503537917,95,-34,-9,93080,93037,93132,93042,93110,32.34561403508772,68,-2615.0,43,52,1988.0,False,False,bp,-0.6140350877192983
1656,416.26296325388495,38,-2,-6,93148,93132,93170,93144,93164,89.15625,20,-1409.0,16,22,2023.0,False,False,bp,-0.6140350877192983
1657,482.2509434147377,68,1,-26,93191,93170,93238,93182,93219,48.16269841269842,37,-875.0,21,47,1044.0,True,False,bp,-0.6140350877192983
1658,865.4409407820938,82,17,-10,93274,93238,93320,93257,93284,96.3264705882353,27,-1888.0,36,46,3596.0,False,False,bp,-0.6140350877192983
1659,663.5598346767806,51,-1,-9,93341,93320,93371,93328,93352,80.25174825174825,24,386.0,21,30,3025.0,False,False,bp,-0.6140350877192983
1660,182.64167197877688,28,16,-10,93380,93371,93399,93375,93384,213.575,9,1814.0,9,19,1867.0,True,True,bp,-0.6140350877192983
1661,428.77463534086166,23,18,3,93412,93399,93422,93409,93419,159.04761904761904,10,2375.0,13,10,1447.0,False,False,bp,-0.6140350877192983
1662,641.0074974314737,115,-23,-31,93464,93422,93537,93447,93506,77.6484593837535,59,201.0,42,73,4209.0,False,False,bp,-0.6140350877192983
1663,605.7770589909886,35,12,-13,93548,93537,93572,93542,93557,111.86111111111113,15,2267.0,11,24,1119.0,True,False,bp,-0.6140350877192983
1664,780.9003118955551,62,7,-14,93596,93572,93634,93584,93609,92.96153846153842,25,1270.0,24,38,3444.0,True,False,bp,-0.6140350877192983
1665,669.0053851463321,54,-4,-30,93646,93634,93688,93641,93675,139.73448275862071,34,2536.0,12,42,1861.0,False,False,bp,-0.6140350877192983
1666,2246.5086033243797,55,-7,3,93717,93688,93743,93705,93734,182.66911764705884,29,-392.0,29,26,4641.0,False,False,bp,-0.6140350877192983
1667,854.2217656692874,78,-10,-38,93763,93743,93821,93756,93797,126.89495798319328,41,2145.0,20,58,5154.0,False,False,bp,-0.6140350877192983
1668,1896.6783907770819,49,31,-5,93843,93821,93870,93828,93851,157.525,23,4578.0,22,27,4040.0,False,False,bp,-0.6140350877192983
1669,2741.6935461269964,96,0,22,93929,93870,93966,93905,93941,236.41666666666663,36,-527.0,59,37,6788.0,False,False,bp,-0.6140350877192983
1670,1551.403178678176,88,28,-24,93998,93966,94054,93977,94013,89.34761904761903,36,2566.0,32,56,3431.0,True,True,bp,-0.6140350877192983
1671,2180.78639464877,66,-4,10,94092,94054,94120,94077,94102,235.05,25,1490.0,38,28,5869.0,False,False,bp,-0.6140350877192983
1672,590.2255755113307,34,9,-16,94129,94120,94154,94123,94142,128.93589743589746,19,5871.0,9,25,3430.0,False,False,bp,0.0
1673,3452.0256593431927,56,31,-2,94181,94154,94210,94170,94196,310.03636363636366,26,202.0,27,29,5633.0,False,False,bp,0.0
1674,2193.7848065661765,110,28,-4,94263,94210,94320,94253,94283,235.0,30,-389.0,53,57,6056.0,True,False,bp,0.0
1675,2576.0468311437685,68,15,8,94358,94320,94388,94341,94365,264.0840336134454,24,-530.0,38,30,5222.0,True,False,bp,0.0
1676,1109.7128821134309,83,-14,-31,94414,94388,94471,94404,94448,133.93529411764706,44,649.0,26,57,3421.0,True,True,bp,0.0
1677,2238.718325203153,50,15,0,94496,94471,94521,94478,94510,143.44047619047618,32,-531.0,25,25,4639.0,True,True,bp,0.0
1678,1914.5803756952039,83,4,27,94576,94521,94604,94557,94588,178.953947368421,31,-1236.0,55,28,5196.0,True,True,bp,0.0
1679,1903.9258962040064,83,19,-23,94634,94604,94687,94623,94657,191.8181818181818,34,-2224.0,30,53,3629.0,True,True,bp,0.0
1680,2363.1987877816737,68,-3,16,94729,94687,94755,94710,94736,240.08646616541355,26,-3653.0,42,26,5259.0,False,False,bp,0.0
1681,515.1978632670217,32,-4,-14,94764,94755,94787,94759,94779,88.6,20,612.0,9,23,2334.0,False,False,bp,0.0
1682,2103.1057712416737,51,31,-5,94810,94787,94838,94795,94824,177.15952380952382,29,-2547.0,23,28,3760.0,False,False,bp,0.0
1683,1303.158742659932,100,-3,18,94897,94838,94938,94884,94915,133.16239316239316,31,-2831.0,59,41,4418.0,False,False,bp,0.0
1684,408.1963871194457,43,30,-25,94947,94938,94981,94943,94951,181.375,8,-86.0,9,34,1679.0,False,False,bp,0.0
1685,1530.2383877679606,53,3,-23,94996,94981,95034,94989,95013,209.86134453781517,24,-2756.0,15,38,3292.0,False,False,bp,0.0
1686,738.4840634182723,65,30,-41,95046,95034,95099,95040,95058,162.45833333333334,18,-1824.0,12,53,3013.0,True,False,bp,0.0
1687,572.6551058567172,28,17,-4,95111,95099,95127,95106,95118,163.5285714285714,12,-711.0,12,16,1563.0,True,False,bp,0.0
1688,344.5314561261283,44,6,26,95162,95127,95171,95147,95164,130.15,17,-1552.0,35,9,1264.0,True,True,bp,0.0
1689,720.0508005336333,50,-6,6,95199,95171,95221,95187,95215,71.98958333333334,28,-2695.0,28,22,1731.0,True,False,bp,0.0
1690,880.0807945095697,94,16,-44,95246,95221,95315,95237,95272,129.13888888888889,35,-3975.0,25,69,3628.0,True,False,bp,0.0
1691,1466.6327865675516,56,16,6,95346,95315,95371,95323,95353,162.47826086956522,30,-4133.0,31,25,3589.0,True,False,bp,0.0
1692,539.19396069153,99,6,9,95425,95371,95470,95399,95433,78.09134615384616,34,-3093.0,54,45,1768.0,True,False,bp,0.0
1693,125.55452067968044,22,8,-6,95478,95470,95492,95473,95486,82.0375,13,-2680.0,8,14,559.0,False,False,bp,0.0
1694,423.8586997254413,45,-4,-3,95513,95492,95537,95507,95525,133.79166666666666,18,-4346.0,21,24,1614.0,False,False,bp,0.0
1695,168.0539319561523,49,15,-29,95547,95537,95586,95539,95558,128.14204545454544,19,-4454.0,10,39,2453.0,False,False,bp,0.0
1696,480.17267666451113,34,1,-16,95595,95586,95620,95592,95615,120.875,23,-2991.0,9,25,1769.0,False,False,bp,0.0
1697,519.6538047945348,84,-16,4,95664,95620,95704,95639,95680,66.07875,41,-4859.0,44,40,2002.0,False,False,bp,0.0
1698,281.48686618029143,80,4,-64,95712,95704,95784,95705,95746,42.94957983193277,41,-3310.0,8,72,2347.0,False,False,bp,0.0
1699,1042.369675918486,36,5,-10,95797,95784,95820,95791,95814,142.80392156862746,23,-3366.0,13,23,2953.0,True,False,bp,0.0
1700,878.1721512354184,73,2,-1,95856,95820,95893,95842,95875,92.07330827067669,33,-3348.0,36,37,2012.0,True,False,bp,0.0
1701,1152.7611374242595,65,-23,7,95929,95893,95958,95910,95949,85.4592105263158,39,-3332.0,36,29,4382.0,False,False,bp,0.0
1702,1405.5178237104965,79,26,-45,95975,95958,96037,95965,95992,182.53529411764703,27,-3619.0,17,62,5732.0,True,False,bp,0.0
1703,1154.2065119190706,50,-6,-6,96059,96037,96087,96045,96075,89.04910714285714,30,-1121.0,22,28,2075.0,True,True,bp,0.0
1704,823.2171915916376,51,-13,-1,96112,96087,96138,96099,96134,80.40734265734267,35,-2342.0,25,26,1987.0,True,False,bp,0.0
1705,344.1922888367762,99,-44,-9,96183,96138,96237,96156,96225,43.773809523809526,69,-2917.0,45,54,2693.0,True,False,bp,0.0
1706,373.522274098546,88,9,-38,96262,96237,96325,96250,96292,80.225,42,-2828.0,25,63,2969.0,True,False,bp,0.0
1707,1265.0499945281686,43,-7,7,96350,96325,96368,96343,96363,187.23076923076923,20,-2970.0,25,18,3156.0,True,False,bp,0.0
1708,689.2020956946914,49,7,5,96395,96368,96417,96376,96401,69.22368421052633,25,-2142.0,27,22,1751.0,True,True,bp,0.0
1709,848.5604166676279,54,11,6,96447,96417,96471,96433,96458,106.87987012987013,25,-2074.0,30,24,3208.0,True,False,bp,0.0
1710,615.4294678530712,100,-29,18,96530,96471,96571,96494,96549,80.82894736842105,55,-2850.0,59,41,3704.0,True,False,bp,0.0
1711,812.9866006203545,32,3,-14,96580,96571,96603,96575,96598,164.69444444444446,23,-1599.0,9,23,1555.0,True,False,bp,0.0
1712,753.1390628847246,67,4,-15,96629,96603,96670,96624,96646,154.0529411764706,22,-2462.0,26,41,2346.0,False,False,bp,0.0
1713,170.5556428158278,68,16,-50,96679,96670,96738,96672,96708,53.044334975369466,36,-1063.0,9,59,1671.0,False,False,bp,0.0
1714,545.730615940131,66,22,-12,96765,96738,96804,96760,96780,155.46666666666667,20,-1569.0,27,39,1150.0,False,False,bp,0.0
1715,473.61874487342413,50,-2,0,96829,96804,96854,96822,96840,133.974025974026,18,-2763.0,25,25,1040.0,False,False,bp,0.0
1716,94.97428240477284,39,25,-23,96862,96854,96893,96856,96869,70.1309523809524,13,-2524.0,8,31,893.0,True,False,bp,0.0
1717,185.22997018563058,44,4,10,96920,96893,96937,96907,96926,77.5,19,-2903.0,27,17,1132.0,True,True,bp,0.0
1718,486.4911178260461,51,-8,-7,96959,96937,96988,96949,96981,86.23181818181818,32,-3510.0,22,29,3013.0,True,False,bp,0.0
1719,467.3903847533595,61,-8,23,97030,96988,97049,97005,97036,100.06666666666666,31,-2988.0,42,19,1745.0,True,False,bp,0.0
1720,609.3914859413276,38,6,-12,97062,97049,97087,97059,97080,128.16666666666669,21,-2166.0,13,25,2729.0,False,False,bp,0.0
1721,592.9915031564948,70,-18,36,97140,97087,97157,97107,97153,31.174825174825173,46,-1816.0,53,17,1088.0,False,False,bp,0.0
1722,484.2079347276049,81,-43,-3,97196,97157,97238,97181,97232,68.19166666666666,51,-3425.0,39,42,2654.0,False,False,bp,0.0
1723,183.81545468447732,34,-7,-22,97244,97238,97272,97240,97261,110.77205882352942,21,-2017.0,6,28,2306.0,False,False,bp,0.0
1724,624.1218924234428,34,-8,-22,97278,97272,97306,97275,97295,280.5098039215686,20,-1866.0,6,28,2730.0,False,False,bp,-0.6140350877192983
1725,223.59708099079552,29,-9,17,97329,97306,97335,97307,97332,83.94696969696969,25,185.0,23,6,927.0,False,False,bp,-0.6140350877192983
1726,243.83942241423654,53,9,1,97362,97335,97388,97348,97373,79.43831168831169,25,-249.0,27,26,1846.0,True,False,bp,-0.6140350877192983
1727,628.5661164724349,50,-1,-2,97412,97388,97438,97407,97433,111.34285714285713,26,-105.0,24,26,1787.0,True,True,bp,-0.6140350877192983
1728,447.22676655870634,71,-16,13,97480,97438,97509,97458,97493,46.00349650349651,35,-861.0,42,29,1557.0,True,False,bp,-0.6140350877192983
1729,480.2766215816916,35,2,-5,97524,97509,97544,97512,97533,80.4861111111111,21,-1284.0,15,20,1604.0,True,False,bp,-0.6140350877192983
1730,757.3793457145634,44,5,-6,97563,97544,97588,97556,97574,136.10389610389612,18,-1947.0,19,25,2433.0,True,True,bp,-0.6140350877192983
1731,577.6712638732996,50,3,-10,97608,97588,97638,97597,97625,93.23529411764706,28,-1726.0,20,30,3051.0,False,False,bp,-0.6140350877192983
1732,3545.7516778545887,89,10,17,85941,85888,85977,85923,85953,301.47222222222223,30,-5002.0,53,36,8749.0,True,True,bp,-0.6140350877192983
1733,2939.268195869195,61,7,1,86008,85977,86038,85993,86024,186.79583333333332,31,-2416.0,31,30,5186.0,True,True,bp,-0.6140350877192983
1734,2215.223065627115,72,5,12,86080,86038,86110,86062,86096,153.08680555555554,34,-2686.0,42,30,5001.0,True,True,bp,-0.6140350877192983
1735,1620.0766880488004,78,24,-12,86143,86110,86188,86135,86153,221.25,18,-1768.0,33,45,3954.0,True,True,bp,-0.6140350877192983
1736,1205.5102553998527,66,2,-4,86219,86188,86254,86195,86227,124.52083333333334,32,-934.0,31,35,3139.0,True,False,bp,-0.6140350877192983
1737,1264.0430698633145,35,0,-9,86267,86254,86289,86261,86282,183.53333333333333,21,-680.0,13,22,3630.0,True,False,bp,-0.6140350877192983
1738,926.4551576433807,66,-1,16,86330,86289,86355,86303,86335,140.03333333333333,32,965.0,41,25,2574.0,True,False,bp,-0.6140350877192983
1739,913.5431082225076,53,-17,-3,86380,86355,86408,86366,86402,67.83766233766234,36,909.0,25,28,2706.0,True,True,bp,-0.6140350877192983
1740,793.3937424844897,69,-17,9,86447,86408,86477,86421,86468,68.88003663003663,47,-389.0,39,30,2312.0,True,True,bp,-0.6140350877192983
1741,995.4164346306154,63,26,7,86512,86477,86540,86498,86516,212.48214285714286,18,-941.0,35,28,3044.0,True,True,bp,-0.6140350877192983
1742,1127.7189600359254,81,9,-7,86577,86540,86621,86560,86592,120.55294117647058,32,-1281.0,37,44,3758.0,True,True,bp,-0.6140350877192983
1743,777.2986318511303,67,-14,-13,86648,86621,86688,86633,86673,62.09333333333333,40,-448.0,27,40,2473.0,True,False,bp,-0.6140350877192983
1744,646.9541107430912,34,26,16,86713,86688,86722,86699,86717,112.89285714285714,18,126.0,25,9,1848.0,False,False,bp,-0.6140350877192983
1745,887.4499462237031,99,-8,17,86780,86722,86821,86761,86802,110.30980861244021,41,-2447.0,58,41,4084.0,False,False,bp,-0.6140350877192983
1746,1144.608476965601,50,-19,0,86846,86821,86871,86835,86866,99.82045454545454,31,-1445.0,25,25,2965.0,True,False,bp,-0.6140350877192983
1747,488.14855263921896,72,-42,-18,86898,86871,86943,86878,86933,56.671428571428564,55,-1492.0,27,45,2456.0,True,False,bp,-0.6140350877192983
1748,878.9387435186487,27,9,-13,86950,86943,86970,86946,86965,210.66666666666663,19,-1566.0,7,20,2829.0,True,False,bp,-0.6140350877192983
1749,716.8566887395062,91,-26,7,87019,86970,87061,86993,87041,91.0332167832168,48,-3065.0,49,42,3592.0,False,False,bp,-0.6140350877192983
1750,82.441669516076,33,11,-23,87066,87061,87094,87063,87074,143.1875,11,-210.0,5,28,1803.0,False,False,bp,-0.6140350877192983
1751,138.4277420071515,27,-14,-15,87100,87094,87121,87096,87118,96.81944444444444,22,692.0,6,21,917.0,False,False,bp,-0.6140350877192983
1752,588.5947759194447,33,-12,17,87146,87121,87154,87126,87149,171.025,23,-1422.0,25,8,1852.0,False,False,bp,-0.6140350877192983
1753,349.5984447513273,51,-25,1,87180,87154,87205,87160,87200,45.15000000000001,40,-1570.0,26,25,1395.0,True,True,bp,-0.6140350877192983
1754,1038.4047280178977,50,-23,-10,87225,87205,87255,87215,87248,91.97826086956522,33,-2834.0,20,30,3808.0,False,False,bp,-0.6140350877192983
1755,813.9787451965974,49,-2,-31,87264,87255,87304,87258,87286,135.95454545454544,28,-772.0,9,40,3496.0,False,False,bp,-0.6140350877192983
1756,1145.0878998528274,52,11,0,87330,87304,87356,87312,87335,191.38333333333333,23,-1383.0,26,26,2964.0,True,True,bp,-0.6140350877192983
1757,365.1369004056497,49,-17,-1,87380,87356,87405,87369,87396,65.38068181818181,27,-82.0,24,25,2071.0,False,False,bp,-0.6140350877192983
1758,130.72878275129275,39,-16,-3,87423,87405,87444,87406,87441,14.183006535947714,35,1511.0,18,21,570.0,False,False,bp,-0.6140350877192983
1759,412.57544084945647,44,-14,-6,87463,87444,87488,87460,87483,118.95833333333331,23,925.0,19,25,1807.0,False,False,bp,-0.6140350877192983
1760,523.6111875737531,50,4,-10,87508,87488,87538,87492,87523,55.01875,31,387.0,20,30,1737.0,False,False,bp,-0.6140350877192983
1761,821.4147282000563,55,-2,27,87579,87538,87593,87558,87584,144.45714285714286,26,-1590.0,41,14,2774.0,False,False,bp,-0.6140350877192983
1762,378.0703966479171,43,16,-3,87613,87593,87636,87608,87615,241.1,7,-589.0,20,23,1281.0,True,False,bp,-0.6140350877192983
1763,38.178407535360186,22,7,-12,87641,87636,87658,87638,87648,128.69047619047618,10,-166.0,5,17,1122.0,True,False,bp,-0.6140350877192983
1764,401.41913695759337,46,3,-4,87679,87658,87704,87665,87691,89.6488095238095,26,-846.0,21,25,1543.0,True,False,bp,-0.6140350877192983
1765,165.70454878225988,35,-5,15,87729,87704,87739,87720,87735,83.22222222222223,15,-383.0,25,10,1391.0,True,False,bp,-0.6140350877192983
1766,185.7783976418937,32,2,-8,87751,87739,87771,87745,87759,95.14583333333334,14,81.0,12,20,1497.0,True,True,bp,-0.6140350877192983
1767,644.7088586822675,50,10,-30,87781,87771,87821,87775,87794,118.89743589743591,19,-380.0,10,40,2212.0,False,False,bp,-0.6140350877192983
1768,130.15431104141996,30,14,-14,87829,87821,87851,87823,87833,138.29166666666666,10,790.0,8,22,1502.0,False,False,bp,-0.6140350877192983
1769,861.2796025939897,36,15,-12,87863,87851,87887,87857,87876,142.6089743589744,19,-43.0,12,24,2265.0,True,False,bp,-0.6140350877192983
1770,386.01143624267434,73,-1,9,87928,87887,87960,87910,87942,70.40873015873015,32,-696.0,41,32,2519.0,True,False,bp,-0.6140350877192983
1771,1209.3989086904285,45,-2,19,87992,87960,88005,87973,87999,145.8421052631579,26,-908.0,32,13,2990.0,True,True,bp,-0.6140350877192983
1772,1328.8008627613794,50,-4,10,88035,88005,88055,88023,88050,110.89166666666668,27,-477.0,30,20,2852.0,True,True,bp,-0.6140350877192983
1773,1597.8938601960824,66,15,-12,88082,88055,88121,88073,88096,199.14682539682542,23,-1968.0,27,39,3300.0,True,True,bp,-0.6140350877192983
1774,904.8677537579164,53,18,-3,88146,88121,88174,88134,88152,204.2083333333333,18,-1274.0,25,28,3375.0,True,True,bp,-0.6140350877192983
1775,1087.7747031268912,80,5,-2,88213,88174,88254,88188,88230,90.61411764705885,42,-2486.0,39,41,3086.0,True,True,bp,-0.6140350877192983
1776,1001.6466918447743,50,-6,36,88297,88254,88304,88277,88299,206.325,22,-2689.0,43,7,1422.0,False,False,bp,-0.6140350877192983
1777,287.2859533275433,38,4,4,88325,88304,88342,88315,88333,124.5125,18,-2815.0,21,17,2023.0,True,True,bp,-0.6140350877192983
1778,1266.4879132606402,50,13,-14,88360,88342,88392,88355,88372,244.10833333333332,17,-3923.0,18,32,3899.0,False,False,bp,-0.6140350877192983
1779,600.1700316138048,42,-15,0,88413,88392,88434,88402,88429,66.63068181818181,27,-1297.0,21,21,2794.0,False,False,bp,-0.6140350877192983
1780,205.24289126335225,26,12,-2,88446,88434,88460,88441,88451,274.8,10,-1254.0,12,14,2477.0,True,True,bp,-0.6140350877192983
1781,642.1937115418971,34,2,12,88483,88460,88494,88473,88488,166.2,15,-1152.0,23,11,1695.0,True,True,bp,-0.6140350877192983
1782,614.5754373294768,50,-11,26,88532,88494,88544,88505,88536,80.14814814814815,31,-789.0,38,12,1796.0,True,False,bp,-0.6140350877192983
1783,412.5044374912072,43,0,-9,88561,88544,88587,88556,88574,145.6076923076923,18,-838.0,17,26,2243.0,True,True,bp,-0.6140350877192983
1784,703.8317683514224,50,15,-30,88597,88587,88637,88592,88609,156.225,17,-834.0,10,40,2485.0,True,False,bp,-0.6140350877192983
1785,555.8864913692879,34,5,14,88661,88637,88671,88641,88664,153.40833333333333,23,-368.0,24,10,1637.0,True,False,bp,-0.6140350877192983
1786,308.27954722466774,83,11,-1,88712,88671,88754,88692,88727,50.475,35,-912.0,41,42,2479.0,True,False,bp,-0.6140350877192983
1787,817.52077991091,48,14,4,88780,88754,88802,88773,88787,188.78571428571428,14,-634.0,26,22,2525.0,True,False,bp,-0.6140350877192983
1788,580.8768138853312,70,-19,-24,88825,88802,88872,88815,88858,67.76666666666667,43,-387.0,23,47,2102.0,True,True,bp,-0.6140350877192983
1789,1042.167247703924,50,2,-2,88896,88872,88922,88882,88915,71.57706766917293,33,-1424.0,24,26,3398.0,True,True,bp,-0.6140350877192983
1790,1069.4101276996291,68,15,12,88962,88922,88990,88950,88967,196.29166666666663,17,-1079.0,40,28,3114.0,True,True,bp,-0.6140350877192983
1791,1328.8286338869889,64,15,-20,89012,88990,89054,88999,89025,148.38461538461542,26,-1741.0,22,42,4137.0,True,True,bp,-0.6140350877192983
1792,819.3038212091034,67,-13,-15,89080,89054,89121,89066,89103,87.25155279503107,37,-674.0,26,41,2371.0,True,True,bp,-0.6140350877192983
1793,712.0924872850162,50,6,-28,89132,89121,89171,89127,89152,123.975,25,274.0,11,39,4121.0,False,False,bp,-0.6140350877192983
1794,1745.3402938331894,66,8,-16,89196,89171,89237,89183,89208,151.78205128205127,25,-626.0,25,41,2541.0,True,True,bp,-0.6140350877192983
1795,1352.6274542419808,51,7,-9,89258,89237,89288,89241,89269,106.0855614973262,28,-664.0,21,30,3757.0,True,True,bp,-0.6140350877192983
1796,1825.653641673342,49,14,1,89313,89288,89337,89304,89317,359.86111111111114,13,-2474.0,25,24,3813.0,False,False,bp,-0.6140350877192983
1797,539.5440645515516,34,10,-14,89347,89337,89371,89344,89364,154.33333333333331,20,63.0,10,24,2381.0,False,False,bp,-0.6140350877192983
1798,1416.0663556486295,65,-2,19,89413,89371,89436,89394,89420,190.48120300751881,26,-1011.0,42,23,4544.0,True,False,bp,-0.6140350877192983
1799,1121.3056816722433,67,21,-23,89458,89436,89503,89444,89473,86.9452380952381,29,710.0,22,45,2526.0,True,True,bp,-0.6140350877192983
1800,1289.2369387316605,69,30,-15,89530,89503,89572,89523,89547,219.57142857142856,24,-1034.0,27,42,4015.0,True,True,bp,-0.6140350877192983
1801,1230.5094805283286,82,-9,2,89614,89572,89654,89601,89637,136.18896321070235,36,-1373.0,42,40,4834.0,True,True,bp,-0.6140350877192983
1802,1071.385667697252,54,-14,30,89696,89654,89708,89664,89701,109.06875,37,-1396.0,42,12,1573.0,False,False,bp,-0.6140350877192983
1803,938.3768636342587,96,-24,-20,89746,89708,89804,89724,89778,98.0880681818182,54,-3879.0,38,58,3510.0,False,False,bp,-0.6140350877192983
1804,510.8245862028605,34,-6,-12,89815,89804,89838,89808,89827,110.6845238095238,19,-2525.0,11,23,2174.0,False,False,bp,-0.6140350877192983
1805,107.94113096593624,40,4,-12,89852,89838,89878,89840,89865,35.84935897435898,25,-1088.0,14,26,890.0,False,False,bp,-0.6140350877192983
1806,314.22267058380993,27,27,11,89897,89878,89905,89894,89901,262.2916666666667,7,-1390.0,19,8,2322.0,True,False,bp,-0.6140350877192983
1807,275.64058397960116,100,-14,16,89963,89905,90005,89935,89980,59.022058823529406,45,-1753.0,58,42,2440.0,True,False,bp,-0.6140350877192983
1808,582.6752357361419,33,-10,-11,90016,90005,90038,90011,90034,170.88888888888889,23,-1930.0,11,22,1898.0,True,False,bp,-0.6140350877192983
1809,755.478728543233,46,-11,4,90063,90038,90084,90047,90074,115.04545454545456,27,-2622.0,25,21,2551.0,True,True,bp,-0.6140350877192983
1810,348.31341935357267,35,17,-11,90096,90084,90119,90090,90100,164.08333333333331,10,-2227.0,12,23,1525.0,True,False,bp,-0.6140350877192983
1811,378.4650266811188,85,-4,-31,90146,90119,90204,90127,90169,21.919908466819223,42,-1815.0,27,58,958.0,False,False,bp,-0.6140350877192983
1812,505.73083968800347,50,-11,20,90239,90204,90254,90207,90249,59.034375,42,-3531.0,35,15,1596.0,False,False,bp,-0.6140350877192983
1813,406.9439929013497,84,-27,36,90314,90254,90338,90280,90325,101.28877005347591,45,-4559.0,60,24,3489.0,False,False,bp,-0.6140350877192983
1814,683.5116909066419,49,-1,-31,90347,90338,90387,90343,90368,143.20833333333334,25,-2637.0,9,40,3061.0,False,False,bp,-0.6140350877192983
1815,200.27305839628136,22,22,-4,90396,90387,90409,90392,90399,280.08333333333337,7,-1645.0,9,13,1953.0,True,False,bp,-0.6140350877192983
1816,1008.4828854771974,62,18,-16,90432,90409,90471,90428,90442,278.325,14,-2732.0,23,39,2952.0,True,False,bp,-0.6140350877192983
1817,894.6658083309512,71,21,-47,90483,90471,90542,90474,90508,112.20888888888888,34,-1927.0,12,59,3804.0,True,False,bp,-0.6140350877192983
1818,565.5493372578053,64,-13,12,90580,90542,90606,90563,90601,38.62605042016807,38,-995.0,38,26,2679.0,True,True,bp,-0.6140350877192983
1819,1086.0975568884196,65,-11,37,90657,90606,90671,90626,90664,128.68202764976957,38,-737.0,51,14,3423.0,True,True,bp,-0.6140350877192983
1820,1308.8895830987635,67,12,15,90712,90671,90738,90691,90717,142.35714285714286,26,-1230.0,41,26,2152.0,True,True,bp,-0.6140350877192983
1821,569.4244897472912,66,-10,8,90775,90738,90804,90755,90793,58.73333333333333,38,-1265.0,37,29,2674.0,True,True,bp,-0.6140350877192983
1822,1578.440000271477,50,23,2,90830,90804,90854,90821,90839,235.33333333333331,18,-2788.0,26,24,3745.0,True,True,bp,-0.6140350877192983
1823,666.802925858302,74,9,10,90896,90854,90928,90880,90909,78.55288461538461,29,-2371.0,42,32,3115.0,True,True,bp,-0.6140350877192983
1824,754.9759475603647,60,4,12,90964,90928,90988,90947,90977,80.69683257918551,30,-1586.0,36,24,2944.0,True,True,bp,-0.6140350877192983
1825,448.16326755213913,83,-3,-1,91029,90988,91071,91011,91048,67.89619883040936,37,-609.0,41,42,3059.0,True,True,bp,-0.6140350877192983
1826,951.4044218476973,67,-20,25,91117,91071,91138,91082,91131,83.28571428571429,49,-1363.0,46,21,3202.0,True,True,bp,-0.6140350877192983
1827,1097.2970720117266,56,6,16,91174,91138,91194,91160,91187,110.1978021978022,27,-1801.0,36,20,1757.0,False,False,bp,-0.6140350877192983
1828,650.9200262999121,76,13,-6,91229,91194,91270,91220,91246,131.27777777777777,26,-2916.0,35,41,3052.0,False,False,bp,-0.6140350877192983
1829,421.96399664135896,55,-19,5,91300,91270,91325,91285,91316,53.11041666666666,31,-1307.0,30,25,2488.0,False,False,bp,-0.6140350877192983
1830,625.303691663856,45,-1,-3,91346,91325,91370,91328,91351,105.60555555555555,23,-1069.0,21,24,1818.0,True,False,bp,-0.6140350877192983
1831,318.73593060398827,20,3,-2,91379,91370,91390,91373,91382,180.0,9,-693.0,9,11,1658.0,True,False,bp,-0.6140350877192983
1832,143.10346265915814,30,-1,14,91412,91390,91420,91394,91417,93.80555555555556,23,67.0,22,8,1823.0,False,False,bp,-0.6140350877192983
1833,894.5427520198572,51,22,3,91447,91420,91471,91439,91458,170.58522727272725,19,-646.0,27,24,2880.0,True,False,bp,-0.6140350877192983
1834,626.8836881736072,64,-20,18,91512,91471,91535,91499,91529,68.82352941176471,30,61.0,41,23,2297.0,True,False,bp,-0.6140350877192983
1835,516.4793020619019,69,5,-47,91546,91535,91604,91539,91572,153.8379120879121,33,-471.0,11,58,3294.0,True,False,bp,-0.6140350877192983
1836,1049.078909882515,67,6,-45,91615,91604,91671,91610,91640,203.16,30,148.0,11,56,5185.0,True,True,bp,-0.6140350877192983
1837,527.4718281410891,33,28,-15,91680,91671,91704,91676,91684,316.625,8,2004.0,9,24,1598.0,False,False,bp,-0.6140350877192983
1838,963.1804695330333,50,-14,2,91730,91704,91754,91720,91747,114.81764705882351,27,595.0,26,24,2252.0,True,True,bp,-5.145833333333333
1839,682.3596220883774,50,1,2,91780,91754,91804,91760,91785,114.8,25,707.0,26,24,2007.0,True,True,bp,-5.145833333333333
1840,375.82051106179483,45,10,-25,91814,91804,91849,91811,91832,156.91666666666669,21,1173.0,10,35,1451.0,False,False,bp,-5.145833333333333
1841,522.0811168267651,55,-16,29,91891,91849,91904,91863,91898,53.125,35,-531.0,42,13,1229.0,False,False,bp,-5.145833333333333
1842,179.64036091943166,46,-13,28,91941,91904,91950,91917,91948,19.050595238095237,31,-1531.0,37,9,739.0,False,False,bp,-5.145833333333333
1843,574.7298276830061,54,1,2,91978,91950,92004,91966,91991,91.29487179487178,25,-3375.0,28,26,2656.0,False,False,bp,-5.145833333333333
1844,312.18239451683706,33,18,17,92029,92004,92037,92017,92032,169.58333333333331,15,-2997.0,25,8,1924.0,True,False,bp,-5.145833333333333
1845,728.3679931577365,66,4,18,92079,92037,92103,92065,92091,67.95833333333334,26,-4016.0,42,24,2807.0,True,False,bp,-5.145833333333333
1846,469.3956921402015,81,20,1,92144,92103,92184,92121,92147,171.3913043478261,26,-4503.0,41,40,2358.0,False,False,bp,-5.145833333333333
1847,268.95999735422816,37,11,-11,92197,92184,92221,92193,92207,90.65,14,-2742.0,13,24,1644.0,False,False,bp,-5.145833333333333
1848,319.34253048696047,54,12,-4,92246,92221,92275,92232,92257,57.814935064935064,25,-2508.0,25,29,2293.0,True,True,bp,-5.145833333333333
1849,273.51007408874267,68,12,-14,92302,92275,92343,92294,92319,77.63970588235293,25,-1533.0,27,41,2366.0,True,False,bp,-5.145833333333333
1850,619.4505483133315,78,7,30,92397,92343,92421,92356,92403,157.40447154471545,47,-2567.0,54,24,3365.0,True,True,bp,-5.145833333333333
1851,855.1379968123749,88,-4,10,92470,92421,92509,92457,92486,99.46634615384615,29,-2035.0,49,39,1509.0,False,False,bp,-0.6140350877192983
1852,259.0817825511478,45,6,-35,92514,92509,92554,92511,92534,115.49166666666667,23,-1217.0,5,40,2761.0,False,False,bp,-0.6140350877192983
1853,491.0876419196254,34,-10,16,92579,92554,92588,92563,92583,134.15625,20,6.0,25,9,2181.0,True,False,bp,-0.6140350877192983
1854,139.6765764655698,33,-1,3,92606,92588,92621,92593,92613,56.75274725274726,20,193.0,18,15,1077.0,False,False,bp,-0.6140350877192983
1855,822.3954448982486,50,8,0,92646,92621,92671,92632,92651,148.45,19,-2188.0,25,25,1935.0,False,False,bp,-0.6140350877192983
1856,399.79530118509064,48,13,-26,92682,92671,92719,92678,92698,182.0625,20,-2161.0,11,37,2155.0,True,True,bp,-0.6140350877192983
1857,150.49364819447882,35,10,11,92742,92719,92754,92731,92749,58.82467532467533,18,-1419.0,23,12,1676.0,True,False,bp,-0.6140350877192983
1858,481.1181106902594,86,-16,30,92812,92754,92840,92777,92818,124.10238095238097,41,-1955.0,58,28,2749.0,False,False,bp,-0.6140350877192983
1859,185.2502097983244,47,35,-35,92846,92840,92887,92843,92859,132.5,16,-212.0,6,41,1791.0,False,False,bp,-0.6140350877192983
1860,774.796808081308,51,0,35,92930,92887,92938,92910,92933,171.59166666666667,23,-2559.0,43,8,1864.0,False,False,bp,-0.6140350877192983
1861,639.0557263807096,49,-4,1,92963,92938,92987,92956,92981,107.984126984127,25,-2810.0,25,24,2457.0,True,True,bp,-0.6140350877192983
1862,516.3972226908495,54,20,4,93016,92987,93041,93002,93021,212.05,19,-2813.0,29,25,2191.0,True,True,bp,-0.6140350877192983
1863,1062.198878329442,63,22,-15,93065,93041,93104,93060,93082,189.87058823529406,22,-3103.0,24,39,3042.0,True,False,bp,-0.6140350877192983
1864,398.5898824184073,35,15,17,93130,93104,93139,93126,93133,225.5833333333333,7,-1749.0,26,9,1867.0,False,False,bp,-0.6140350877192983
1865,122.5931179857313,48,5,0,93163,93139,93187,93155,93172,56.819444444444436,17,-683.0,24,24,672.0,False,False,bp,-0.6140350877192983
1866,722.2099008118165,54,9,-14,93207,93187,93241,93194,93217,84.99615384615385,23,-1816.0,20,34,1843.0,False,False,bp,-0.6140350877192983
1867,551.0088638305274,59,4,-15,93263,93241,93300,93249,93282,77.66917293233085,33,-2161.0,22,37,2089.0,True,True,bp,-0.6140350877192983
1868,630.5325265089681,66,15,-6,93330,93300,93366,93319,93336,196.23484848484853,17,-2044.0,30,36,3015.0,False,False,bp,-0.6140350877192983
1869,202.61583654959907,37,11,-9,93380,93366,93403,93368,93391,44.11742424242424,23,354.0,14,23,1748.0,False,False,bp,-0.6140350877192983
1870,335.4028226412568,63,-10,23,93446,93403,93466,93425,93456,63.16190476190476,31,-1117.0,43,20,461.0,False,False,bp,-0.6140350877192983
1871,402.27111079587456,54,13,-26,93480,93466,93520,93477,93498,165.66666666666666,21,-1735.0,14,40,3564.0,False,False,bp,-0.6140350877192983
1872,735.669472679937,51,-11,1,93546,93520,93571,93532,93560,79.92857142857143,28,-124.0,26,25,2427.0,True,False,bp,-0.6140350877192983
1873,473.77268549536615,33,1,-9,93583,93571,93604,93577,93597,114.9761904761905,20,482.0,12,21,2066.0,True,False,bp,-0.6140350877192983
1874,632.1024626648677,83,21,-33,93629,93604,93687,93618,93651,76.5,33,198.0,25,58,1679.0,True,False,bp,-0.6140350877192983
1875,106.64404978796672,67,13,17,93729,93687,93754,93705,93734,88.75833333333333,29,96.0,42,25,1560.0,True,False,bp,-0.6140350877192983
1876,600.2054752038739,50,20,2,93780,93754,93804,93776,93786,295.66666666666663,10,-649.0,26,24,3212.0,False,False,bp,-0.6140350877192983
1877,841.7660878091302,66,13,-14,93830,93804,93870,93816,93848,70.8888888888889,32,1907.0,26,40,4228.0,False,False,bp,-0.6140350877192983
1878,1096.1658931165962,65,4,21,93913,93870,93935,93893,93918,175.175,25,571.0,43,22,2187.0,False,False,bp,-0.6140350877192983
1879,635.1840010107659,57,-18,1,93964,93935,93992,93947,93980,34.29044117647059,33,666.0,29,28,2083.0,False,False,bp,-0.6140350877192983
1880,327.0482285670388,31,2,-17,93999,93992,94023,93995,94017,75.6388888888889,22,1982.0,7,24,1826.0,False,False,bp,-0.6140350877192983
1881,1202.3349032347542,61,10,-11,94048,94023,94084,94041,94063,139.02380952380952,22,928.0,25,36,2530.0,True,True,bp,-0.6140350877192983
1882,1680.0951141650878,59,-3,-3,94112,94084,94143,94095,94127,134.22156862745098,32,-856.0,28,31,4251.0,True,True,bp,0.0
1883,2270.153163850749,61,-1,-19,94164,94143,94204,94156,94185,225.34523809523807,29,-1154.0,21,40,6724.0,True,True,bp,0.0
1884,1910.7705722436829,61,-10,-11,94229,94204,94265,94213,94249,103.53125,36,1016.0,25,36,3290.0,False,False,bp,0.0
1885,3574.1327083631195,54,1,-2,94291,94265,94319,94275,94302,298.2471590909091,27,-3093.0,26,28,7521.0,False,False,bp,0.0
1886,2654.321710713974,52,-3,4,94347,94319,94371,94330,94358,234.73262032085563,28,-1897.0,28,24,6265.0,True,True,bp,0.0
1887,2170.8322068593448,49,20,-1,94395,94371,94420,94383,94403,247.0625,20,-1655.0,24,25,3867.0,True,True,bp,0.0
1888,1064.422918535486,49,-6,9,94449,94420,94469,94443,94463,202.1190476190476,20,-1418.0,29,20,2733.0,True,True,bp,0.0
1889,321.5819548736425,68,-7,-14,94496,94469,94537,94477,94514,45.92105263157895,37,-416.0,27,41,1859.0,True,True,bp,0.0
1890,1273.506604973411,67,23,-21,94560,94537,94604,94544,94569,129.05555555555554,25,-1239.0,23,44,3402.0,True,True,bp,0.0
1891,1030.1525589877106,79,26,-19,94634,94604,94683,94617,94655,101.56162464985994,38,-1707.0,30,49,2990.0,True,True,bp,0.0
1892,1186.443942612197,71,-12,23,94730,94683,94754,94719,94747,97.03475935828877,28,-520.0,47,24,3932.0,False,False,bp,0.0
1893,1499.4340633462734,65,-25,-15,94779,94754,94819,94763,94813,111.95772058823529,50,-1773.0,25,40,4268.0,True,False,bp,0.0
1894,814.5038567019133,88,-44,32,94879,94819,94907,94838,94900,66.7479674796748,62,-2518.0,60,28,2931.0,True,True,bp,0.0
1895,927.5446567735312,80,15,-2,94946,94907,94987,94918,94964,76.53968253968254,46,-2300.0,39,41,4500.0,False,False,bp,0.0
1896,418.2286398081933,84,-14,34,95046,94987,95071,95025,95058,62.55952380952381,33,445.0,59,25,1212.0,False,False,bp,0.0
1897,1201.3420677356412,45,1,3,95095,95071,95116,95077,95100,153.93333333333334,23,-1012.0,24,21,2243.0,False,False,bp,0.0
1898,307.72662491238106,55,5,-29,95129,95116,95171,95124,95149,142.65,25,-795.0,13,42,1233.0,False,False,bp,0.0
1899,1031.720836173578,46,7,-6,95191,95171,95217,95179,95202,136.8030303030303,23,-2934.0,20,26,3024.0,False,False,bp,0.0
1900,544.2686433551044,69,-27,-11,95246,95217,95286,95232,95280,61.182773109243705,48,-1861.0,29,40,2750.0,True,False,bp,0.0
1901,408.1708918105692,35,16,17,95312,95286,95321,95301,95315,166.6060606060606,14,-1195.0,26,9,1417.0,False,False,bp,0.0
1902,1304.1161174237145,65,8,17,95362,95321,95386,95345,95368,188.10784313725492,23,-2682.0,41,24,3495.0,False,False,bp,0.0
1903,556.5031725304326,51,-6,7,95415,95386,95437,95399,95424,97.38194444444444,25,-1251.0,29,22,1691.0,True,True,bp,0.0
1904,811.5345852513148,34,10,-14,95447,95437,95471,95443,95463,170.15625,20,-1733.0,10,24,2438.0,True,False,bp,0.0
1905,298.771608940672,67,-6,17,95513,95471,95538,95493,95525,77.49166666666667,32,-1389.0,42,25,2886.0,True,False,bp,0.0
1906,276.3444340017388,32,24,18,95563,95538,95570,95551,95566,129.75,15,-525.0,25,7,1387.0,False,False,bp,0.0
1907,483.2540224796965,100,-2,-14,95613,95570,95670,95605,95640,164.91203703703704,35,-3059.0,43,57,2539.0,False,False,bp,0.0
1908,252.3437822628244,22,1,-4,95679,95670,95692,95673,95684,178.51666666666665,11,-2269.0,9,13,1957.0,True,False,bp,0.0
1909,244.15428130717663,45,-6,-29,95700,95692,95737,95696,95723,107.18478260869566,27,-1623.0,8,37,1701.0,True,False,bp,0.0
1910,562.047376920757,53,-7,-3,95762,95737,95790,95744,95776,46.547619047619044,32,-1875.0,25,28,2419.0,True,True,bp,0.0
1911,637.3064660490079,47,-11,-1,95813,95790,95837,95801,95831,77.08333333333333,30,-1690.0,23,24,2197.0,True,True,bp,0.0
1912,883.5053487623525,51,-6,3,95864,95837,95888,95850,95881,93.31932773109243,31,-2022.0,27,24,2940.0,True,True,bp,0.0
1913,1290.8098646233882,67,-2,-19,95912,95888,95955,95906,95936,137.02083333333331,30,-1506.0,24,43,3816.0,True,True,bp,0.0
1914,1265.9794040266968,48,-20,-2,95978,95955,96003,95964,95996,96.25793650793649,32,-1086.0,23,25,2546.0,True,False,bp,0.0
1915,710.0337353049565,34,-2,-16,96012,96003,96037,96008,96029,237.2352941176471,21,-1389.0,9,25,2701.0,True,True,bp,0.0
1916,895.1802475433751,49,3,1,96062,96037,96086,96048,96073,89.3961038961039,25,-1627.0,25,24,2655.0,True,True,bp,0.0
1917,691.0953451577342,69,12,-17,96112,96086,96155,96101,96130,131.04040404040404,29,-2111.0,26,43,3418.0,False,False,bp,0.0
1918,210.90807891943803,32,8,16,96179,96155,96187,96171,96184,88.8875,13,-310.0,24,8,963.0,False,False,bp,0.0
1919,894.1208866461802,35,9,15,96212,96187,96222,96205,96217,203.82857142857142,12,-1541.0,25,10,2493.0,False,False,bp,0.0
1920,1208.383416371538,48,12,-2,96245,96222,96270,96238,96250,331.22857142857134,12,-3364.0,23,25,3168.0,True,True,bp,0.0
1921,549.6984232579666,32,1,-8,96282,96270,96302,96274,96292,115.8625,18,-2370.0,12,20,1528.0,True,True,bp,0.0
1922,822.5452842432892,41,-4,1,96323,96302,96343,96311,96332,105.31944444444444,21,-2964.0,21,20,1958.0,False,False,bp,0.0
1923,97.06324716705498,27,14,1,96357,96343,96370,96349,96362,71.6875,13,-1357.0,14,13,1422.0,False,False,bp,0.0
1924,965.1364870434649,38,10,12,96395,96370,96408,96389,96401,188.25,12,-1295.0,25,13,3243.0,False,False,bp,0.0
1925,1031.7119991730826,65,21,9,96445,96408,96473,96423,96458,114.89510489510492,35,-1472.0,37,28,3182.0,True,False,bp,0.0
1926,199.32008949756988,64,3,48,96529,96473,96537,96514,96531,88.16666666666669,17,-776.0,56,8,857.0,False,False,bp,0.0
1927,719.1685475046754,50,1,2,96563,96537,96587,96551,96572,109.23611111111113,21,-1602.0,26,24,2659.0,True,True,bp,0.0
1928,1188.577252401452,34,-4,4,96606,96587,96621,96594,96617,119.2159090909091,23,-2839.0,19,15,1359.0,False,False,bp,0.0
1929,182.81188943751687,32,29,16,96645,96621,96653,96636,96648,182.8333333333333,12,-4558.0,24,8,1652.0,False,False,bp,0.0
1930,896.357583148762,73,14,13,96696,96653,96726,96689,96701,457.1285714285714,12,-9575.0,43,30,4470.0,False,False,bp,0.0
1931,355.77830404951965,34,20,-28,96729,96726,96760,96727,96746,258.88235294117646,19,-6117.0,3,31,3858.0,False,False,bp,0.0
1932,1105.3376105205894,44,6,26,96795,96760,96804,96785,96799,273.1,14,-6635.0,35,9,3064.0,True,True,bp,0.0
1933,456.3644213308218,67,-10,19,96847,96804,96871,96819,96857,73.75357142857143,38,-8411.0,43,24,1502.0,False,False,bp,0.0
1934,262.024337611762,33,-7,17,96896,96871,96904,96885,96900,129.04545454545453,15,-7930.0,25,8,2638.0,False,False,bp,0.0
1935,199.13794615315902,53,-8,-13,96924,96904,96957,96908,96941,42.255514705882355,33,-5814.0,20,33,2722.0,False,False,bp,0.0
1936,246.038266272822,32,2,4,96975,96957,96989,96966,96981,121.66666666666666,15,-5343.0,18,14,2080.0,True,True,bp,0.0
1937,329.7887359796468,39,-2,7,97012,96989,97028,96998,97014,142.89285714285714,16,-5904.0,23,16,1467.0,False,False,bp,0.0
1938,170.18838861118851,61,8,-49,97034,97028,97089,97028,97065,62.90591397849462,37,-4846.0,6,55,4029.0,False,False,bp,0.0
1939,482.91169080317763,78,-20,2,97129,97089,97167,97110,97154,63.43578947368422,44,-4032.0,40,38,1382.0,False,False,bp,0.0
1940,572.0046752946972,42,-12,10,97193,97167,97209,97178,97202,93.58888888888887,24,-6287.0,26,16,1492.0,False,False,bp,0.0
1941,113.95380185257194,43,17,-27,97217,97209,97252,97214,97228,223.04545454545456,14,-6504.0,8,35,3037.0,False,False,bp,0.0
1942,339.63238612348243,34,22,-14,97262,97252,97286,97259,97268,185.8333333333333,9,-4220.0,10,24,2650.0,False,False,bp,-0.6140350877192983
1943,851.5486002685029,39,-1,5,97308,97286,97325,97299,97316,128.45833333333331,17,-4018.0,22,17,1934.0,True,True,bp,-0.6140350877192983
1944,118.79171050468193,32,20,-2,97340,97325,97357,97332,97348,96.5,16,-3138.0,15,17,1675.0,True,False,bp,-0.6140350877192983
1945,444.58262574382115,87,-9,13,97407,97357,97444,97384,97428,50.465838509316775,44,-3128.0,50,37,2886.0,True,False,bp,-0.6140350877192983
1946,593.0193680870574,45,26,25,97479,97444,97489,97463,97481,168.09375,18,-2788.0,35,10,1216.0,False,False,bp,-0.6140350877192983
1947,570.8202374226073,86,-13,30,97547,97489,97575,97525,97558,81.75,33,-3236.0,58,28,2951.0,True,True,bp,-0.6140350877192983
1948,554.9040246420274,68,-5,-26,97596,97575,97643,97578,97618,65.88131313131315,40,-2357.0,21,47,3505.0,False,False,bp,-0.6140350877192983
1949,360.3942553641577,89,-13,29,91763,91704,91793,91732,91775,43.83064516129032,43,434.0,59,30,2088.0,True,False,bp,-5.145833333333333
1950,949.1287701515582,45,13,-5,91813,91793,91838,91805,91833,111.5375,28,-100.0,20,25,1525.0,False,False,bp,-5.145833333333333
1951,384.8596386403528,99,-16,49,91912,91838,91937,91874,91925,37.98987854251012,51,-2891.0,74,25,1388.0,False,False,bp,-5.145833333333333
1952,433.3107088628552,103,-33,39,92008,91937,92040,91960,92021,100.91746794871794,61,-4340.0,71,32,2444.0,False,False,bp,-5.145833333333333
1953,279.58702841051775,31,-7,13,92062,92040,92071,92049,92065,140.26923076923077,16,-3281.0,22,9,1802.0,True,False,bp,-5.145833333333333
1954,150.53632706383655,33,-6,-15,92080,92071,92104,92074,92101,96.5595238095238,27,-2959.0,9,24,1425.0,True,False,bp,-5.145833333333333
1955,528.9831296189041,51,1,1,92130,92104,92155,92122,92142,92.20833333333334,20,-3216.0,26,25,1886.0,True,True,bp,-5.145833333333333
1956,231.852184201858,63,-1,-23,92175,92155,92218,92163,92193,27.63888888888889,30,-2783.0,20,43,1824.0,True,False,bp,-5.145833333333333
1957,486.78442242326486,35,4,-11,92230,92218,92253,92222,92242,119.0,20,-2833.0,12,23,2189.0,True,False,bp,-5.145833333333333
1958,363.8798704035526,68,-26,-16,92279,92253,92321,92266,92309,51.18846153846154,43,-2918.0,26,42,2352.0,True,False,bp,-5.145833333333333
1959,525.3750399935622,33,-6,-15,92330,92321,92354,92326,92350,147.375,24,-2366.0,9,24,1774.0,True,False,bp,-5.145833333333333
1960,447.5622031034503,83,-18,-33,92379,92354,92437,92368,92414,64.94935064935065,46,-2534.0,25,58,3084.0,True,False,bp,-5.145833333333333
1961,963.1804695330333,50,-14,2,91730,91704,91754,91720,91747,114.81764705882351,27,595.0,26,24,2252.0,True,True,bp,-5.145833333333333
1962,682.3596220883774,50,1,2,91780,91754,91804,91760,91785,114.8,25,707.0,26,24,2007.0,True,True,bp,-5.145833333333333
1963,375.82051106179483,45,10,-25,91814,91804,91849,91811,91832,156.91666666666669,21,1173.0,10,35,1451.0,False,False,bp,-5.145833333333333
1964,522.0811168267651,55,-16,29,91891,91849,91904,91863,91898,53.125,35,-531.0,42,13,1229.0,False,False,bp,-5.145833333333333
1965,179.64036091943166,46,-13,28,91941,91904,91950,91917,91948,19.050595238095237,31,-1531.0,37,9,739.0,False,False,bp,-5.145833333333333
1966,574.7298276830061,54,1,2,91978,91950,92004,91966,91991,91.29487179487178,25,-3375.0,28,26,2656.0,False,False,bp,-5.145833333333333
1967,312.18239451683706,33,18,17,92029,92004,92037,92017,92032,169.58333333333331,15,-2997.0,25,8,1924.0,True,False,bp,-5.145833333333333
1968,728.3679931577365,66,4,18,92079,92037,92103,92065,92091,67.95833333333334,26,-4016.0,42,24,2807.0,True,False,bp,-5.145833333333333
1969,469.3956921402015,81,20,1,92144,92103,92184,92121,92147,171.3913043478261,26,-4503.0,41,40,2358.0,False,False,bp,-5.145833333333333
1970,268.95999735422816,37,11,-11,92197,92184,92221,92193,92207,90.65,14,-2742.0,13,24,1644.0,False,False,bp,-5.145833333333333
1971,319.34253048696047,54,12,-4,92246,92221,92275,92232,92257,57.814935064935064,25,-2508.0,25,29,2293.0,True,True,bp,-5.145833333333333
1972,273.51007408874267,68,12,-14,92302,92275,92343,92294,92319,77.63970588235293,25,-1533.0,27,41,2366.0,True,False,bp,-5.145833333333333
1973,619.4505483133315,78,7,30,92397,92343,92421,92356,92403,157.40447154471545,47,-2567.0,54,24,3365.0,True,True,bp,-5.145833333333333
1974,590.2255755113307,34,9,-16,94129,94120,94154,94123,94142,128.93589743589746,19,5871.0,9,25,3430.0,False,False,bp,0.0
1975,3452.0256593431927,56,31,-2,94181,94154,94210,94170,94196,310.03636363636366,26,202.0,27,29,5633.0,False,False,bp,0.0
1976,2193.7848065661765,110,28,-4,94263,94210,94320,94253,94283,235.0,30,-389.0,53,57,6056.0,True,False,bp,0.0
1977,2576.0468311437685,68,15,8,94358,94320,94388,94341,94365,264.0840336134454,24,-530.0,38,30,5222.0,True,False,bp,0.0
1978,1109.7128821134309,83,-14,-31,94414,94388,94471,94404,94448,133.93529411764706,44,649.0,26,57,3421.0,True,True,bp,0.0
1979,2238.718325203153,50,15,0,94496,94471,94521,94478,94510,143.44047619047618,32,-531.0,25,25,4639.0,True,True,bp,0.0
1980,1914.5803756952039,83,4,27,94576,94521,94604,94557,94588,178.953947368421,31,-1236.0,55,28,5196.0,True,True,bp,0.0
1981,1903.9258962040064,83,19,-23,94634,94604,94687,94623,94657,191.8181818181818,34,-2224.0,30,53,3629.0,True,True,bp,0.0
1982,2363.1987877816737,68,-3,16,94729,94687,94755,94710,94736,240.08646616541355,26,-3653.0,42,26,5259.0,False,False,bp,0.0
1983,515.1978632670217,32,-4,-14,94764,94755,94787,94759,94779,88.6,20,612.0,9,23,2334.0,False,False,bp,0.0
1984,2103.1057712416737,51,31,-5,94810,94787,94838,94795,94824,177.15952380952382,29,-2547.0,23,28,3760.0,False,False,bp,0.0
1985,1303.158742659932,100,-3,18,94897,94838,94938,94884,94915,133.16239316239316,31,-2831.0,59,41,4418.0,False,False,bp,0.0
1986,408.1963871194457,43,30,-25,94947,94938,94981,94943,94951,181.375,8,-86.0,9,34,1679.0,False,False,bp,0.0
1987,1530.2383877679606,53,3,-23,94996,94981,95034,94989,95013,209.86134453781517,24,-2756.0,15,38,3292.0,False,False,bp,0.0
1988,738.4840634182723,65,30,-41,95046,95034,95099,95040,95058,162.45833333333334,18,-1824.0,12,53,3013.0,True,False,bp,0.0
1989,572.6551058567172,28,17,-4,95111,95099,95127,95106,95118,163.5285714285714,12,-711.0,12,16,1563.0,True,False,bp,0.0
1990,344.5314561261283,44,6,26,95162,95127,95171,95147,95164,130.15,17,-1552.0,35,9,1264.0,True,True,bp,0.0
1991,720.0508005336333,50,-6,6,95199,95171,95221,95187,95215,71.98958333333334,28,-2695.0,28,22,1731.0,True,False,bp,0.0
1992,880.0807945095697,94,16,-44,95246,95221,95315,95237,95272,129.13888888888889,35,-3975.0,25,69,3628.0,True,False,bp,0.0
1993,1466.6327865675516,56,16,6,95346,95315,95371,95323,95353,162.47826086956522,30,-4133.0,31,25,3589.0,True,False,bp,0.0
1994,539.19396069153,99,6,9,95425,95371,95470,95399,95433,78.09134615384616,34,-3093.0,54,45,1768.0,True,False,bp,0.0
1995,125.55452067968044,22,8,-6,95478,95470,95492,95473,95486,82.0375,13,-2680.0,8,14,559.0,False,False,bp,0.0
1996,423.8586997254413,45,-4,-3,95513,95492,95537,95507,95525,133.79166666666666,18,-4346.0,21,24,1614.0,False,False,bp,0.0
1997,168.0539319561523,49,15,-29,95547,95537,95586,95539,95558,128.14204545454544,19,-4454.0,10,39,2453.0,False,False,bp,0.0
1998,480.17267666451113,34,1,-16,95595,95586,95620,95592,95615,120.875,23,-2991.0,9,25,1769.0,False,False,bp,0.0
1999,519.6538047945348,84,-16,4,95664,95620,95704,95639,95680,66.07875,41,-4859.0,44,40,2002.0,False,False,bp,0.0
2000,281.48686618029143,80,4,-64,95712,95704,95784,95705,95746,42.94957983193277,41,-3310.0,8,72,2347.0,False,False,bp,0.0
2001,1042.369675918486,36,5,-10,95797,95784,95820,95791,95814,142.80392156862746,23,-3366.0,13,23,2953.0,True,False,bp,0.0
2002,878.1721512354184,73,2,-1,95856,95820,95893,95842,95875,92.07330827067669,33,-3348.0,36,37,2012.0,True,False,bp,0.0
2003,1152.7611374242595,65,-23,7,95929,95893,95958,95910,95949,85.4592105263158,39,-3332.0,36,29,4382.0,False,False,bp,0.0
2004,1405.5178237104965,79,26,-45,95975,95958,96037,95965,95992,182.53529411764703,27,-3619.0,17,62,5732.0,True,False,bp,0.0
2005,1154.2065119190706,50,-6,-6,96059,96037,96087,96045,96075,89.04910714285714,30,-1121.0,22,28,2075.0,True,True,bp,0.0
2006,823.2171915916376,51,-13,-1,96112,96087,96138,96099,96134,80.40734265734267,35,-2342.0,25,26,1987.0,True,False,bp,0.0
2007,344.1922888367762,99,-44,-9,96183,96138,96237,96156,96225,43.773809523809526,69,-2917.0,45,54,2693.0,True,False,bp,0.0
2008,373.522274098546,88,9,-38,96262,96237,96325,96250,96292,80.225,42,-2828.0,25,63,2969.0,True,False,bp,0.0
2009,1265.0499945281686,43,-7,7,96350,96325,96368,96343,96363,187.23076923076923,20,-2970.0,25,18,3156.0,True,False,bp,0.0
2010,689.2020956946914,49,7,5,96395,96368,96417,96376,96401,69.22368421052633,25,-2142.0,27,22,1751.0,True,True,bp,0.0
2011,848.5604166676279,54,11,6,96447,96417,96471,96433,96458,106.87987012987013,25,-2074.0,30,24,3208.0,True,False,bp,0.0
2012,615.4294678530712,100,-29,18,96530,96471,96571,96494,96549,80.82894736842105,55,-2850.0,59,41,3704.0,True,False,bp,0.0
2013,812.9866006203545,32,3,-14,96580,96571,96603,96575,96598,164.69444444444446,23,-1599.0,9,23,1555.0,True,False,bp,0.0
2014,753.1390628847246,67,4,-15,96629,96603,96670,96624,96646,154.0529411764706,22,-2462.0,26,41,2346.0,False,False,bp,0.0
2015,170.5556428158278,68,16,-50,96679,96670,96738,96672,96708,53.044334975369466,36,-1063.0,9,59,1671.0,False,False,bp,0.0
2016,545.730615940131,66,22,-12,96765,96738,96804,96760,96780,155.46666666666667,20,-1569.0,27,39,1150.0,False,False,bp,0.0
2017,473.61874487342413,50,-2,0,96829,96804,96854,96822,96840,133.974025974026,18,-2763.0,25,25,1040.0,False,False,bp,0.0
2018,94.97428240477284,39,25,-23,96862,96854,96893,96856,96869,70.1309523809524,13,-2524.0,8,31,893.0,True,False,bp,0.0
2019,185.22997018563058,44,4,10,96920,96893,96937,96907,96926,77.5,19,-2903.0,27,17,1132.0,True,True,bp,0.0
2020,486.4911178260461,51,-8,-7,96959,96937,96988,96949,96981,86.23181818181818,32,-3510.0,22,29,3013.0,True,False,bp,0.0
2021,467.3903847533595,61,-8,23,97030,96988,97049,97005,97036,100.06666666666666,31,-2988.0,42,19,1745.0,True,False,bp,0.0
2022,609.3914859413276,38,6,-12,97062,97049,97087,97059,97080,128.16666666666669,21,-2166.0,13,25,2729.0,False,False,bp,0.0
2023,592.9915031564948,70,-18,36,97140,97087,97157,97107,97153,31.174825174825173,46,-1816.0,53,17,1088.0,False,False,bp,0.0
2024,484.2079347276049,81,-43,-3,97196,97157,97238,97181,97232,68.19166666666666,51,-3425.0,39,42,2654.0,False,False,bp,0.0
2025,183.81545468447732,34,-7,-22,97244,97238,97272,97240,97261,110.77205882352942,21,-2017.0,6,28,2306.0,False,False,bp,0.0
2026,1680.0951141650878,59,-3,-3,94112,94084,94143,94095,94127,134.22156862745098,32,-856.0,28,31,4251.0,True,True,bp,0.0
2027,2270.153163850749,61,-1,-19,94164,94143,94204,94156,94185,225.34523809523807,29,-1154.0,21,40,6724.0,True,True,bp,0.0
2028,1910.7705722436829,61,-10,-11,94229,94204,94265,94213,94249,103.53125,36,1016.0,25,36,3290.0,False,False,bp,0.0
2029,3574.1327083631195,54,1,-2,94291,94265,94319,94275,94302,298.2471590909091,27,-3093.0,26,28,7521.0,False,False,bp,0.0
2030,2654.321710713974,52,-3,4,94347,94319,94371,94330,94358,234.73262032085563,28,-1897.0,28,24,6265.0,True,True,bp,0.0
2031,2170.8322068593448,49,20,-1,94395,94371,94420,94383,94403,247.0625,20,-1655.0,24,25,3867.0,True,True,bp,0.0
2032,1064.422918535486,49,-6,9,94449,94420,94469,94443,94463,202.1190476190476,20,-1418.0,29,20,2733.0,True,True,bp,0.0
2033,321.5819548736425,68,-7,-14,94496,94469,94537,94477,94514,45.92105263157895,37,-416.0,27,41,1859.0,True,True,bp,0.0
2034,1273.506604973411,67,23,-21,94560,94537,94604,94544,94569,129.05555555555554,25,-1239.0,23,44,3402.0,True,True,bp,0.0
2035,1030.1525589877106,79,26,-19,94634,94604,94683,94617,94655,101.56162464985994,38,-1707.0,30,49,2990.0,True,True,bp,0.0
2036,1186.443942612197,71,-12,23,94730,94683,94754,94719,94747,97.03475935828877,28,-520.0,47,24,3932.0,False,False,bp,0.0
2037,1499.4340633462734,65,-25,-15,94779,94754,94819,94763,94813,111.95772058823529,50,-1773.0,25,40,4268.0,True,False,bp,0.0
2038,814.5038567019133,88,-44,32,94879,94819,94907,94838,94900,66.7479674796748,62,-2518.0,60,28,2931.0,True,True,bp,0.0
2039,927.5446567735312,80,15,-2,94946,94907,94987,94918,94964,76.53968253968254,46,-2300.0,39,41,4500.0,False,False,bp,0.0
2040,418.2286398081933,84,-14,34,95046,94987,95071,95025,95058,62.55952380952381,33,445.0,59,25,1212.0,False,False,bp,0.0
2041,1201.3420677356412,45,1,3,95095,95071,95116,95077,95100,153.93333333333334,23,-1012.0,24,21,2243.0,False,False,bp,0.0
2042,307.72662491238106,55,5,-29,95129,95116,95171,95124,95149,142.65,25,-795.0,13,42,1233.0,False,False,bp,0.0
2043,1031.720836173578,46,7,-6,95191,95171,95217,95179,95202,136.8030303030303,23,-2934.0,20,26,3024.0,False,False,bp,0.0
2044,544.2686433551044,69,-27,-11,95246,95217,95286,95232,95280,61.182773109243705,48,-1861.0,29,40,2750.0,True,False,bp,0.0
2045,408.1708918105692,35,16,17,95312,95286,95321,95301,95315,166.6060606060606,14,-1195.0,26,9,1417.0,False,False,bp,0.0
2046,1304.1161174237145,65,8,17,95362,95321,95386,95345,95368,188.10784313725492,23,-2682.0,41,24,3495.0,False,False,bp,0.0
2047,556.5031725304326,51,-6,7,95415,95386,95437,95399,95424,97.38194444444444,25,-1251.0,29,22,1691.0,True,True,bp,0.0
2048,811.5345852513148,34,10,-14,95447,95437,95471,95443,95463,170.15625,20,-1733.0,10,24,2438.0,True,False,bp,0.0
2049,298.771608940672,67,-6,17,95513,95471,95538,95493,95525,77.49166666666667,32,-1389.0,42,25,2886.0,True,False,bp,0.0
2050,276.3444340017388,32,24,18,95563,95538,95570,95551,95566,129.75,15,-525.0,25,7,1387.0,False,False,bp,0.0
2051,483.2540224796965,100,-2,-14,95613,95570,95670,95605,95640,164.91203703703704,35,-3059.0,43,57,2539.0,False,False,bp,0.0
2052,252.3437822628244,22,1,-4,95679,95670,95692,95673,95684,178.51666666666665,11,-2269.0,9,13,1957.0,True,False,bp,0.0
2053,244.15428130717663,45,-6,-29,95700,95692,95737,95696,95723,107.18478260869566,27,-1623.0,8,37,1701.0,True,False,bp,0.0
2054,562.047376920757,53,-7,-3,95762,95737,95790,95744,95776,46.547619047619044,32,-1875.0,25,28,2419.0,True,True,bp,0.0
2055,637.3064660490079,47,-11,-1,95813,95790,95837,95801,95831,77.08333333333333,30,-1690.0,23,24,2197.0,True,True,bp,0.0
2056,883.5053487623525,51,-6,3,95864,95837,95888,95850,95881,93.31932773109243,31,-2022.0,27,24,2940.0,True,True,bp,0.0
2057,1290.8098646233882,67,-2,-19,95912,95888,95955,95906,95936,137.02083333333331,30,-1506.0,24,43,3816.0,True,True,bp,0.0
2058,1265.9794040266968,48,-20,-2,95978,95955,96003,95964,95996,96.25793650793649,32,-1086.0,23,25,2546.0,True,False,bp,0.0
2059,710.0337353049565,34,-2,-16,96012,96003,96037,96008,96029,237.2352941176471,21,-1389.0,9,25,2701.0,True,True,bp,0.0
2060,895.1802475433751,49,3,1,96062,96037,96086,96048,96073,89.3961038961039,25,-1627.0,25,24,2655.0,True,True,bp,0.0
2061,691.0953451577342,69,12,-17,96112,96086,96155,96101,96130,131.04040404040404,29,-2111.0,26,43,3418.0,False,False,bp,0.0
2062,210.90807891943803,32,8,16,96179,96155,96187,96171,96184,88.8875,13,-310.0,24,8,963.0,False,False,bp,0.0
2063,894.1208866461802,35,9,15,96212,96187,96222,96205,96217,203.82857142857142,12,-1541.0,25,10,2493.0,False,False,bp,0.0
2064,1208.383416371538,48,12,-2,96245,96222,96270,96238,96250,331.22857142857134,12,-3364.0,23,25,3168.0,True,True,bp,0.0
2065,549.6984232579666,32,1,-8,96282,96270,96302,96274,96292,115.8625,18,-2370.0,12,20,1528.0,True,True,bp,0.0
2066,822.5452842432892,41,-4,1,96323,96302,96343,96311,96332,105.31944444444444,21,-2964.0,21,20,1958.0,False,False,bp,0.0
2067,97.06324716705498,27,14,1,96357,96343,96370,96349,96362,71.6875,13,-1357.0,14,13,1422.0,False,False,bp,0.0
2068,965.1364870434649,38,10,12,96395,96370,96408,96389,96401,188.25,12,-1295.0,25,13,3243.0,False,False,bp,0.0
2069,1031.7119991730826,65,21,9,96445,96408,96473,96423,96458,114.89510489510492,35,-1472.0,37,28,3182.0,True,False,bp,0.0
2070,199.32008949756988,64,3,48,96529,96473,96537,96514,96531,88.16666666666669,17,-776.0,56,8,857.0,False,False,bp,0.0
2071,719.1685475046754,50,1,2,96563,96537,96587,96551,96572,109.23611111111113,21,-1602.0,26,24,2659.0,True,True,bp,0.0
2072,1188.577252401452,34,-4,4,96606,96587,96621,96594,96617,119.2159090909091,23,-2839.0,19,15,1359.0,False,False,bp,0.0
2073,182.81188943751687,32,29,16,96645,96621,96653,96636,96648,182.8333333333333,12,-4558.0,24,8,1652.0,False,False,bp,0.0
2074,896.357583148762,73,14,13,96696,96653,96726,96689,96701,457.1285714285714,12,-9575.0,43,30,4470.0,False,False,bp,0.0
2075,355.77830404951965,34,20,-28,96729,96726,96760,96727,96746,258.88235294117646,19,-6117.0,3,31,3858.0,False,False,bp,0.0
2076,1105.3376105205894,44,6,26,96795,96760,96804,96785,96799,273.1,14,-6635.0,35,9,3064.0,True,True,bp,0.0
2077,456.3644213308218,67,-10,19,96847,96804,96871,96819,96857,73.75357142857143,38,-8411.0,43,24,1502.0,False,False,bp,0.0
2078,262.024337611762,33,-7,17,96896,96871,96904,96885,96900,129.04545454545453,15,-7930.0,25,8,2638.0,False,False,bp,0.0
2079,199.13794615315902,53,-8,-13,96924,96904,96957,96908,96941,42.255514705882355,33,-5814.0,20,33,2722.0,False,False,bp,0.0
2080,246.038266272822,32,2,4,96975,96957,96989,96966,96981,121.66666666666666,15,-5343.0,18,14,2080.0,True,True,bp,0.0
2081,329.7887359796468,39,-2,7,97012,96989,97028,96998,97014,142.89285714285714,16,-5904.0,23,16,1467.0,False,False,bp,0.0
2082,170.18838861118851,61,8,-49,97034,97028,97089,97028,97065,62.90591397849462,37,-4846.0,6,55,4029.0,False,False,bp,0.0
2083,482.91169080317763,78,-20,2,97129,97089,97167,97110,97154,63.43578947368422,44,-4032.0,40,38,1382.0,False,False,bp,0.0
2084,572.0046752946972,42,-12,10,97193,97167,97209,97178,97202,93.58888888888887,24,-6287.0,26,16,1492.0,False,False,bp,0.0
2085,113.95380185257194,43,17,-27,97217,97209,97252,97214,97228,223.04545454545456,14,-6504.0,8,35,3037.0,False,False,bp,0.0
2086,1041.7265118596792,84,0,2,98446,98403,98487,98411,98458,133.03809523809522,47,-1899.0,43,41,5015.0,True,True,bp,-2.1129032258064515
2087,763.267877905539,84,-21,2,98530,98487,98571,98505,98557,66.42666666666666,52,-437.0,43,41,1905.0,True,True,bp,-2.1129032258064515
2088,788.6003210228756,83,-22,-1,98612,98571,98654,98588,98634,83.0965909090909,46,-2021.0,41,42,4269.0,False,False,bp,-2.1129032258064515
2089,343.3549121018908,32,-2,-12,98664,98654,98686,98658,98675,94.3560606060606,17,1277.0,10,22,2433.0,False,False,bp,-2.1129032258064515
2090,369.99170068595873,34,19,-14,98696,98686,98720,98690,98705,122.19444444444444,15,2283.0,10,24,1598.0,False,False,bp,-2.1129032258064515
2091,897.1477488632678,68,8,16,98762,98720,98788,98739,98768,138.68478260869566,29,93.0,42,26,2605.0,False,False,bp,-2.1129032258064515
2092,952.249746471371,66,17,-18,98812,98788,98854,98805,98831,142.25187969924812,26,-209.0,24,42,2847.0,True,True,bp,-2.1129032258064515
2093,1220.7740478527585,63,23,-13,98879,98854,98917,98874,98896,199.51176470588237,22,-204.0,25,38,3267.0,True,True,bp,-2.1129032258064515
2094,1031.7217365436709,74,-16,20,98964,98917,98991,98941,98982,80.32487922705316,41,126.0,47,27,2389.0,True,True,bp,-2.1129032258064515
2095,1696.2690875915714,47,0,3,99016,98991,99038,99007,99032,181.20138888888889,25,-1949.0,25,22,3331.0,True,True,bp,-2.1129032258064515
2096,1897.0650237623126,66,6,-10,99066,99038,99104,99057,99081,187.86666666666667,24,-2130.0,28,38,4952.0,True,True,bp,-2.1129032258064515
2097,2891.087561364793,50,12,0,99129,99104,99154,99111,99135,296.52777777777777,24,-3517.0,25,25,5992.0,True,True,bp,-2.1129032258064515
2098,1088.8460045974236,51,-13,31,99195,99154,99205,99171,99200,142.09583333333333,29,-1164.0,41,10,2102.0,True,True,bp,-2.1129032258064515
2099,593.3035328919026,49,-17,31,99245,99205,99254,99216,99249,100.625,33,-1427.0,40,9,1405.0,True,True,bp,-2.1129032258064515
2100,278.9362774820509,33,3,15,99278,99254,99287,99265,99284,71.93589743589743,19,-1255.0,24,9,1393.0,False,False,bp,-2.1129032258064515
2101,1396.909822371068,50,4,6,99315,99287,99337,99306,99329,143.83333333333331,23,-2655.0,28,22,4179.0,False,False,bp,-2.1129032258064515
2102,1149.3946700139236,50,0,0,99362,99337,99387,99356,99374,188.2083333333333,18,-585.0,25,25,4354.0,False,False,bp,-2.1129032258064515
2103,631.7421990911096,45,-2,5,99412,99387,99432,99392,99422,100.375,30,1139.0,25,20,-234.0,False,False,bp,-2.1129032258064515
2104,1053.3182594501707,39,-6,1,99452,99432,99471,99450,99468,46.625,18,718.0,20,19,1386.0,False,False,bp,-2.1129032258064515
2105,1974.614512510036,93,25,-51,99492,99471,99564,99480,99514,215.15151515151518,34,-3992.0,21,72,6810.0,False,False,bp,-2.1129032258064515
2106,643.014213709019,39,14,-9,99579,99564,99603,99573,99583,165.04166666666669,10,350.0,15,24,913.0,False,False,bp,-2.1129032258064515
2107,539.7644792714839,34,-3,-16,99612,99603,99637,99607,99632,93.15,25,108.0,9,25,1952.0,True,False,bp,-2.1129032258064515
2108,758.37614531926,50,-18,24,99674,99637,99687,99654,99683,96.93055555555556,29,-235.0,37,13,2265.0,True,True,bp,-2.1129032258064515
2109,812.87563725386,50,-13,4,99714,99687,99737,99694,99727,94.37115384615385,33,-1765.0,27,23,2287.0,True,True,bp,-2.1129032258064515
2110,354.12356630787133,46,-2,-4,99758,99737,99783,99747,99768,74.82727272727273,21,-1448.0,21,25,1964.0,False,False,bp,-2.1129032258064515
2111,189.92737087937317,37,17,-25,99789,99783,99820,99787,99811,74.81818181818181,24,129.0,6,31,1693.0,False,False,bp,-2.1129032258064515
2112,279.2585409538813,116,-19,-30,99863,99820,99936,99852,99910,74.00580270793037,58,-855.0,43,73,1891.0,True,False,bp,-2.1129032258064515
2113,730.1698163599742,48,-5,6,99963,99936,99984,99949,99973,105.52142857142857,24,-2244.0,27,21,1911.0,True,False,bp,-2.1129032258064515
2114,737.4113766438029,53,-18,3,100012,99984,100037,99992,100026,91.81071428571428,34,-2904.0,28,25,2395.0,True,True,bp,-2.1129032258064515
2115,274.32812359884747,33,-3,-13,100047,100037,100070,100042,100060,114.77692307692308,18,-2051.0,10,23,1911.0,True,True,bp,-2.1129032258064515
2116,385.98894299654336,35,-1,-15,100080,100070,100105,100075,100093,110.3,18,-2135.0,10,25,1474.0,True,True,bp,-2.1129032258064515
2117,799.6296775042844,49,0,-1,100129,100105,100154,100110,100138,106.80994152046783,28,-2735.0,24,25,2632.0,True,True,bp,-2.1129032258064515
2118,1015.8418138471104,51,-10,1,100180,100154,100205,100166,100196,68.34375,30,-2777.0,26,25,2697.0,True,True,bp,-2.1129032258064515
2119,769.8999992673787,50,-2,0,100230,100205,100255,100216,100242,96.20833333333334,26,-3485.0,25,25,1661.0,False,False,bp,-2.1129032258064515
2120,43.642205127663146,22,3,10,100271,100255,100277,100266,100276,9.4,10,-2321.0,16,6,72.0,False,False,bp,-2.1129032258064515
2121,383.3086320727671,41,0,11,100303,100277,100318,100289,100312,96.1904761904762,23,-3101.0,26,15,2048.0,False,False,bp,-2.1129032258064515
2122,634.6896326299074,85,-16,-29,100346,100318,100403,100335,100379,95.06060606060606,44,-5140.0,28,57,2364.0,True,False,bp,-2.1129032258064515
2123,211.54234343012908,36,1,-16,100413,100403,100439,100407,100424,83.47727272727272,17,-4125.0,10,26,1499.0,True,False,bp,-2.1129032258064515
2124,552.9795984890874,45,9,-33,100445,100439,100484,100442,100466,155.16666666666669,24,-4085.0,6,39,2996.0,False,False,bp,-2.1129032258064515
2125,694.4250349547983,53,2,3,100512,100484,100537,100499,100519,85.47252747252746,20,-2371.0,28,25,1903.0,False,False,bp,-2.1129032258064515
2126,196.82140774224118,19,22,-3,100545,100537,100556,100541,100551,166.66666666666666,10,-2086.0,8,11,1353.0,False,False,bp,-2.1129032258064515
2127,438.06930280994317,98,-28,18,100614,100556,100654,100583,100634,53.23709677419353,51,-3494.0,58,40,3559.0,False,False,bp,-2.1129032258064515
2128,474.3247815128229,67,36,-51,100662,100654,100721,100657,100685,141.12608695652173,28,-1778.0,8,59,3186.0,True,False,bp,-2.1129032258064515
2129,1048.2066696010966,63,17,21,100763,100721,100784,100749,100769,124.11904761904762,20,-2363.0,42,21,1827.0,False,False,bp,-2.1129032258064515
2130,830.7120140517569,66,6,-10,100812,100784,100850,100806,100834,168.66666666666666,28,-3860.0,28,38,2593.0,True,False,bp,-2.1129032258064515
2131,1383.4696529836106,61,15,-15,98429,98406,98467,98422,98442,200.12637362637363,20,-735.0,23,38,3321.0,False,False,bp,-2.1129032258064515
2132,730.2649428802209,36,-5,-8,98481,98467,98503,98477,98498,110.46323529411764,21,1393.0,14,22,2571.0,False,False,bp,-2.1129032258064515
2133,426.3379863475006,68,-16,-16,98529,98503,98571,98514,98552,58.8695652173913,38,1236.0,26,42,993.0,False,False,bp,-2.1129032258064515
2134,536.2509414350633,39,1,-19,98581,98571,98610,98574,98595,149.53571428571428,21,-290.0,10,29,2056.0,False,False,bp,-2.1129032258064515
2135,756.6629918266012,44,4,-8,98628,98610,98654,98617,98642,83.90584415584415,25,1226.0,18,26,3813.0,False,False,bp,-2.1129032258064515
2136,388.35915468473434,78,-17,6,98696,98654,98732,98671,98713,54.970588235294116,42,1352.0,42,36,1200.0,False,False,bp,-2.1129032258064515
2137,660.0776318823488,38,7,-10,98746,98732,98770,98738,98765,118.68092105263158,27,534.0,14,24,2513.0,True,False,bp,-2.1129032258064515
2138,825.2389550513085,84,24,2,98813,98770,98854,98799,98829,83.22767857142857,30,421.0,43,41,3396.0,True,False,bp,-2.1129032258064515
2139,863.3111861168636,84,-27,24,98908,98854,98938,98883,98927,69.62105263157895,44,1224.0,54,30,3731.0,True,False,bp,-2.1129032258064515
2140,1194.2377159263308,48,-20,2,98963,98938,98986,98944,98979,78.09210526315789,35,1666.0,25,23,2501.0,True,False,bp,-2.1129032258064515
2141,906.4711755499546,52,-26,8,99016,98986,99038,98994,99032,83.70454545454545,38,461.0,30,22,2540.0,True,True,bp,-2.1129032258064515
2142,987.4550832856096,50,-4,4,99065,99038,99088,99044,99080,63.98095238095239,36,983.0,27,23,2931.0,True,True,bp,-2.1129032258064515
2143,1959.9388782594046,66,-16,8,99125,99088,99154,99112,99145,149.8576923076923,33,-568.0,37,29,4713.0,True,True,bp,-2.1129032258064515
2144,1783.7974310228465,50,4,0,99179,99154,99204,99162,99184,223.11176470588236,22,-605.0,25,25,3311.0,True,True,bp,-2.1129032258064515
2145,900.26202184362,67,-20,-11,99232,99204,99271,99210,99256,69.83143939393939,46,-710.0,28,39,3111.0,True,True,bp,-2.1129032258064515
2146,910.3845380998382,82,-21,0,99312,99271,99353,99282,99331,93.9657894736842,49,-337.0,41,41,3338.0,True,False,bp,-2.1129032258064515
2147,465.82183270662637,34,-8,4,99372,99353,99387,99359,99380,87.30288461538461,21,1188.0,19,15,1642.0,True,False,bp,-2.1129032258064515
2148,502.8994152025975,51,-6,-27,99399,99387,99438,99393,99424,100.62,31,1311.0,12,39,2334.0,True,False,bp,-2.1129032258064515
2149,1607.8591389010805,64,-8,-18,99461,99438,99502,99449,99483,127.3901515151515,34,-391.0,23,41,4018.0,True,True,bp,-2.1129032258064515
2150,2334.7924141170915,51,8,-23,99516,99502,99553,99509,99532,273.49107142857144,23,-1070.0,14,37,4642.0,True,True,bp,-2.1129032258064515
2151,2887.486989522422,51,5,-3,99577,99553,99604,99563,99586,268.0119047619048,23,-3017.0,24,27,6229.0,True,True,bp,-2.1129032258064515
2152,1604.1930186568327,66,13,-18,99628,99604,99670,99614,99636,202.9642857142857,22,-1098.0,24,42,4145.0,False,False,bp,-2.1129032258064515
2153,95.93624150829069,34,6,-26,99674,99670,99704,99671,99691,92.69607843137257,20,2574.0,4,30,1062.0,False,False,bp,-2.1129032258064515
2154,665.1026254856522,34,0,16,99729,99704,99738,99717,99734,125.1,17,1679.0,25,9,2120.0,True,False,bp,-2.1129032258064515
2155,435.267860589216,35,8,5,99758,99738,99773,99751,99765,125.64285714285714,14,1546.0,20,15,1312.0,True,True,bp,-2.1129032258064515
2156,417.1349118811924,47,-6,-1,99796,99773,99820,99787,99817,52.38888888888889,30,1500.0,23,24,1160.0,False,False,bp,-2.1129032258064515
2157,1259.283189950084,50,5,8,99849,99820,99870,99841,99865,160.71875,24,-501.0,29,21,3628.0,False,False,bp,-2.1129032258064515
2158,516.0357293920941,63,2,7,99905,99870,99933,99894,99916,90.77272727272728,22,752.0,35,28,1357.0,False,False,bp,-2.1129032258064515
2159,761.4065899464351,71,-2,-5,99966,99933,100004,99940,99975,107.07478632478632,35,-936.0,33,38,2710.0,False,False,bp,-2.1129032258064515
2160,778.9130619827355,66,9,-20,100027,100004,100070,100008,100042,80.8280701754386,34,-1099.0,23,43,1854.0,True,True,bp,-2.1129032258064515
2161,736.5736927180568,68,6,-8,100100,100070,100138,100085,100124,110.02083333333331,39,-1856.0,30,38,2394.0,True,True,bp,-2.1129032258064515
2162,463.4967775670992,68,1,14,100179,100138,100206,100169,100190,116.22272727272728,21,-1454.0,41,27,1641.0,True,False,bp,-2.1129032258064515
2163,119.80849328305464,29,4,-7,100217,100206,100235,100212,100233,74.1125,21,-827.0,11,18,1404.0,True,False,bp,-2.1129032258064515
2164,422.0597644417023,85,-3,3,100279,100235,100320,100258,100297,78.80952380952381,39,-2222.0,44,41,3245.0,True,False,bp,-2.1129032258064515
2165,1095.771072790338,63,-21,21,100362,100320,100383,100333,100371,96.0,38,-4450.0,42,21,2231.0,False,False,bp,-2.1129032258064515
2166,493.6696009856329,55,-1,-19,100401,100383,100438,100388,100419,87.63247863247864,31,-3954.0,18,37,3446.0,True,False,bp,-2.1129032258064515
2167,869.3883309978113,32,25,16,100462,100438,100470,100449,100466,171.9423076923077,17,-2369.0,24,8,2768.0,True,False,bp,-2.1129032258064515
2168,395.5109202194022,84,-18,34,100529,100470,100554,100508,100542,88.57326007326006,34,-2981.0,59,25,2396.0,True,False,bp,-2.1129032258064515
2169,371.07302046651535,34,-4,16,100579,100554,100588,100558,100584,94.32857142857144,26,-2957.0,25,9,1430.0,False,False,bp,-2.1129032258064515
2170,768.9960930704044,88,2,-8,100628,100588,100676,100606,100641,107.0,35,-4564.0,40,48,4811.0,False,False,bp,-2.1129032258064515
2171,1133.6943303910064,49,29,-17,100692,100676,100725,100678,100699,167.64285714285714,21,-1562.0,16,33,3992.0,False,False,bp,-2.1129032258064515
2172,1202.0615757772428,57,23,19,100763,100725,100782,100749,100770,142.46428571428572,21,-2331.0,38,19,1649.0,False,False,bp,-2.1129032258064515
2173,1594.9202296673573,83,24,35,102129,102070,102153,102112,102136,161.19327731092437,24,-1220.0,59,24,2883.0,True,False,bp,1.7826086956521738
2174,2070.834173892078,73,-15,15,102197,102153,102226,102184,102216,161.09919028340082,32,-3101.0,44,29,5816.0,True,True,bp,1.7826086956521738
2175,1693.5293377062835,60,5,-14,102249,102226,102286,102233,102262,121.54567307692308,29,-573.0,23,37,3680.0,True,True,bp,1.7826086956521738
2176,2421.555944299665,68,34,-16,102312,102286,102354,102296,102320,263.59375,24,-2553.0,26,42,5951.0,True,True,bp,1.7826086956521738
2177,2597.9580928573564,67,-7,17,102396,102354,102421,102378,102407,236.48737373737373,29,-3645.0,42,25,6142.0,True,False,bp,1.7826086956521738
2178,1158.7429175627412,32,-6,16,102445,102421,102453,102429,102447,165.4375,18,-1423.0,24,8,1105.0,False,False,bp,1.7826086956521738
2179,837.6543098334743,70,-7,-18,102479,102453,102523,102459,102503,97.65833333333332,44,-2154.0,26,44,7235.0,False,False,bp,1.7826086956521738
2180,1108.1508525648992,48,15,-2,102546,102523,102571,102540,102557,202.1136363636364,17,2731.0,23,25,3081.0,False,False,bp,1.7826086956521738
2181,1474.4940367240022,67,15,-17,102596,102571,102638,102589,102614,174.6349206349206,25,1958.0,25,42,2875.0,True,True,bp,1.7826086956521738
2182,3099.531254023136,66,5,-16,102663,102638,102704,102654,102686,250.9227053140097,32,-772.0,25,41,8187.0,True,True,bp,1.7826086956521738
2183,1431.809576758453,66,-17,18,102746,102704,102770,102723,102764,92.07608695652172,41,916.0,42,24,1722.0,False,False,bp,1.7826086956521738
2184,1858.6607195472027,68,18,-14,102797,102770,102838,102788,102818,212.0,30,-2151.0,27,41,6542.0,False,False,bp,1.7826086956521738
2185,4257.2091844964925,78,11,6,102880,102838,102916,102866,102896,295.1517857142857,30,-5420.0,42,36,8361.0,True,True,bp,1.7826086956521738
2186,4738.131455432181,71,4,13,102958,102916,102987,102937,102969,367.74675324675314,32,-7553.0,42,29,11177.0,False,False,bp,1.7826086956521738
2187,1323.743245707111,67,-6,-7,103017,102987,103054,103005,103041,92.33333333333331,36,411.0,30,37,2793.0,False,False,bp,1.7826086956521738
2188,1443.7873458151776,66,1,-16,103079,103054,103120,103071,103100,170.29464285714286,29,-293.0,25,41,3724.0,True,True,bp,1.7826086956521738
2189,2608.4759266040423,51,2,-7,103142,103120,103171,103130,103158,203.6458333333333,28,-2054.0,22,29,5606.0,True,True,bp,1.7826086956521738
2190,3164.799866200144,66,2,-4,103202,103171,103237,103188,103217,253.32142857142856,29,-3222.0,31,35,7781.0,False,False,bp,1.7826086956521738
2191,1573.2914674301526,50,-7,8,103266,103237,103287,103248,103275,138.86111111111111,27,990.0,29,21,3197.0,False,False,bp,1.7826086956521738
2192,2277.0839146476683,47,-1,-5,103308,103287,103334,103295,103320,204.15064102564102,25,-256.0,21,26,5341.0,True,True,bp,1.7826086956521738
2193,1810.5926724169126,53,23,3,103362,103334,103387,103344,103380,113.33333333333331,36,-627.0,28,25,3047.0,True,False,bp,1.7826086956521738
2194,1221.0297136852273,100,-5,18,103446,103387,103487,103439,103467,212.52380952380955,28,-2625.0,59,41,2746.0,False,False,bp,1.7826086956521738
2195,391.52303090232283,66,23,-48,103496,103487,103553,103490,103524,88.70833333333334,34,-1162.0,9,57,3283.0,False,False,bp,1.7826086956521738
2196,249.79631308183468,50,0,34,103595,103553,103603,103581,103599,105.85714285714286,18,-530.0,42,8,989.0,False,False,bp,1.7826086956521738
2197,514.7925658979123,50,-1,4,103630,103603,103653,103617,103637,108.01648351648352,20,-2558.0,27,23,1240.0,False,False,bp,1.7826086956521738
2198,877.1245162444555,34,-14,-10,103665,103653,103687,103656,103682,80.42156862745098,26,-2525.0,12,22,3408.0,False,False,bp,1.7826086956521738
2199,775.9574813323305,40,15,10,103712,103687,103727,103694,103714,101.75,20,-1640.0,25,15,745.0,False,False,bp,1.7826086956521738
2200,678.0925956017812,59,-6,11,103762,103727,103786,103749,103780,82.96581196581197,31,-3777.0,35,24,1975.0,False,False,bp,1.7826086956521738
2201,873.6163734600271,87,2,-1,103829,103786,103873,103805,103847,88.75,42,-5669.0,43,44,3696.0,False,False,bp,1.7826086956521738
2202,573.0665957778142,65,-12,5,103908,103873,103938,103891,103923,51.50588235294118,32,-3341.0,35,30,1954.0,False,False,bp,1.7826086956521738
2203,694.8955776065865,59,15,-11,103962,103938,103997,103943,103967,90.07368421052631,24,-4032.0,24,35,1106.0,False,False,bp,1.7826086956521738
2204,349.30893765835884,39,19,-9,104012,103997,104036,104006,104015,228.25,9,-4131.0,15,24,2054.0,True,True,bp,1.7826086956521738
2205,426.256221981118,34,8,-12,104047,104036,104070,104043,104055,164.0,12,-3912.0,11,23,1595.0,True,False,bp,1.7826086956521738
2206,365.0056052631373,57,8,-29,104084,104070,104127,104075,104113,54.501915708812255,38,-3675.0,14,43,1984.0,True,False,bp,1.7826086956521738
2207,381.10736755964064,87,-2,17,104179,104127,104214,104159,104191,81.28333333333333,32,-3551.0,52,35,2704.0,True,False,bp,1.7826086956521738
2208,381.7679428788498,63,16,-33,104229,104214,104277,104221,104250,62.24404761904761,29,-2656.0,15,48,1980.0,True,True,bp,1.7826086956521738
2209,343.9100647540098,43,0,19,104308,104277,104320,104295,104314,72.1474358974359,19,-2015.0,31,12,1837.0,True,True,bp,1.7826086956521738
2210,271.370424500156,50,-15,32,104361,104320,104370,104333,104365,96.44642857142857,32,-2086.0,41,9,1617.0,True,True,bp,1.7826086956521738
2211,552.5518345970495,64,5,-14,104395,104370,104434,104382,104414,83.41497975708502,32,-2796.0,25,39,2049.0,True,False,bp,1.7826086956521738
2212,2551.825350431818,67,18,-13,102114,102087,102154,102104,102131,225.22352941176467,27,-2407.0,27,40,4333.0,True,True,bp,1.7826086956521738
2213,1918.5862107595694,66,10,10,102192,102154,102220,102176,102204,178.94791666666669,28,-2777.0,38,28,5095.0,True,True,bp,1.7826086956521738
2214,1413.8622390306027,51,-4,7,102249,102220,102271,102242,102261,225.16666666666669,19,-1473.0,29,22,4018.0,True,True,bp,1.7826086956521738
2215,891.2956591420523,55,-24,19,102308,102271,102326,102276,102316,77.796875,40,-351.0,37,18,1974.0,True,False,bp,1.7826086956521738
2216,540.2658146667535,32,5,-8,102338,102326,102358,102332,102348,162.41666666666669,16,-819.0,12,20,2480.0,True,False,bp,1.7826086956521738
2217,1338.9189852809554,60,10,-10,102383,102358,102418,102369,102392,127.24603174603176,23,-1578.0,25,35,2977.0,True,False,bp,1.7826086956521738
2218,1145.6470684630679,69,-7,-13,102446,102418,102487,102425,102465,82.26441102756894,40,-1096.0,28,41,4430.0,True,True,bp,1.7826086956521738
2219,3324.0521494620216,63,-3,-13,102512,102487,102550,102498,102531,207.23684210526318,33,-1973.0,25,38,8561.0,True,True,bp,1.7826086956521738
2220,1849.19889784206,87,-19,3,102595,102550,102637,102561,102618,102.10358056265986,57,-1210.0,45,42,4203.0,True,True,bp,1.7826086956521738
2221,3849.4249888760655,67,12,-11,102665,102637,102704,102656,102683,321.3055555555556,27,-3815.0,28,39,9646.0,True,True,bp,1.7826086956521738
2222,1712.0012599628885,83,-6,-1,102745,102704,102787,102722,102764,105.0491990846682,42,-888.0,41,42,2807.0,False,False,bp,1.7826086956521738
2223,1545.3123962856534,51,8,1,102813,102787,102838,102800,102828,104.65641025641024,28,-34.0,26,25,3879.0,True,True,bp,1.7826086956521738
2224,1938.9387973972027,80,-5,8,102882,102838,102918,102864,102899,143.67647058823533,35,-2423.0,44,36,4439.0,True,True,bp,1.7826086956521738
2225,2978.5720838989964,69,-15,-9,102948,102918,102987,102929,102969,200.27443609022555,40,-5518.0,30,39,8782.0,True,True,bp,1.7826086956521738
2226,1966.9994378115252,67,-1,-15,103013,102987,103054,102994,103033,121.29868421052632,39,-1633.0,26,41,3936.0,True,True,bp,1.7826086956521738
2227,2047.4255360886395,50,3,0,103079,103054,103104,103071,103092,251.75961538461542,21,-2010.0,25,25,6184.0,True,True,bp,1.7826086956521738
2228,1871.9001328944614,62,3,20,103145,103104,103166,103116,103148,210.132183908046,32,-349.0,41,21,2652.0,False,False,bp,1.7826086956521738
2229,1785.3207504132833,70,-15,-8,103197,103166,103236,103183,103220,149.97670807453414,37,-3187.0,31,39,4613.0,False,False,bp,1.7826086956521738
2230,3713.5183018254747,51,4,-19,103252,103236,103287,103242,103268,322.325,26,-4631.0,16,35,9939.0,False,False,bp,1.7826086956521738
2231,2019.6501999847574,50,10,2,103313,103287,103337,103298,103320,201.86190476190484,22,352.0,26,24,3669.0,False,False,bp,1.7826086956521738
2232,1417.682799193857,68,-25,16,103379,103337,103405,103352,103396,80.4400871459695,44,-377.0,42,26,2596.0,False,False,bp,1.7826086956521738
2233,3862.989821683559,52,13,-6,103428,103405,103457,103415,103438,384.7192307692308,23,-6596.0,23,29,8657.0,False,False,bp,1.7826086956521738
2234,1170.9824951724306,46,0,22,103491,103457,103503,103474,103498,119.71008403361343,24,-1737.0,34,12,2124.0,False,False,bp,1.7826086956521738
2235,1116.136527980705,57,14,-5,103529,103503,103560,103522,103541,170.80952380952382,19,-2205.0,26,31,3930.0,False,False,bp,1.7826086956521738
2236,475.8647275131879,44,-3,4,103584,103560,103604,103574,103593,84.2,19,-126.0,24,20,1404.0,False,False,bp,1.7826086956521738
2237,639.4394018249587,49,-27,3,103630,103604,103653,103609,103647,50.08963585434174,38,-1130.0,26,23,1649.0,True,True,bp,1.7826086956521738
2238,684.5431294907746,34,3,-14,103663,103653,103687,103658,103681,161.31111111111113,23,-1861.0,10,24,2921.0,True,False,bp,1.7826086956521738
2239,414.8731499198159,51,-6,33,103729,103687,103738,103707,103733,151.76136363636363,26,-1833.0,42,9,2062.0,True,False,bp,1.7826086956521738
2240,482.75804355353887,49,9,-1,103762,103738,103787,103753,103766,168.48611111111111,13,-2256.0,24,25,1859.0,False,False,bp,1.7826086956521738
2241,244.694813490677,40,7,-26,103794,103787,103827,103788,103808,73.16666666666666,20,-1257.0,7,33,1771.0,False,False,bp,1.7826086956521738
2242,572.228699623937,43,4,-7,103845,103827,103870,103835,103853,129.0875,18,-1281.0,18,25,2352.0,True,True,bp,1.7826086956521738
2243,594.0028426249556,50,7,-32,103879,103870,103920,103875,103899,183.9,24,-1275.0,9,41,2538.0,True,False,bp,1.7826086956521738
2244,778.7614110857339,50,-2,2,103946,103920,103970,103930,103952,118.17708333333331,22,-756.0,26,24,2207.0,True,True,bp,1.7826086956521738
2245,351.2303083017805,50,-16,0,103995,103970,104020,103972,104008,20.391304347826086,36,-562.0,25,25,1224.0,False,False,bp,1.7826086956521738
2246,763.8717209751545,48,-12,4,104046,104020,104068,104028,104056,125.24444444444444,28,-2745.0,26,22,1977.0,False,False,bp,1.7826086956521738
2247,632.7202411478376,31,8,-7,104080,104068,104099,104072,104086,152.52083333333331,14,-2887.0,12,19,2521.0,True,False,bp,1.7826086956521738
2248,381.7411270744452,56,21,-28,104113,104099,104155,104108,104127,160.0285714285714,19,-2500.0,14,42,2670.0,True,False,bp,1.7826086956521738
2249,497.15342684622607,49,-12,31,104195,104155,104204,104167,104200,73.02142857142857,33,-1554.0,40,9,1754.0,True,False,bp,1.7826086956521738
2250,1003.8255217600598,51,4,25,104242,104204,104255,104221,104250,107.36904761904762,29,-2643.0,38,13,2790.0,True,False,bp,1.7826086956521738
2251,965.2710954536012,98,17,-18,104295,104255,104353,104283,104315,113.53333333333332,32,-2477.0,40,58,3353.0,True,False,bp,1.7826086956521738
2252,627.6458783072857,67,-7,-15,104379,104353,104420,104364,104398,76.70701754385965,34,-1504.0,26,41,2602.0,True,True,bp,1.7826086956521738
2253,812.8530312050494,68,0,-6,104451,104420,104488,104425,104466,70.7602564102564,41,-1664.0,31,37,2637.0,True,True,bp,1.7826086956521738
2254,1000.2885437199042,83,-6,11,106234,106187,106270,106216,106249,115.32777777777778,33,-355.0,47,36,3715.0,False,False,bp,-2.979591836734694
2255,586.6227295719467,51,-10,-1,106295,106270,106321,106276,106309,37.097744360902254,33,1230.0,25,26,1973.0,True,True,bp,-2.979591836734694
2256,603.5218353333122,49,-18,-5,106343,106321,106370,106332,106363,51.84090909090909,31,1765.0,22,27,2997.0,False,False,bp,-2.979591836734694
2257,909.2243039247667,39,-4,13,106396,106370,106409,106376,106402,97.59166666666668,26,2438.0,26,13,1753.0,True,True,bp,-2.979591836734694
2258,265.5329674994306,61,-15,15,106447,106409,106470,106424,106458,49.24703557312253,34,1225.0,38,23,650.0,False,False,bp,-2.979591836734694
2259,704.7920798017523,51,-12,-1,106495,106470,106521,106477,106515,48.827777777777776,38,652.0,25,26,2999.0,False,False,bp,-2.979591836734694
2260,1988.542345059292,60,4,14,106558,106521,106581,106541,106567,192.66666666666669,26,-780.0,37,23,4603.0,True,True,bp,-2.979591836734694
2261,1376.4172510641226,56,35,6,106612,106581,106637,106597,106620,111.95833333333334,23,1266.0,31,25,2230.0,False,False,bp,-2.979591836734694
2262,2391.4443254337452,88,3,28,106695,106637,106725,106678,106708,212.4886877828054,30,-2782.0,58,30,6292.0,False,False,bp,-2.979591836734694
2263,1740.3955149125754,62,6,2,106757,106725,106787,106741,106767,126.8875,26,-220.0,32,30,3180.0,True,True,bp,-2.979591836734694
2264,598.9464380052207,67,-37,-15,106813,106787,106854,106799,106847,71.98529411764707,48,258.0,26,41,3028.0,False,False,bp,-2.979591836734694
2265,178.88971455673217,33,17,-17,106862,106854,106887,106858,106875,105.68269230769229,17,2174.0,8,25,1625.0,False,False,bp,-2.979591836734694
2266,1035.6747714515145,100,17,-16,106929,106887,106987,106909,106946,79.09705882352941,37,-518.0,42,58,1955.0,False,False,bp,-2.979591836734694
2267,1407.1372474545026,65,9,-13,107013,106987,107052,107000,107032,103.01012145748987,32,-735.0,26,39,4737.0,False,False,bp,-2.979591836734694
2268,1573.120683767061,84,2,-6,107091,107052,107136,107073,107108,108.99836601307189,35,537.0,39,45,3719.0,True,True,bp,-2.979591836734694
2269,3725.9197269407337,52,13,-2,107161,107136,107188,107145,107171,326.725,26,-3025.0,25,27,8830.0,True,True,bp,-2.979591836734694
2270,1612.9708602631254,66,-11,18,107230,107188,107254,107210,107247,73.34411764705881,37,893.0,42,24,1189.0,False,False,bp,-2.979591836734694
2271,1089.1699148249734,100,-14,18,107313,107254,107354,107273,107334,113.96666666666668,61,-3871.0,59,41,6470.0,False,False,bp,-2.979591836734694
2272,2038.768188917429,68,-6,14,107395,107354,107422,107381,107413,117.51190476190477,32,-545.0,41,27,4374.0,False,False,bp,-2.979591836734694
2273,3406.0809731915747,65,17,-9,107450,107422,107487,107439,107466,284.7784090909091,27,-4615.0,28,37,5782.0,True,True,bp,-2.979591836734694
2274,2299.487399983721,67,19,17,107529,107487,107554,107510,107535,232.94298245614036,25,-4199.0,42,25,4326.0,True,True,bp,-2.979591836734694
2275,1840.6160114664813,83,4,-3,107594,107554,107637,107579,107610,152.58541666666667,31,-3763.0,40,43,5405.0,True,True,bp,-2.979591836734694
2276,1038.5560282051383,51,1,1,107663,107637,107688,107645,107674,93.64141414141416,29,-1342.0,26,25,2619.0,True,True,bp,-2.979591836734694
2277,307.67561849876296,66,-30,18,107730,107688,107754,107704,107750,35.838461538461544,46,-972.0,42,24,1141.0,True,True,bp,-2.979591836734694
2278,299.9033878517501,48,6,4,107780,107754,107802,107766,107785,106.85714285714286,19,-1655.0,26,22,1506.0,True,True,bp,-2.979591836734694
2279,493.7714773431081,48,25,-26,107813,107802,107850,107810,107820,253.59523809523807,10,-1699.0,11,37,2938.0,False,False,bp,-2.979591836734694
2280,84.75325440909735,20,11,-4,107858,107850,107870,107855,107864,95.41666666666669,9,958.0,8,12,965.0,False,False,bp,-2.979591836734694
2281,518.5816762973608,40,4,12,107896,107870,107910,107884,107903,62.97619047619048,19,246.0,26,14,1220.0,False,False,bp,-2.979591836734694
2282,763.1114451641948,44,-4,20,107942,107910,107954,107926,107948,116.47916666666669,22,-1246.0,32,12,1935.0,False,False,bp,-2.979591836734694
2283,364.68210544476585,66,-37,-14,107980,107954,108020,107966,108014,38.936974789915965,48,-1026.0,26,40,1842.0,True,False,bp,-2.979591836734694
2284,213.3842445726432,34,19,-14,108030,108020,108054,108025,108036,164.96666666666667,11,-983.0,10,24,1954.0,True,False,bp,-2.979591836734694
2285,597.0867614292196,51,17,1,108080,108054,108105,108066,108091,78.69805194805195,25,-543.0,26,25,2220.0,True,True,bp,-2.979591836734694
2286,309.9397178352785,83,-13,-1,108146,108105,108188,108133,108171,79.7323076923077,38,-1735.0,41,42,1078.0,False,False,bp,-2.979591836734694
2287,878.7870732479082,44,5,4,108212,108188,108232,108196,108219,111.73660714285714,23,-3143.0,24,20,2386.0,False,False,bp,-2.979591836734694
2288,304.99411207549616,61,-2,-1,108262,108232,108293,108247,108275,63.37948717948719,28,-2122.0,30,31,1623.0,False,False,bp,-2.979591836734694
2289,134.55123110775048,29,-2,7,108311,108293,108322,108301,108318,29.1,17,-1066.0,18,11,827.0,False,False,bp,-2.979591836734694
2290,279.7239914147657,37,12,9,108345,108322,108359,108333,108347,109.04166666666666,14,-2194.0,23,14,917.0,False,False,bp,-2.979591836734694
2291,529.688287364116,62,9,-22,108379,108359,108421,108373,108399,143.10833333333332,26,-3570.0,20,42,2676.0,False,False,bp,-2.979591836734694
2292,221.3294399067636,68,-11,-16,108447,108421,108489,108434,108473,13.730769230769232,39,-2045.0,26,42,2001.0,False,False,bp,-2.979591836734694
2293,533.5576867806807,46,-6,2,108513,108489,108535,108501,108524,82.2840909090909,23,-2753.0,24,22,792.0,False,False,bp,-2.979591836734694
2294,660.1412201606048,42,-2,-22,108545,108535,108577,108541,108564,126.85526315789473,23,-3170.0,10,32,2829.0,False,False,bp,-2.979591836734694
2295,1183.3471052442005,60,-5,0,108607,108577,108637,108585,108616,119.97474747474749,31,-2730.0,30,30,3467.0,False,False,bp,-2.979591836734694
2296,429.4820414053685,67,9,-47,108647,108637,108704,108642,108683,79.08055555555555,41,-317.0,10,57,2324.0,False,False,bp,-2.979591836734694
2297,137.56036674199555,101,-38,51,106196,106120,106221,106160,106215,40.70540935672515,55,-1301.0,76,25,1419.0,False,False,bp,-2.979591836734694
2298,213.29503811676673,40,-10,10,106246,106221,106261,106232,106257,28.15909090909091,25,-1041.0,25,15,1157.0,True,True,bp,-2.979591836734694
2299,152.65734065411561,26,10,12,106280,106261,106287,106272,106283,190.47916666666663,11,-1239.0,19,7,2265.0,True,False,bp,-2.979591836734694
2300,834.6377122424786,52,-10,-2,106312,106287,106339,106304,106334,117.44886363636364,30,-1561.0,25,27,2741.0,True,False,bp,-2.979591836734694
2301,613.7413065705614,82,-15,-28,106366,106339,106421,106354,106405,87.66987179487178,51,-1103.0,27,55,4440.0,True,False,bp,-2.979591836734694
2302,1141.9466455459194,67,-1,15,106462,106421,106488,106441,106473,149.65367965367966,32,-913.0,41,26,3322.0,True,False,bp,-2.979591836734694
2303,1235.8710379436434,48,-7,2,106513,106488,106536,106504,106527,158.94444444444446,23,-1774.0,25,23,2555.0,True,True,bp,-2.979591836734694
2304,673.166403610507,41,5,-11,106551,106536,106577,106543,106566,96.1875,23,-940.0,15,26,2346.0,True,True,bp,-2.979591836734694
2305,1961.8944239715242,57,10,1,106606,106577,106634,106594,106614,211.2708333333333,20,-2544.0,29,28,3860.0,True,True,bp,-2.979591836734694
2306,802.8637559614543,87,-7,-31,106662,106634,106721,106644,106692,84.27777777777777,48,-2688.0,28,59,4542.0,False,False,bp,-2.979591836734694
2307,1195.3727096805158,50,-4,0,106746,106721,106771,106733,106764,104.33760683760686,31,-321.0,25,25,3465.0,False,False,bp,-2.979591836734694
2308,589.0306243045243,49,-14,35,106813,106771,106820,106791,106816,98.71212121212122,25,-236.0,42,7,997.0,False,False,bp,-2.979591836734694
2309,1163.23882065524,51,12,-3,106844,106820,106871,106827,106850,170.56862745098042,23,-1050.0,24,27,3731.0,False,False,bp,-2.979591836734694
2310,1380.802856396226,83,-12,-27,106899,106871,106954,106885,106928,98.30295566502464,43,-879.0,28,55,4148.0,True,False,bp,-2.979591836734694
2311,803.9549162102134,84,-41,20,107006,106954,107038,106959,107022,113.17087765957449,63,-435.0,52,32,3581.0,True,False,bp,-2.979591836734694
2312,345.3202874288225,18,17,2,107048,107038,107056,107044,107051,209.16666666666669,7,1108.0,10,8,994.0,False,False,bp,-2.979591836734694
2313,1267.2492749499534,65,13,5,107091,107056,107121,107075,107100,129.92013888888889,25,-236.0,35,30,3342.0,False,False,bp,-2.979591836734694
2314,2638.406751786801,67,4,-13,107148,107121,107188,107138,107169,233.0857142857143,31,-2854.0,27,40,6927.0,True,True,bp,-2.979591836734694
2315,2252.269073375854,50,4,0,107213,107188,107238,107204,107230,189.99019607843132,26,-309.0,25,25,4091.0,True,True,bp,-2.979591836734694
2316,1106.5414417026784,83,-27,29,107294,107238,107321,107260,107307,110.2364253393665,47,-2248.0,56,27,3156.0,False,False,bp,-2.979591836734694
2317,706.3274464086577,39,5,-17,107332,107321,107360,107327,107347,116.03333333333332,20,-415.0,11,28,3225.0,False,False,bp,-2.979591836734694
2318,1764.611285355367,63,12,-25,107379,107360,107423,107372,107397,210.89285714285717,25,-1439.0,19,44,3035.0,True,False,bp,-2.979591836734694
2319,1795.800565141703,54,-7,16,107458,107423,107477,107434,107467,138.95833333333334,33,-2810.0,35,19,3872.0,True,True,bp,-2.979591836734694
2320,1995.651569735565,60,14,10,107512,107477,107537,107493,107518,210.71929824561403,25,-3326.0,35,25,3880.0,True,True,bp,-2.979591836734694
2321,1495.5949253717708,67,5,-9,107566,107537,107604,107557,107588,196.709595959596,31,-3980.0,29,38,4427.0,True,True,bp,-2.979591836734694
2322,748.4169787251798,73,11,-21,107630,107604,107677,107624,107651,148.82142857142856,27,-1997.0,26,47,1814.0,True,False,bp,-2.979591836734694
2323,981.0876128397188,43,24,-11,107693,107677,107720,107689,107702,298.5555555555556,13,-3437.0,16,27,2011.0,True,False,bp,-2.979591836734694
2324,685.970485235066,34,16,18,107746,107720,107754,107739,107750,253.92857142857144,11,-4504.0,26,8,2382.0,True,False,bp,-2.979591836734694
2325,195.02569942729767,67,-24,47,107811,107754,107821,107777,107815,72.78676470588233,38,-5072.0,57,10,1535.0,False,False,bp,-2.979591836734694
2326,846.4831045858043,49,5,-7,107842,107821,107870,107829,107851,128.26495726495727,22,-4128.0,21,28,4464.0,False,False,bp,-2.979591836734694
2327,1098.7469667917017,38,1,16,107897,107870,107908,107878,107901,139.30921052631578,23,-2516.0,27,11,1968.0,True,True,bp,-2.979591836734694
2328,707.3784191990463,63,-15,-19,107930,107908,107971,107925,107957,229.8962962962963,32,-3938.0,22,41,2434.0,True,False,bp,-2.979591836734694
2329,289.54982012793675,50,-24,0,107996,107971,108021,107974,108016,35.288636363636364,42,-2957.0,25,25,1581.0,True,True,bp,-2.979591836734694
2330,180.9347374830629,70,0,-18,108047,108021,108091,108034,108070,80.77926421404682,36,-3437.0,26,44,1894.0,True,True,bp,-2.979591836734694
2331,645.9903414639314,46,-3,-2,108113,108091,108137,108106,108126,128.45604395604394,20,-3815.0,22,24,1589.0,False,False,bp,-2.979591836734694
2332,1333.8573925918113,50,1,0,108162,108137,108187,108143,108166,207.4013157894737,23,-6751.0,25,25,2481.0,False,False,bp,-2.979591836734694
2333,219.4114720438068,32,2,-8,108199,108187,108219,108190,108208,65.05555555555556,18,-5550.0,12,20,1174.0,True,True,bp,-2.979591836734694
2334,123.84026600952282,21,14,1,108230,108219,108240,108228,108233,209.91666666666669,5,-5383.0,11,10,1014.0,True,True,bp,-2.979591836734694
2335,466.5140925012507,46,15,0,108263,108240,108286,108252,108271,173.7443181818182,19,-5518.0,23,23,3598.0,False,False,bp,-2.979591836734694
2336,1277.6066489565699,54,17,-2,108312,108286,108340,108305,108322,340.79285714285714,17,-6250.0,26,28,4064.0,True,True,bp,-2.979591836734694
2337,478.9691498514109,77,5,3,108380,108340,108417,108356,108392,70.75,36,-4230.0,40,37,2844.0,True,True,bp,-2.979591836734694
2338,1202.858384097278,48,0,2,108442,108417,108465,108433,108453,97.01515151515152,20,-3441.0,25,23,3006.0,True,True,bp,-2.979591836734694
2339,604.9268072126537,38,-1,4,108486,108465,108503,108473,108492,87.30128205128204,19,-2910.0,21,17,1201.0,False,False,bp,-2.979591836734694
2340,524.6593289154811,51,-17,-27,108515,108503,108554,108510,108549,96.45,39,-3038.0,12,39,3971.0,False,False,bp,-2.979591836734694
2341,1003.563953745377,67,3,5,108590,108554,108621,108571,108600,112.17105263157896,29,-1733.0,36,31,3905.0,True,True,bp,-2.979591836734694
2342,328.2563892045614,63,-5,-13,108646,108621,108684,108632,108665,71.76127819548874,33,-507.0,25,38,1926.0,True,False,bp,-2.979591836734694
2343,1627.6218422942718,61,8,11,110146,110110,110171,110124,110153,197.25649350649348,29,-510.0,36,25,4415.0,False,False,bp,-2.6333333333333333
2344,670.3829502449611,99,-29,-15,110213,110171,110270,110190,110250,35.28965922444184,60,2845.0,42,57,3768.0,False,False,bp,-2.6333333333333333
2345,2018.3316085802908,67,6,-15,110296,110270,110337,110281,110316,146.975,35,1339.0,26,41,4952.0,True,True,bp,-2.6333333333333333
2346,1054.6233565146072,68,-10,18,110380,110337,110405,110357,110397,77.46930946291559,40,2349.0,43,25,2741.0,True,True,bp,-2.6333333333333333
2347,1364.5179417376607,65,12,17,110446,110405,110470,110427,110453,186.90977443609023,26,2081.0,41,24,4086.0,True,True,bp,-2.6333333333333333
2348,3065.019055045976,67,21,9,110508,110470,110537,110491,110517,246.1045751633987,26,330.0,38,29,6140.0,True,True,bp,-2.6333333333333333
2349,2745.933168607801,84,-9,26,110592,110537,110621,110564,110606,191.69642857142856,42,-1946.0,55,29,6679.0,True,True,bp,-2.6333333333333333
2350,2846.5632889413646,85,35,-33,110647,110621,110706,110639,110664,293.76470588235287,25,-2107.0,26,59,5225.0,True,False,bp,-2.6333333333333333
2351,3386.907459693902,66,0,2,110740,110706,110772,110724,110756,232.71875,32,-3774.0,34,32,8307.0,True,True,bp,-2.6333333333333333
2352,2339.245437502589,66,-15,-8,110801,110772,110838,110788,110829,191.7898351648352,41,-2813.0,29,37,4391.0,True,True,bp,-2.6333333333333333
2353,1273.412914044951,62,-6,-6,110866,110838,110900,110855,110884,130.1818181818182,29,-1384.0,28,34,3179.0,True,True,bp,-2.6333333333333333
2354,1767.7468213095444,53,3,-23,110915,110900,110953,110907,110933,165.10416666666669,26,-490.0,15,38,5682.0,False,False,bp,-2.6333333333333333
2355,2253.475996596052,68,33,-18,110978,110953,111021,110962,110992,193.01785714285717,30,-1736.0,25,43,4515.0,False,False,bp,-2.6333333333333333
2356,2913.5494223652645,81,6,27,111075,111021,111102,111055,111086,241.1931818181818,31,-6351.0,54,27,5394.0,False,False,bp,-2.6333333333333333
2357,1739.6637407555938,85,21,-27,111131,111102,111187,111123,111151,185.6,28,-4174.0,29,56,6536.0,False,False,bp,-2.6333333333333333
2358,1486.7021429099245,67,19,-15,111213,111187,111254,111200,111237,101.8221153846154,37,-620.0,26,41,5178.0,False,False,bp,-2.6333333333333333
2359,302.96133905557105,84,0,72,111332,111254,111338,111293,111335,123.03846153846152,42,-1698.0,78,6,1474.0,False,False,bp,-2.6333333333333333
2360,1436.0152529080224,84,-4,40,111400,111338,111422,111377,111411,154.9308300395257,34,-3048.0,62,22,4734.0,True,True,bp,-2.6333333333333333
2361,606.5148496509065,99,-50,49,111496,111422,111521,111441,111508,87.44318181818181,67,-2653.0,74,25,3399.0,True,False,bp,-2.6333333333333333
2362,820.8136660464818,50,-13,0,111546,111521,111571,111525,111558,66.66666666666667,33,-1533.0,25,25,1928.0,True,False,bp,-2.6333333333333333
2363,1021.093679556024,50,-4,2,111597,111571,111621,111578,111608,96.32535885167464,30,-2808.0,26,24,2717.0,True,True,bp,-2.6333333333333333
2364,1029.9010482207493,72,-6,-22,111646,111621,111693,111634,111676,103.625,42,-3253.0,25,47,4306.0,True,False,bp,-2.6333333333333333
2365,1038.248756717587,61,-3,13,111730,111693,111754,111712,111738,139.93055555555554,26,-3322.0,37,24,1790.0,False,False,bp,-2.6333333333333333
2366,139.83240611567197,51,11,-29,111765,111754,111805,111761,111781,141.6875,20,-3263.0,11,40,1983.0,True,False,bp,-2.6333333333333333
2367,510.4442571632888,50,18,0,111830,111805,111855,111812,111834,108.19444444444444,22,-3549.0,25,25,1498.0,True,True,bp,-2.6333333333333333
2368,397.5985518631897,66,-13,16,111896,111855,111921,111874,111907,84.81818181818181,33,-4232.0,41,25,2176.0,True,True,bp,-2.6333333333333333
2369,285.4238557396715,67,-47,25,111967,111921,111988,111927,111983,35.2875,56,-4555.0,46,21,1388.0,True,False,bp,-2.6333333333333333
2370,592.7137232870275,47,-2,-29,111997,111988,112035,111992,112022,138.22,30,-5184.0,9,38,2047.0,True,False,bp,-2.6333333333333333
2371,510.3258467492657,53,-20,5,112064,112035,112088,112050,112085,50.88095238095239,35,-4654.0,29,24,1762.0,True,True,bp,-2.6333333333333333
2372,358.31129911477007,50,-4,2,112114,112088,112138,112100,112126,52.39880952380952,26,-4257.0,26,24,2069.0,True,True,bp,-2.6333333333333333
2373,643.4324857139078,50,-10,2,112164,112138,112188,112148,112180,67.15625,32,-4140.0,26,24,2552.0,True,True,bp,-2.6333333333333333
2374,423.98973434938307,62,6,-6,112216,112188,112250,112202,112226,43.42857142857143,24,-3245.0,28,34,1226.0,False,False,bp,-2.6333333333333333
2375,412.1457658548857,71,-26,-11,112280,112250,112321,112256,112302,56.00378787878788,46,-4945.0,30,41,2844.0,False,False,bp,-2.6333333333333333
2376,197.8907430151529,34,-3,-16,112330,112321,112355,112322,112346,60.96875,24,-2863.0,9,25,1723.0,False,False,bp,-2.6333333333333333
2377,492.14816619227486,50,-12,10,112385,112355,112405,112367,112398,55.28846153846154,31,-3274.0,30,20,1530.0,True,True,bp,-2.6333333333333333
2378,314.04568419205987,52,-13,-4,112429,112405,112457,112417,112446,38.453431372549026,29,-3266.0,24,28,1618.0,True,True,bp,-2.6333333333333333
2379,440.07641948570745,46,-9,0,112480,112457,112503,112462,112490,91.07777777777778,28,-3610.0,23,23,1477.0,True,True,bp,-2.6333333333333333
2380,660.9367671497729,52,-17,-28,112515,112503,112555,112509,112542,136.4074074074074,33,-4499.0,12,40,4133.0,False,False,bp,-2.6333333333333333
2381,315.9153137399103,67,10,-45,112566,112555,112622,112558,112594,65.5625,36,-1436.0,11,56,2752.0,False,False,bp,-2.6333333333333333
2382,544.6810881871147,47,-2,3,112647,112622,112669,112640,112658,131.63636363636363,18,-1899.0,25,22,701.0,False,False,bp,-2.6333333333333333
2383,320.12869037156946,70,12,-46,112681,112669,112739,112674,112709,91.64285714285714,35,-3367.0,12,58,2701.0,False,False,bp,-2.6333333333333333
2384,1390.7844384661425,84,-6,-6,110143,110104,110188,110127,110169,112.70192307692308,42,1756.0,39,45,5846.0,True,True,bp,-2.6333333333333333
2385,2921.8638690871508,66,2,-14,110214,110188,110254,110205,110232,252.88888888888889,27,1525.0,26,40,5330.0,True,True,bp,-2.6333333333333333
2386,920.2962327691728,87,-28,-3,110296,110254,110341,110261,110320,86.42857142857143,59,2174.0,42,45,5054.0,True,True,bp,-2.6333333333333333
2387,1959.0327021179971,64,8,-20,110363,110341,110405,110351,110384,152.64285714285714,33,2230.0,22,42,4136.0,True,True,bp,-2.6333333333333333
2388,2566.154750682341,67,-14,15,110446,110405,110472,110425,110458,256.44642857142856,33,-891.0,41,26,8228.0,True,True,bp,-2.6333333333333333
2389,1274.0508390544485,66,0,-18,110496,110472,110538,110477,110519,95.49313501144164,42,3114.0,24,42,2879.0,True,True,bp,-2.6333333333333333
2390,1401.1836251065954,49,11,33,110579,110538,110587,110561,110581,248.66666666666663,20,1468.0,41,8,2448.0,True,False,bp,-2.6333333333333333
2391,672.0265786787189,101,5,-15,110630,110587,110688,110612,110660,76.65,48,670.0,43,58,3803.0,True,False,bp,-2.6333333333333333
2392,2134.6137934320222,82,1,2,110730,110688,110770,110713,110747,194.7352941176471,34,-2228.0,42,40,6632.0,True,True,bp,-2.6333333333333333
2393,2141.001008685524,51,-20,1,110796,110770,110821,110782,110814,155.66666666666666,32,-1364.0,26,25,4131.0,True,False,bp,-2.6333333333333333
2394,432.18544479602167,33,29,-11,110832,110821,110854,110826,110846,156.85714285714286,20,392.0,11,22,2465.0,False,False,bp,-2.6333333333333333
2395,3201.912893481627,96,11,28,110916,110854,110950,110895,110928,278.25,33,-4001.0,62,34,9339.0,False,False,bp,-2.6333333333333333
2396,744.7234160419482,88,-14,40,111014,110950,111038,110972,111019,197.6095238095238,47,-1242.0,64,24,3437.0,True,False,bp,-2.6333333333333333
2397,981.3929642944008,51,15,25,111076,111038,111089,111052,111083,121.89285714285714,31,-912.0,38,13,2649.0,True,False,bp,-2.6333333333333333
2398,2116.3046232349875,93,-4,15,111143,111089,111182,111129,111164,158.91666666666669,35,-3190.0,54,39,6211.0,True,False,bp,-2.6333333333333333
2399,1576.8476992969074,73,-4,-11,111213,111182,111255,111195,111237,118.49305555555556,42,-1097.0,31,42,6093.0,True,True,bp,-2.6333333333333333
2400,1878.3510159188281,53,-2,23,111293,111255,111308,111275,111300,160.74603174603175,25,435.0,38,15,2709.0,True,False,bp,-2.6333333333333333
2401,867.7629167970751,45,22,5,111333,111308,111353,111323,111342,177.49444444444444,19,-646.0,25,20,1277.0,False,False,bp,-2.6333333333333333
2402,2060.3206228427584,68,6,20,111397,111353,111421,111383,111406,244.718253968254,23,-2381.0,44,24,7144.0,False,False,bp,-2.6333333333333333
2403,2226.17862907298,50,1,0,111446,111421,111471,111435,111459,181.05594405594402,24,-269.0,25,25,3141.0,True,True,bp,-2.6333333333333333
2404,658.1287888208337,65,-3,-13,111497,111471,111536,111484,111515,99.5,31,-1131.0,26,39,1623.0,False,False,bp,-2.6333333333333333
2405,1328.0555747180665,53,3,-31,111547,111536,111589,111543,111569,224.04545454545456,26,-2148.0,11,42,5220.0,False,False,bp,-2.6333333333333333
2406,1125.6408927660589,61,13,-13,111613,111589,111650,111598,111620,173.96666666666667,22,900.0,24,37,4135.0,False,False,bp,-2.6333333333333333
2407,1058.6720567030807,39,14,-13,111663,111650,111689,111655,111675,154.58333333333334,20,2189.0,13,26,2095.0,False,False,bp,-2.6333333333333333
2408,1298.7103460418869,65,-30,17,111730,111689,111754,111709,111749,106.74310776942356,40,-1768.0,41,24,2734.0,False,False,bp,-2.6333333333333333
2409,529.2448816627286,34,-9,4,111773,111754,111788,111759,111781,124.85714285714286,22,-1475.0,19,15,2611.0,True,True,bp,-2.6333333333333333
2410,524.6166962286915,33,-2,7,111808,111788,111821,111794,111815,91.39285714285714,21,-698.0,20,13,1760.0,True,True,bp,-2.6333333333333333
2411,1021.3074571642646,51,-4,1,111847,111821,111872,111834,111866,62.88056680161944,32,-375.0,26,25,2788.0,True,False,bp,-2.6333333333333333
2412,481.13736185714,100,-14,16,111930,111872,111972,111894,111943,56.361111111111114,49,-1235.0,58,42,1741.0,False,False,bp,-2.6333333333333333
2413,422.85838292846086,71,7,-23,111996,111972,112043,111978,112015,61.85672514619882,37,-1244.0,24,47,2423.0,True,True,bp,-2.6333333333333333
2414,953.8975672537294,66,12,-20,112066,112043,112109,112059,112084,111.11111111111113,25,-1114.0,23,43,2194.0,True,True,bp,-2.6333333333333333
2415,690.9000971422023,62,-2,16,112148,112109,112171,112121,112159,71.57575757575758,38,-1210.0,39,23,2163.0,True,True,bp,-2.6333333333333333
2416,558.6570447163185,74,35,12,112214,112171,112245,112195,112224,144.95526315789473,29,-2301.0,43,31,1954.0,True,True,bp,-2.6333333333333333
2417,605.616020476167,76,10,32,112299,112245,112321,112288,112304,247.97272727272724,16,-3352.0,54,22,2355.0,True,False,bp,-2.6333333333333333
2418,415.16921180863017,37,-7,17,112348,112321,112358,112330,112352,45.33333333333334,22,-2487.0,27,10,933.0,True,False,bp,-2.6333333333333333
2419,443.2341197909027,46,-5,-2,112380,112358,112404,112367,112391,42.22027972027972,24,-2623.0,22,24,2230.0,False,False,bp,-2.6333333333333333
2420,631.7720607705952,34,-1,18,112430,112404,112438,112410,112433,148.23333333333332,23,-2856.0,26,8,2231.0,True,False,bp,-2.6333333333333333
2421,925.4834386316977,66,-13,-16,112463,112438,112504,112455,112489,146.31730769230768,34,-3565.0,25,41,3057.0,True,False,bp,-2.6333333333333333
2422,902.1441556310052,39,6,-11,112518,112504,112543,112510,112531,124.79807692307692,21,-3083.0,14,25,2425.0,True,False,bp,-2.6333333333333333
2423,796.3288804314157,68,63,-28,112563,112543,112611,112558,112575,172.025,17,-2536.0,20,48,3234.0,True,False,bp,-2.6333333333333333
2424,711.0366506310614,94,16,46,112681,112611,112705,112655,112694,83.34615384615384,39,-2051.0,70,24,2993.0,True,True,bp,-2.6333333333333333
2425,1110.1222329567347,62,-5,18,114579,114539,114601,114556,114585,131.97101449275362,29,-652.0,40,22,2669.0,True,True,bp,-4.589285714285714
2426,939.0302543908963,55,1,1,114629,114601,114656,114609,114642,74.31538461538463,33,-591.0,28,27,2631.0,True,True,bp,-4.589285714285714
2427,757.9776498410193,46,2,34,114696,114656,114702,114676,114699,121.80833333333334,23,26.0,40,6,1293.0,True,False,bp,-4.589285714285714
2428,316.6451639762865,42,4,16,114731,114702,114744,114724,114735,193.53571428571428,11,-1030.0,29,13,1930.0,True,True,bp,-4.589285714285714
2429,380.143025488509,31,3,1,114760,114744,114775,114750,114766,114.88333333333333,16,-683.0,16,15,2351.0,True,False,bp,-4.589285714285714
2430,821.5819190445235,63,11,-19,114797,114775,114838,114785,114815,87.1111111111111,30,140.0,22,41,2784.0,True,False,bp,-4.589285714285714
2431,443.6782174756972,67,8,17,114880,114838,114905,114856,114886,106.77083333333331,30,1230.0,42,25,2255.0,True,True,bp,-4.589285714285714
2432,557.4693832897998,50,-11,0,114930,114905,114955,114924,114951,135.60714285714286,27,1277.0,25,25,1805.0,True,True,bp,-4.589285714285714
2433,342.5494201415194,51,10,1,114981,114955,115006,114967,114987,87.82142857142857,20,916.0,26,25,1414.0,True,True,bp,-4.589285714285714
2434,474.55016184982213,33,-3,7,115026,115006,115039,115017,115035,69.3888888888889,18,1287.0,20,13,1867.0,True,False,bp,-4.589285714285714
2435,801.2046087209669,66,-15,-18,115063,115039,115105,115050,115091,73.95467032967035,41,712.0,24,42,2139.0,True,False,bp,-4.589285714285714
2436,736.3489551147986,48,-3,4,115131,115105,115153,115117,115139,102.41071428571428,22,254.0,26,22,1663.0,True,False,bp,-4.589285714285714
2437,957.2989795650027,38,21,-16,115164,115153,115191,115158,115182,96.58333333333331,24,892.0,11,27,3296.0,False,False,bp,-4.589285714285714
2438,1993.9006634889959,103,20,9,115247,115191,115294,115227,115257,206.1,30,-2377.0,56,47,5044.0,False,False,bp,-4.589285714285714
2439,899.9220044267804,46,-11,18,115326,115294,115340,115307,115335,68.1111111111111,28,802.0,32,14,1667.0,False,False,bp,-4.589285714285714
2440,2404.7150407407557,65,28,-23,115361,115340,115405,115352,115371,356.8388888888888,19,-3526.0,21,44,7034.0,False,False,bp,-4.589285714285714
2441,1665.4818158381304,50,13,2,115431,115405,115455,115418,115448,104.92986425339369,30,169.0,26,24,2666.0,False,False,bp,-4.589285714285714
2442,2338.7255899885704,84,13,26,115510,115455,115539,115491,115518,245.43421052631575,27,-2294.0,55,29,6218.0,True,False,bp,-4.589285714285714
2443,2569.9523648836303,66,3,8,115576,115539,115605,115558,115586,201.5,28,-1131.0,37,29,5240.0,True,True,bp,-4.589285714285714
2444,1020.8083641387162,62,-17,22,115647,115605,115667,115617,115652,135.86666666666667,35,558.0,42,20,2425.0,False,False,bp,-4.589285714285714
2445,289.94930478548997,22,22,-4,115676,115667,115689,115670,115682,90.08333333333334,12,2011.0,9,13,1537.0,False,False,bp,-4.589285714285714
2446,306.98194259095663,51,-7,43,115736,115689,115740,115716,115737,136.725,21,-708.0,47,4,506.0,False,False,bp,-4.589285714285714
2447,484.52332423425275,82,-2,-34,115764,115740,115822,115751,115793,131.58885941644562,42,-3278.0,24,58,5570.0,False,False,bp,-4.589285714285714
2448,376.8121360766469,34,21,16,115847,115822,115856,115833,115851,113.89285714285714,18,990.0,25,9,1992.0,False,False,bp,-4.589285714285714
2449,299.8869962805685,66,-1,48,115913,115856,115922,115890,115918,79.16086956521737,28,680.0,57,9,1166.0,False,False,bp,-4.589285714285714
2450,251.59124454642503,66,-19,18,115964,115922,115988,115945,115977,53.92105263157895,32,-563.0,42,24,857.0,False,False,bp,-4.589285714285714
2451,101.74075871866364,34,6,-16,115997,115988,116022,115990,116009,53.85714285714285,19,-848.0,9,25,865.0,False,False,bp,-4.589285714285714
2452,466.8757674087752,34,7,10,116044,116022,116056,116034,116051,94.17142857142859,17,-1784.0,22,12,1760.0,False,False,bp,-4.589285714285714
2453,70.34221609791014,33,9,15,116080,116056,116089,116075,116084,177.8,9,-1678.0,24,9,1418.0,True,True,bp,-4.589285714285714
2454,254.28328643741278,30,7,18,116113,116089,116119,116102,116115,135.70454545454544,13,-2255.0,24,6,1446.0,True,False,bp,-4.589285714285714
2455,632.5830078095734,53,17,3,116147,116119,116172,116135,116163,94.63541666666666,28,-2588.0,28,25,2454.0,True,False,bp,-4.589285714285714
2456,704.3807363692047,67,-17,43,116227,116172,116239,116208,116233,129.57456140350877,25,-4534.0,55,12,986.0,False,False,bp,-4.589285714285714
2457,131.33768067424208,64,9,-44,116249,116239,116303,116241,116270,77.09821428571428,29,-4659.0,10,54,2737.0,False,False,bp,-4.589285714285714
2458,207.3913301139188,19,26,-1,116312,116303,116322,116308,116319,124.10714285714286,11,-3215.0,9,10,1178.0,False,False,bp,-4.589285714285714
2459,540.417036720729,83,17,37,116382,116322,116405,116356,116386,162.41346153846158,30,-5734.0,60,23,2644.0,False,False,bp,-4.589285714285714
2460,850.4882827050302,67,-1,17,116447,116405,116472,116433,116459,157.64285714285714,26,-8723.0,42,25,1767.0,False,False,bp,-4.589285714285714
2461,810.951270713906,70,35,-22,116496,116472,116542,116484,116501,267.5333333333333,17,-9595.0,24,46,4953.0,False,False,bp,-4.589285714285714
2462,854.4310523708352,78,5,-34,116564,116542,116620,116553,116586,128.1590909090909,33,-6771.0,22,56,4405.0,False,False,bp,-4.589285714285714
2463,742.3567720167829,56,11,-34,116631,116620,116676,116624,116650,107.6015037593985,26,-4232.0,11,45,3685.0,False,False,bp,-4.589285714285714
2464,533.3016798627469,79,1,-27,116702,116676,116755,116687,116726,82.57499999999997,39,-2583.0,26,53,2694.0,True,True,bp,-4.589285714285714
2465,549.5670154228972,53,22,-5,116779,116755,116808,116766,116790,86.44405594405596,24,-1480.0,24,29,1877.0,True,True,bp,-4.589285714285714
2466,514.8296067810459,47,-2,31,116847,116808,116855,116836,116852,140.94545454545454,16,-2283.0,39,8,2191.0,True,False,bp,-4.589285714285714
2467,479.94060901290976,87,-36,37,114580,114518,114605,114535,114592,77.41944444444444,57,-2215.0,62,25,2251.0,False,False,bp,-4.589285714285714
2468,1258.9701804974454,50,8,0,114630,114605,114655,114613,114633,229.0,20,-3751.0,25,25,2077.0,False,False,bp,-4.589285714285714
2469,205.61735042271758,33,-1,-17,114663,114655,114688,114661,114676,170.8269230769231,15,-2423.0,8,25,1545.0,False,False,bp,-4.589285714285714
2470,418.54449111785556,50,10,-34,114696,114688,114738,114690,114718,111.66666666666669,28,-2585.0,8,42,1423.0,True,False,bp,-4.589285714285714
2471,1105.3946166687526,64,-13,-14,114763,114738,114802,114756,114788,153.67714285714285,32,-3783.0,25,39,4465.0,False,False,bp,-4.589285714285714
2472,794.4277120798572,53,1,-21,114818,114802,114855,114807,114833,70.83939393939394,26,-996.0,16,37,2192.0,False,False,bp,-4.589285714285714
2473,1404.5710465926675,49,-2,1,114880,114855,114904,114860,114892,107.8,32,-1314.0,25,24,3765.0,True,True,bp,-4.589285714285714
2474,2141.5130486648345,63,3,-9,114931,114904,114967,114922,114951,217.625,29,-3531.0,27,36,4131.0,False,False,bp,-4.589285714285714
2475,541.3393231848595,55,8,-1,114994,114967,115022,114983,115008,57.532467532467535,25,-1045.0,27,28,1856.0,False,False,bp,-4.589285714285714
2476,1230.3244769345426,66,2,-16,115047,115022,115088,115041,115067,174.25,26,-1840.0,25,41,2675.0,False,False,bp,-4.589285714285714
2477,2153.6897547000485,67,-6,-17,115113,115088,115155,115095,115131,174.08333333333331,36,-4669.0,25,42,6767.0,False,False,bp,-4.589285714285714
2478,1894.817019806577,49,-19,-9,115175,115155,115204,115161,115196,112.34523809523809,35,-1017.0,20,29,4672.0,False,False,bp,-4.589285714285714
2479,1494.9599357937605,53,-15,1,115231,115204,115257,115212,115250,100.34210526315788,38,-1423.0,27,26,2476.0,False,False,bp,-4.589285714285714
2480,928.3536235591921,81,1,-1,115297,115257,115338,115273,115315,70.31944444444444,42,-1532.0,40,41,3253.0,True,True,bp,-4.589285714285714
2481,1581.057599340793,66,7,-8,115367,115338,115404,115358,115385,154.52777777777774,27,-1190.0,29,37,5457.0,True,True,bp,-4.589285714285714
2482,2376.7285701830388,51,21,1,115430,115404,115455,115419,115437,274.57142857142856,18,-1708.0,26,25,4367.0,True,True,bp,-4.589285714285714
2483,2106.4056175311857,67,7,7,115492,115455,115522,115476,115506,161.23660714285714,30,-2405.0,37,30,4135.0,True,True,bp,-4.589285714285714
2484,644.1437636627468,62,-3,22,115564,115522,115584,115543,115568,163.89285714285714,25,-869.0,42,20,2284.0,False,False,bp,-4.589285714285714
2485,289.18894153383997,38,12,-12,115597,115584,115622,115590,115602,172.38571428571427,12,626.0,13,25,2736.0,False,False,bp,-4.589285714285714
2486,733.5320516496927,33,2,-9,115634,115622,115655,115626,115646,118.66666666666666,20,1255.0,12,21,2105.0,True,False,bp,-4.589285714285714
2487,391.72542308479564,68,-16,40,115709,115655,115723,115668,115717,46.824695121951216,49,1763.0,54,14,914.0,False,False,bp,-4.589285714285714
2488,541.1936532790545,82,-18,24,115776,115723,115805,115750,115792,81.19230769230771,42,-1269.0,53,29,3231.0,False,False,bp,-4.589285714285714
2489,842.0118250209234,55,0,-5,115830,115805,115860,115816,115842,92.23214285714286,26,306.0,25,30,3433.0,False,False,bp,-4.589285714285714
2490,399.32396625088194,30,23,0,115875,115860,115890,115868,115882,103.78571428571428,14,2004.0,15,15,1027.0,False,False,bp,-4.589285714285714
2491,483.7660295225325,54,1,18,115926,115890,115944,115919,115934,152.59821428571428,15,-203.0,36,18,1220.0,False,False,bp,-4.589285714285714
2492,332.81412377105204,44,19,4,115968,115944,115988,115950,115977,46.75,27,-502.0,24,20,939.0,False,False,bp,-4.589285714285714
2493,494.7937391460044,99,-28,19,116047,115988,116087,116023,116071,64.02083333333334,48,-3465.0,59,40,4524.0,False,False,bp,-4.589285714285714
2494,880.7457589012126,67,-5,-45,116098,116087,116154,116091,116135,90.8050193050193,44,-699.0,11,56,4069.0,False,False,bp,-4.589285714285714
2495,185.00493195393062,62,2,24,116197,116154,116216,116174,116198,161.26086956521738,24,-2581.0,43,19,619.0,False,False,bp,-4.589285714285714
2496,166.01361807050225,34,-11,6,116236,116216,116250,116224,116246,37.391666666666666,22,-2102.0,20,14,1583.0,False,False,bp,-4.589285714285714
2497,58.245110397509144,25,37,-1,116262,116250,116275,116257,116266,202.175,9,-2307.0,12,13,1674.0,False,False,bp,-4.589285714285714
2498,808.8111111931993,90,-30,52,116346,116275,116365,116312,116356,104.90294117647059,44,-4857.0,71,19,1951.0,False,False,bp,-4.589285714285714
2499,248.94514341289056,29,3,-7,116376,116365,116394,116370,116387,150.09848484848484,17,-5553.0,11,18,1380.0,False,False,bp,-4.589285714285714
2500,939.9605065774676,79,9,-39,116414,116394,116473,116407,116441,197.18253968253967,34,-8167.0,20,59,4115.0,False,False,bp,-4.589285714285714
2501,875.8163103564909,56,-8,-12,116495,116473,116529,116484,116517,62.97727272727273,33,-5305.0,22,34,3614.0,False,False,bp,-4.589285714285714
2502,920.3038689103513,43,6,7,116554,116529,116572,116542,116558,106.95833333333331,16,-4300.0,25,18,610.0,False,False,bp,-4.589285714285714
2503,220.3682764773957,33,5,-7,116585,116572,116605,116580,116602,67.43529411764706,22,-4730.0,13,20,1554.0,True,False,bp,-4.589285714285714
2504,466.33902540640867,83,13,1,116647,116605,116688,116629,116658,134.7979797979798,29,-4733.0,42,41,3590.0,False,False,bp,-4.589285714285714
2505,705.5291603622165,52,-9,0,116714,116688,116740,116700,116726,88.375,26,-2892.0,26,26,3118.0,False,False,bp,-4.589285714285714
2506,530.5815882685879,39,-5,15,116767,116740,116779,116743,116771,94.85416666666669,28,-1450.0,27,12,1223.0,True,False,bp,-4.589285714285714
2507,435.15734297544975,27,13,9,116797,116779,116806,116794,116803,235.0,9,-1984.0,18,9,1654.0,False,False,bp,-4.589285714285714
2508,1500.0852968713236,66,-15,32,116855,116806,116872,116825,116859,234.55,34,-4891.0,49,17,3474.0,False,False,bp,-4.589285714285714
2509,1334.7258227452744,77,-1,27,118097,118045,118122,118075,118105,150.1193181818182,30,-930.0,52,25,3876.0,False,False,bp,-2.196969696969697
2510,519.6158570584046,67,3,-17,118147,118122,118189,118134,118162,56.32564102564103,28,1581.0,25,42,2732.0,False,False,bp,-2.196969696969697
2511,564.2686790166867,49,19,-33,118197,118189,118238,118193,118221,154.8125,28,2519.0,8,41,2167.0,True,False,bp,-2.196969696969697
2512,954.9871699924768,67,6,19,118281,118238,118305,118268,118293,140.60256410256412,25,520.0,43,24,2455.0,True,False,bp,-2.196969696969697
2513,1185.0037867420253,63,-5,-11,118331,118305,118368,118324,118353,140.3051948051948,29,230.0,26,37,3053.0,True,True,bp,-2.196969696969697
2514,598.9131777254607,87,-18,-53,118385,118368,118455,118377,118432,112.90558510638296,55,423.0,17,70,2779.0,True,False,bp,-2.196969696969697
2515,1240.8281984573994,51,0,3,118482,118455,118506,118469,118498,114.99759615384615,29,601.0,27,24,3341.0,True,False,bp,-2.196969696969697
2516,1007.3401534556733,83,-24,-1,118547,118506,118589,118527,118577,91.65,50,-773.0,41,42,4154.0,True,True,bp,-2.196969696969697
2517,1118.236490429543,61,4,-9,118615,118589,118650,118603,118631,91.21875,28,708.0,26,35,2631.0,True,True,bp,-2.196969696969697
2518,1829.2114824475848,55,30,-1,118677,118650,118705,118663,118684,211.78571428571428,21,-312.0,27,28,4283.0,True,False,bp,-2.196969696969697
2519,1460.8651585870487,100,3,16,118763,118705,118805,118735,118775,173.18452380952382,40,-2103.0,58,42,5753.0,False,False,bp,-2.196969696969697
2520,831.1946770331662,38,15,14,118831,118805,118843,118818,118835,107.94230769230771,17,1369.0,26,12,1191.0,False,False,bp,-2.196969696969697
2521,192.53978190802457,61,-23,29,118888,118843,118904,118867,118899,36.61904761904762,32,85.0,45,16,305.0,False,False,bp,-2.196969696969697
2522,108.43985990116323,19,6,-1,118913,118904,118923,118908,118918,139.8,10,-1180.0,9,10,1324.0,False,False,bp,-2.196969696969697
2523,371.7867486180288,50,-12,-2,118947,118923,118973,118934,118969,29.097902097902104,35,-817.0,24,26,2046.0,False,False,bp,-2.196969696969697
2524,745.0425287580317,82,2,0,119014,118973,119055,118992,119026,75.3030303030303,34,-903.0,41,41,2888.0,True,True,bp,-2.196969696969697
2525,359.6299216748806,101,-19,15,119113,119055,119156,119062,119128,65.1,66,-1512.0,58,43,2864.0,True,True,bp,-2.196969696969697
2526,770.934149447315,66,-9,20,119199,119156,119222,119175,119205,109.6875,30,-706.0,43,23,2384.0,True,False,bp,-2.196969696969697
2527,992.0068149283239,34,1,-16,119231,119222,119256,119226,119249,146.19444444444446,23,-455.0,9,25,2033.0,False,False,bp,-2.196969696969697
2528,1250.6963104600736,83,-19,-1,119297,119256,119339,119273,119317,112.54166666666666,44,-3840.0,41,42,4518.0,False,False,bp,-2.196969696969697
2529,828.7978049834883,33,8,-15,119348,119339,119372,119342,119359,94.16666666666669,17,-860.0,9,24,1969.0,False,False,bp,-2.196969696969697
2530,1756.694205217819,52,14,-8,119394,119372,119424,119384,119403,177.4111111111111,19,-1447.0,22,30,4418.0,True,True,bp,-2.196969696969697
2531,3013.4488987795644,61,-5,9,119459,119424,119485,119436,119468,257.1763285024154,32,-4345.0,35,26,6725.0,True,True,bp,-2.196969696969697
2532,1679.5352241093908,42,14,16,119514,119485,119527,119495,119519,159.4736842105263,24,-2363.0,29,13,2210.0,False,False,bp,-2.196969696969697
2533,1472.4145106827161,78,-1,-4,119564,119527,119605,119557,119584,198.0142857142857,27,-3392.0,37,41,6345.0,False,False,bp,-2.196969696969697
2534,588.220208026313,84,-42,2,119648,119605,119689,119610,119677,27.914246823956447,67,935.0,43,41,1422.0,False,False,bp,-2.196969696969697
2535,788.1321078100308,50,20,2,119715,119689,119739,119702,119723,142.75961538461542,21,-731.0,26,24,2221.0,False,False,bp,-2.196969696969697
2536,817.2713306574421,67,7,15,119780,119739,119806,119764,119784,185.375,20,-2291.0,41,26,2210.0,False,False,bp,-2.196969696969697
2537,203.68842967875185,52,-1,-36,119814,119806,119858,119811,119844,64.7,33,-660.0,8,44,2607.0,False,False,bp,-2.196969696969697
2538,361.25644903123947,33,16,13,119881,119858,119891,119876,119884,225.36666666666665,8,-1235.0,23,10,1000.0,False,False,bp,-2.196969696969697
2539,539.7934592631947,48,-1,6,119918,119891,119939,119908,119927,146.99444444444444,19,-3993.0,27,21,1511.0,False,False,bp,-2.196969696969697
2540,994.3496833142284,51,-9,-3,119963,119939,119990,119945,119978,114.2777777777778,33,-5436.0,24,27,3922.0,True,True,bp,-2.196969696969697
2541,755.5766445168221,49,16,-1,120014,119990,120039,120002,120025,119.9318181818182,23,-4258.0,24,25,2631.0,True,False,bp,-2.196969696969697
2542,303.58537252742036,88,-28,30,120098,120039,120127,120064,120111,44.5079185520362,47,-4725.0,59,29,2394.0,True,False,bp,-2.196969696969697
2543,216.1787531622341,64,14,-44,120137,120127,120191,120130,120166,88.48029556650246,36,-3756.0,10,54,3171.0,False,False,bp,-2.196969696969697
2544,622.2147849355753,64,-8,14,120230,120191,120255,120216,120242,110.94642857142857,26,-3713.0,39,25,3330.0,True,False,bp,-2.196969696969697
2545,488.8627093905421,40,-8,10,120280,120255,120295,120260,120286,94.79166666666666,26,-3172.0,25,15,1582.0,False,False,bp,-2.196969696969697
2546,353.3771413084117,76,-14,-36,120315,120295,120371,120304,120347,15.099431818181818,43,-2345.0,20,56,2839.0,False,False,bp,-2.196969696969697
2547,1036.4309059840575,51,10,1,120397,120371,120422,120376,120404,108.71428571428572,28,-2043.0,26,25,2370.0,True,True,bp,-2.196969696969697
2548,887.4999518559889,50,-19,4,118099,118072,118122,118078,118113,81.58333333333333,35,527.0,27,23,4118.0,False,False,bp,-2.196969696969697
2549,1285.696886495164,49,6,-9,118142,118122,118171,118129,118150,152.62019230769232,21,1500.0,20,29,2985.0,True,True,bp,-2.196969696969697
2550,775.7128600957326,51,-27,25,118209,118171,118222,118177,118217,85.765625,40,1925.0,38,13,2108.0,True,False,bp,-2.196969696969697
2551,982.0583687272194,40,2,-2,118241,118222,118262,118230,118251,159.05,21,395.0,19,21,2574.0,True,True,bp,-2.196969696969697
2552,1726.4213136633327,49,6,-9,118282,118262,118311,118274,118299,157.98897058823533,25,23.0,20,29,3977.0,True,True,bp,-2.196969696969697
2553,2259.0569403820136,74,11,0,118348,118311,118385,118330,118359,177.03030303030303,29,-1720.0,37,37,4625.0,True,True,bp,-2.196969696969697
2554,1191.4572962358588,53,-5,3,118413,118385,118438,118399,118425,105.70833333333331,26,4.0,28,25,3190.0,True,True,bp,-2.196969696969697
2555,1527.8702143026458,67,13,-25,118459,118438,118505,118446,118478,156.26113360323887,32,-1266.0,21,46,5144.0,True,False,bp,-2.196969696969697
2556,1717.2939489574646,72,-17,12,118547,118505,118577,118523,118565,131.61111111111111,42,-692.0,42,30,6026.0,True,True,bp,-2.196969696969697
2557,2658.594424255297,62,3,6,118611,118577,118639,118590,118620,215.64285714285717,30,-896.0,34,28,4836.0,True,True,bp,-2.196969696969697
2558,1768.870685363873,78,-20,4,118680,118639,118717,118653,118700,109.925,47,-1115.0,41,37,5561.0,True,True,bp,-2.196969696969697
2559,1544.8397461823795,72,-20,20,118763,118717,118789,118727,118769,141.5,42,-1602.0,46,26,2623.0,False,False,bp,-2.196969696969697
2560,800.5492469307494,43,-13,-17,118802,118789,118832,118791,118821,79.7488038277512,30,-633.0,13,30,2710.0,True,True,bp,-2.196969696969697
2561,986.2717514534984,40,10,-18,118843,118832,118872,118838,118859,163.71875,21,-345.0,11,29,2187.0,True,False,bp,-2.196969696969697
2562,274.3052699057328,66,-33,18,118914,118872,118938,118890,118934,36.20833333333333,44,271.0,42,24,1652.0,True,False,bp,-2.196969696969697
2563,442.3604311495808,32,-7,4,118956,118938,118970,118945,118965,93.54040404040406,20,-78.0,18,14,1961.0,True,False,bp,-2.196969696969697
2564,314.46333881832743,35,-10,-7,118984,118970,119005,118978,118999,116.35,21,78.0,14,21,2517.0,True,True,bp,-2.196969696969697
2565,1010.5421748895824,34,-3,-14,119015,119005,119039,119010,119033,215.6833333333333,23,-972.0,10,24,2238.0,True,False,bp,-2.196969696969697
2566,857.4783433520438,77,-13,-3,119076,119039,119116,119053,119094,84.59178743961353,41,-966.0,37,40,3183.0,True,False,bp,-2.196969696969697
2567,1784.3423245302106,39,17,-9,119131,119116,119155,119122,119139,232.91666666666669,17,-1465.0,15,24,4507.0,True,False,bp,-2.196969696969697
2568,2572.9623884250987,68,16,-10,119184,119155,119223,119173,119199,223.77575757575755,26,-2605.0,29,39,5270.0,True,False,bp,-2.196969696969697
2569,1012.6937039348543,94,-16,-20,119260,119223,119317,119241,119299,106.75033738191631,58,-2075.0,37,57,6702.0,True,True,bp,-2.196969696969697
2570,832.4280449509595,89,3,39,119381,119317,119406,119341,119387,149.67083333333332,46,-1148.0,64,25,3161.0,False,False,bp,-2.196969696969697
2571,4452.9713967207,70,12,14,119448,119406,119476,119436,119458,417.44166666666666,22,-7027.0,42,28,10326.0,False,False,bp,-2.196969696969697
2572,4053.835350173162,63,0,3,119509,119476,119539,119492,119519,307.49705882352936,27,-5503.0,33,30,7114.0,True,True,bp,-2.196969696969697
2573,1761.5543546472575,49,-10,1,119564,119539,119588,119546,119578,138.28571428571428,32,-2222.0,25,24,4797.0,True,True,bp,-2.196969696969697
2574,1850.2712671488634,64,0,-12,119614,119588,119652,119600,119630,135.49107142857144,30,-561.0,26,38,4950.0,True,True,bp,-2.196969696969697
2575,1128.443875692137,36,0,22,119681,119652,119688,119660,119684,179.35714285714286,24,-220.0,29,7,1829.0,False,False,bp,-2.196969696969697
2576,2113.397713590194,65,-1,13,119727,119688,119753,119708,119734,245.06766917293237,26,-3944.0,39,26,5016.0,False,False,bp,-2.196969696969697
2577,2058.314692116313,43,-1,5,119777,119753,119796,119759,119783,191.69444444444446,24,-3563.0,24,19,3902.0,True,False,bp,-2.196969696969697
2578,599.3825848945518,76,-23,-42,119813,119796,119872,119806,119854,115.301393728223,48,-1980.0,17,59,2804.0,True,False,bp,-2.196969696969697
2579,525.8761516898422,52,-23,24,119910,119872,119924,119879,119921,49.862170087976544,42,-3254.0,38,14,661.0,False,False,bp,-2.196969696969697
2580,1294.8363652835624,65,9,-13,119950,119924,119989,119940,119961,163.48636363636362,21,-5962.0,26,39,4265.0,False,False,bp,-2.196969696969697
2581,430.2075260607256,19,18,5,120001,119989,120008,119991,120003,109.8,12,-3355.0,12,7,649.0,False,False,bp,-2.196969696969697
2582,979.9992251790455,63,0,15,120047,120008,120071,120033,120060,126.97252747252749,27,-5969.0,39,24,3324.0,False,False,bp,-2.196969696969697
2583,686.0777742095504,67,1,19,120114,120071,120138,120087,120118,181.39814814814812,31,-4790.0,43,24,2507.0,True,True,bp,-2.196969696969697
2584,301.27483020367754,72,20,-20,120164,120138,120210,120150,120186,44.259740259740255,36,-3872.0,26,46,1600.0,True,False,bp,-2.196969696969697
2585,422.0978549143397,110,-13,-2,120264,120210,120320,120242,120291,90.4486531986532,49,-4813.0,54,56,5049.0,False,False,bp,-2.196969696969697
2586,667.9988409586699,31,23,-11,120330,120320,120351,120327,120340,224.8,13,-1265.0,10,21,2802.0,False,False,bp,-2.196969696969697
2587,1006.1195734108377,66,6,24,120396,120351,120417,120376,120407,106.68863636363636,31,-1993.0,45,21,2100.0,True,False,bp,-2.196969696969697
2588,1220.754812514873,83,11,3,122932,122889,122972,122912,122949,83.83088235294117,37,637.0,43,40,3456.0,False,False,bp,0.15217391304347827
2589,2440.576414734602,67,8,17,123014,122972,123039,122997,123024,230.70294117647057,27,-1258.0,42,25,5823.0,True,True,bp,0.15217391304347827
2590,2503.267013555709,84,42,-10,123076,123039,123123,123059,123087,229.07219251336895,28,-1984.0,37,47,5825.0,True,True,bp,0.15217391304347827
2591,1606.9326425258548,82,-2,0,123164,123123,123205,123157,123184,220.87857142857143,27,-221.0,41,41,5519.0,False,False,bp,0.15217391304347827
2592,363.07194767503546,34,16,-14,123215,123205,123239,123209,123222,175.39285714285714,13,3569.0,10,24,2884.0,False,False,bp,0.15217391304347827
2593,1461.6123632933152,56,-7,28,123281,123239,123295,123251,123287,143.26666666666662,36,1130.0,42,14,2318.0,False,False,bp,0.15217391304347827
2594,596.6788452786104,78,-6,-6,123331,123295,123373,123316,123349,47.66666666666667,33,1398.0,36,42,2463.0,True,False,bp,0.15217391304347827
2595,801.5226609673953,33,2,-15,123382,123373,123406,123376,123398,96.39583333333331,22,2297.0,9,24,1381.0,False,False,bp,0.15217391304347827
2596,640.5034712183392,116,-2,-20,123454,123406,123522,123422,123476,77.765625,54,-1167.0,48,68,3445.0,False,False,bp,0.15217391304347827
2597,943.0034529265927,50,26,-2,123546,123522,123572,123528,123554,102.70138888888887,26,565.0,24,26,2534.0,False,False,bp,0.15217391304347827
2598,821.6171016468691,68,25,18,123615,123572,123640,123606,123619,222.94444444444446,13,-618.0,43,25,2037.0,False,False,bp,0.15217391304347827
2599,386.87983251056914,67,0,7,123677,123640,123707,123657,123690,72.20192307692308,33,474.0,37,30,1953.0,False,False,bp,0.15217391304347827
2600,1645.994153823318,50,-8,4,123734,123707,123757,123723,123747,170.9090909090909,24,-1395.0,27,23,4354.0,True,True,bp,0.15217391304347827
2601,696.3900678120381,33,-6,21,123784,123757,123790,123763,123786,113.16666666666669,23,418.0,27,6,706.0,False,False,bp,0.15217391304347827
2602,730.7534511893256,46,20,2,123814,123790,123836,123803,123817,172.01515151515153,14,-834.0,24,22,1830.0,False,False,bp,0.15217391304347827
2603,283.8931912509117,72,10,-14,123865,123836,123908,123851,123882,45.834033613445385,31,-1233.0,29,43,741.0,False,False,bp,0.15217391304347827
2604,241.12923237041446,33,8,13,123931,123908,123941,123923,123933,153.875,10,-2324.0,23,10,1051.0,False,False,bp,0.15217391304347827
2605,35.07227429876852,32,0,14,123964,123941,123973,123951,123969,34.94615384615385,18,-2462.0,23,9,712.0,False,False,bp,0.15217391304347827
2606,135.19691438831407,37,12,13,123998,123973,124010,123987,124001,165.03030303030303,14,-3379.0,25,12,1698.0,False,False,bp,0.15217391304347827
2607,509.5720228036969,62,12,14,124048,124010,124072,124027,124060,46.23809523809525,33,-4124.0,38,24,1018.0,False,False,bp,0.15217391304347827
2608,197.09048826647813,84,-14,24,124126,124072,124156,124105,124145,25.76942355889725,40,-4204.0,54,30,1983.0,True,True,bp,0.15217391304347827
2609,306.6105999330363,67,-10,-15,124182,124156,124223,124171,124208,58.832167832167826,37,-3937.0,26,41,2289.0,True,True,bp,0.15217391304347827
2610,675.4340006616442,50,14,0,124248,124223,124273,124235,124256,161.87019230769232,21,-3148.0,25,25,3445.0,False,False,bp,0.15217391304347827
2611,633.4469686878848,83,20,-1,124314,124273,124356,124291,124328,71.90527950310559,37,-2684.0,41,42,2603.0,True,True,bp,0.15217391304347827
2612,722.322035403859,67,-6,27,124403,124356,124423,124385,124417,68.80952380952381,32,-1961.0,47,20,2637.0,True,True,bp,0.15217391304347827
2613,464.4944464538357,83,-15,1,124465,124423,124506,124443,124485,54.18409090909091,42,-1784.0,42,41,2088.0,True,False,bp,0.15217391304347827
2614,2137.071677621384,50,18,0,122914,122889,122939,122900,122920,184.47619047619045,20,-1163.0,25,25,2683.0,False,False,bp,0.15217391304347827
2615,629.8636740699808,37,11,13,122964,122939,122976,122958,122969,227.4,11,-694.0,25,12,2727.0,True,False,bp,0.15217391304347827
2616,2143.6169193871583,63,3,13,123014,122976,123039,122991,123023,218.5072463768116,32,-1261.0,38,25,6513.0,True,False,bp,0.15217391304347827
2617,3164.1171791867723,79,-12,-5,123076,123039,123118,123058,123099,204.97222222222226,41,-2099.0,37,42,8442.0,True,True,bp,0.15217391304347827
2618,2358.1263134944297,68,-11,-8,123148,123118,123186,123128,123166,136.425,38,-1454.0,30,38,2660.0,False,False,bp,0.15217391304347827
2619,897.6436496435898,55,25,-33,123197,123186,123241,123193,123221,216.75,28,-718.0,11,44,5311.0,False,False,bp,0.15217391304347827
2620,372.06098381650634,51,-1,29,123281,123241,123292,123274,123287,172.71428571428572,13,2227.0,40,11,1945.0,False,False,bp,0.15217391304347827
2621,720.5893565843068,32,9,12,123314,123292,123324,123299,123320,104.68333333333334,21,1437.0,22,10,1831.0,True,False,bp,0.15217391304347827
2622,1037.6855366042619,65,6,17,123365,123324,123389,123350,123376,100.61515151515152,26,441.0,41,24,2565.0,True,False,bp,0.15217391304347827
2623,690.3915733161722,89,-34,51,123459,123389,123478,123408,123468,111.28431372549021,60,-563.0,70,19,3434.0,True,True,bp,0.15217391304347827
2624,497.68615421236086,111,-48,-29,123519,123478,123589,123494,123567,47.34708333333334,73,-193.0,41,70,3133.0,False,False,bp,0.15217391304347827
2625,780.5194336415649,50,7,-34,123597,123589,123639,123592,123620,96.2,28,1605.0,8,42,2491.0,False,False,bp,0.15217391304347827
2626,422.5823849376277,54,13,-4,123664,123639,123693,123655,123678,43.86507936507937,23,2883.0,25,29,1707.0,False,False,bp,0.15217391304347827
2627,742.2136414367337,62,2,14,123731,123693,123755,123714,123748,82.85294117647058,34,935.0,38,24,2918.0,False,False,bp,0.15217391304347827
2628,906.9672664342813,84,-15,0,123797,123755,123839,123784,123824,111.32478632478632,40,-51.0,42,42,3685.0,True,False,bp,0.15217391304347827
2629,551.7114485851318,34,3,16,123864,123839,123873,123849,123869,60.63333333333333,20,1750.0,25,9,1212.0,True,False,bp,0.15217391304347827
2630,267.6794570653649,49,4,-3,123896,123873,123922,123892,123910,114.42857142857143,18,1645.0,23,26,1023.0,False,False,bp,0.15217391304347827
2631,504.4373638050826,33,8,17,123947,123922,123955,123932,123951,72.975,19,249.0,25,8,1452.0,False,False,bp,0.15217391304347827
2632,438.48222078242185,72,3,14,123998,123955,124027,123978,124004,89.75,26,-1597.0,43,29,1377.0,False,False,bp,0.15217391304347827
2633,227.9348749797277,22,-1,12,124044,124027,124049,124033,124047,76.18181818181819,14,-1287.0,17,5,832.0,True,False,bp,0.15217391304347827
2634,608.4380528308923,40,1,16,124077,124049,124089,124060,124083,111.85294117647058,23,-1949.0,28,12,2362.0,True,False,bp,0.15217391304347827
2635,268.17241487065183,71,14,-19,124115,124089,124160,124107,124133,120.84027777777777,26,-2186.0,26,45,2216.0,True,False,bp,0.15217391304347827
2636,354.07717169644883,79,-29,-9,124195,124160,124239,124173,124221,58.72552447552447,48,-2057.0,35,44,3794.0,False,False,bp,0.15217391304347827
2637,190.46795353941044,33,22,-13,124249,124239,124272,124240,124262,86.52136752136751,22,446.0,10,23,1124.0,False,False,bp,0.15217391304347827
2638,374.52872029796373,84,6,36,124332,124272,124356,124306,124338,170.91666666666666,32,-2086.0,60,24,3549.0,False,False,bp,0.15217391304347827
2639,613.7534781635433,39,30,11,124381,124356,124395,124376,124385,232.325,9,-917.0,25,14,1548.0,True,False,bp,0.15217391304347827
2640,457.1577288113755,61,9,11,124431,124395,124456,124424,124437,153.92857142857144,13,-1263.0,36,25,2049.0,True,True,bp,0.15217391304347827
2641,334.247807589477,50,-2,-34,124464,124456,124506,124459,124490,138.06538461538463,31,-1024.0,8,42,2285.0,True,False,bp,0.15217391304347827
2642,587.6625273314153,102,-12,54,126515,126437,126539,126468,126520,171.57021276595742,52,-558.0,78,24,3142.0,False,False,bp,-2.7261904761904763
2643,679.0417805891427,67,60,-15,126565,126539,126606,126560,126571,174.33333333333331,11,1524.0,26,41,2869.0,False,False,bp,-2.7261904761904763
2644,2961.327654811785,81,20,17,126655,126606,126687,126642,126669,270.80494505494505,27,-2641.0,49,32,7509.0,False,False,bp,-2.7261904761904763
2645,1973.4805065348492,87,8,7,126734,126687,126774,126716,126749,134.17222222222222,33,-1070.0,47,40,4226.0,True,True,bp,-2.7261904761904763
2646,2246.286435500201,82,23,-34,126798,126774,126856,126790,126816,200.17361111111111,26,-911.0,24,58,5500.0,True,True,bp,-2.7261904761904763
2647,2703.087496382958,51,4,-1,126881,126856,126907,126865,126895,197.98660714285717,30,-1043.0,25,26,5977.0,True,True,bp,-2.7261904761904763
2648,1683.7194058260552,82,-6,0,126948,126907,126989,126929,126965,109.21517027863777,36,1058.0,41,41,4354.0,True,True,bp,-2.7261904761904763
2649,616.5200473955238,34,-8,18,127015,126989,127023,126995,127019,94.125,24,2306.0,26,8,1192.0,False,False,bp,-2.7261904761904763
2650,1333.307244719722,53,8,-3,127048,127023,127076,127035,127059,169.55594405594402,24,84.0,25,28,4259.0,False,False,bp,-2.7261904761904763
2651,1795.3645421326407,47,2,-1,127099,127076,127123,127091,127115,194.59375,24,318.0,23,24,3207.0,True,True,bp,-2.7261904761904763
2652,1206.4658995794455,67,-16,17,127165,127123,127190,127141,127182,90.81004901960785,41,-631.0,42,25,3977.0,True,True,bp,-2.7261904761904763
2653,1201.6376072108105,50,19,0,127215,127190,127240,127207,127228,156.14903846153842,21,-49.0,25,25,2864.0,True,True,bp,-2.7261904761904763
2654,523.7361119482222,66,-9,18,127282,127240,127306,127268,127301,68.47744360902256,33,643.0,42,24,1216.0,False,False,bp,-2.7261904761904763
2655,616.9215910732207,50,-9,32,127347,127306,127356,127325,127351,123.0568181818182,26,-1506.0,41,9,1660.0,False,False,bp,-2.7261904761904763
2656,608.8942420288553,51,-11,-7,127378,127356,127407,127368,127399,62.99523809523809,31,-1022.0,22,29,2880.0,False,False,bp,-2.7261904761904763
2657,1682.482818481769,49,-5,1,127432,127407,127456,127419,127450,111.24786324786324,31,-1827.0,25,24,2767.0,True,False,bp,-2.7261904761904763
2658,650.9890371487767,94,-34,56,127531,127456,127550,127476,127537,164.53181818181818,61,-2962.0,75,19,3553.0,True,False,bp,-2.7261904761904763
2659,1776.2695635712923,57,-3,5,127581,127550,127607,127564,127596,128.88039215686274,32,-2212.0,31,26,4601.0,True,True,bp,-2.7261904761904763
2660,849.1774199181807,64,-9,12,127645,127607,127671,127625,127657,86.7,32,-836.0,38,26,1093.0,False,False,bp,-2.7261904761904763
2661,1524.6736170775425,52,-19,-4,127695,127671,127723,127680,127714,126.72807017543859,34,-3495.0,24,28,4763.0,False,False,bp,-2.7261904761904763
2662,794.9660793338783,50,-3,-2,127747,127723,127773,127729,127759,80.58333333333334,30,-1147.0,24,26,1570.0,True,True,bp,-2.7261904761904763
2663,139.17259711483393,46,-10,4,127798,127773,127819,127786,127810,43.625,24,-764.0,25,21,530.0,False,False,bp,-2.7261904761904763
2664,606.3956462898492,43,4,-19,127831,127819,127862,127824,127845,125.0,21,-2115.0,12,31,2045.0,False,False,bp,-2.7261904761904763
2665,712.43362209606,57,3,-17,127882,127862,127919,127870,127901,51.89035087719297,31,-1663.0,20,37,2119.0,True,True,bp,-2.7261904761904763
2666,258.4677135139692,41,-2,21,127950,127919,127960,127935,127953,58.8,18,-1397.0,31,10,626.0,False,False,bp,-2.7261904761904763
2667,142.12448024914832,30,3,12,127981,127960,127990,127969,127984,76.79166666666666,15,-2454.0,21,9,908.0,False,False,bp,-2.7261904761904763
2668,521.5469089799428,50,1,0,128015,127990,128040,128002,128034,49.33198380566802,32,-3325.0,25,25,1808.0,True,False,bp,-2.7261904761904763
2669,567.0156100691273,69,3,13,128081,128040,128109,128067,128096,53.86190476190475,29,-3177.0,41,28,2436.0,True,True,bp,-2.7261904761904763
2670,608.6878904229828,81,-27,23,128161,128109,128190,128128,128174,77.40326340326341,46,-3703.0,52,29,2340.0,False,False,bp,-2.7261904761904763
2671,328.4984254744956,33,2,-17,128198,128190,128223,128193,128210,124.21666666666668,17,-2388.0,8,25,2101.0,False,False,bp,-2.7261904761904763
2672,643.3389467117228,68,-10,-18,128248,128223,128291,128229,128277,62.231397459165144,48,-2726.0,25,43,3194.0,True,True,bp,-2.7261904761904763
2673,945.9438989985048,66,5,14,128331,128291,128357,128315,128336,153.28125,21,-2624.0,40,26,2515.0,True,True,bp,-2.7261904761904763
2674,595.6157646760072,55,-9,17,128393,128357,128412,128362,128403,56.872580645161285,41,-2630.0,36,19,1505.0,True,True,bp,-2.7261904761904763
2675,663.1269163164362,77,24,-5,128448,128412,128489,128435,128459,120.11188811188812,24,-2021.0,36,41,3877.0,False,False,bp,-2.7261904761904763
2676,124.20723460184229,34,0,18,128515,128489,128523,128507,128518,167.16666666666669,11,-278.0,26,8,1254.0,True,False,bp,-2.7261904761904763
2677,257.46564444026353,37,-8,13,128548,128523,128560,128529,128553,71.01578947368421,24,-1532.0,25,12,1000.0,False,False,bp,-2.7261904761904763
2678,2839.6344239173927,53,12,-11,126442,126421,126474,126430,126455,236.6442307692308,25,-3324.0,21,32,6909.0,True,True,bp,-2.7261904761904763
2679,2952.1294473492107,63,14,-13,126499,126474,126537,126492,126518,331.46992481203006,26,-3433.0,25,38,6503.0,True,True,bp,-2.7261904761904763
2680,4257.211891275963,65,15,-5,126567,126537,126602,126558,126583,376.14583333333337,25,-5161.0,30,35,8448.0,True,True,bp,-2.7261904761904763
2681,2592.46156258307,72,11,20,126648,126602,126674,126623,126657,258.6644444444445,34,-5551.0,46,26,6208.0,True,True,bp,-2.7261904761904763
2682,1601.8133918656579,82,-15,-2,126714,126674,126756,126702,126745,93.16801075268818,43,-2705.0,40,42,6039.0,True,True,bp,-2.7261904761904763
2683,2209.825861405216,66,4,-14,126782,126756,126822,126773,126801,206.17251461988303,28,-1595.0,26,40,4873.0,False,False,bp,-2.7261904761904763
2684,400.75703477496063,40,15,16,126850,126822,126862,126833,126854,96.53676470588236,21,1000.0,28,12,1513.0,False,False,bp,-2.7261904761904763
2685,1213.3034419818155,71,11,1,126898,126862,126933,126890,126910,209.04166666666669,20,-1197.0,36,35,4012.0,False,False,bp,-2.7261904761904763
2686,2304.53436995358,46,15,-14,126949,126933,126979,126941,126959,283.875,18,-1906.0,16,30,4851.0,False,False,bp,-2.7261904761904763
2687,266.829574117324,27,16,9,126997,126979,127006,126992,127001,159.025,9,1817.0,18,9,1851.0,False,False,bp,-2.7261904761904763
2688,1320.6477206464292,68,0,-12,127034,127006,127074,127026,127060,161.96153846153842,34,-80.0,28,40,3083.0,False,False,bp,-2.7261904761904763
2689,1538.4559389036413,65,1,15,127114,127074,127139,127094,127120,179.78333333333333,26,-1558.0,40,25,3159.0,True,True,bp,-2.7261904761904763
2690,1180.779711049528,55,-14,-5,127164,127139,127194,127147,127184,96.62794117647059,37,-1333.0,25,30,3450.0,True,True,bp,-2.7261904761904763
2691,1788.5462804682654,47,-1,-5,127215,127194,127241,127207,127235,175.4625,28,-1865.0,21,26,3724.0,True,True,bp,-2.7261904761904763
2692,1697.8020627514222,66,-10,4,127276,127241,127307,127262,127299,118.02950310559008,37,-2043.0,35,31,4043.0,True,True,bp,-2.7261904761904763
2693,1683.095611992475,72,-15,0,127343,127307,127379,127326,127367,124.66299019607844,41,-3271.0,36,36,3500.0,False,False,bp,-2.7261904761904763
2694,638.5397598642181,43,-11,29,127415,127379,127422,127393,127417,165.3409090909091,24,-1317.0,36,7,1461.0,False,False,bp,-2.7261904761904763
2695,705.9065489771222,34,5,-4,127437,127422,127456,127430,127450,105.75824175824177,20,-1363.0,15,19,2594.0,True,False,bp,-2.7261904761904763
2696,798.9682050786912,67,-25,17,127498,127456,127523,127475,127516,74.83937198067633,41,-2051.0,42,25,2812.0,True,False,bp,-2.7261904761904763
2697,1151.123714125692,35,11,15,127548,127523,127558,127532,127552,209.75,20,-3017.0,25,10,2347.0,True,False,bp,-2.7261904761904763
2698,434.55638456726007,82,21,-2,127598,127558,127640,127583,127619,77.06190476190477,36,-3248.0,40,42,3773.0,True,False,bp,-2.7261904761904763
2699,1307.6308402035158,66,11,24,127685,127640,127706,127676,127696,152.29797979797982,20,-2498.0,45,21,2996.0,True,True,bp,-2.7261904761904763
2700,817.092547598717,56,1,30,127749,127706,127762,127727,127752,155.04545454545456,25,-4417.0,43,13,1782.0,False,False,bp,-2.7261904761904763
2701,812.1195228013786,61,21,-13,127786,127762,127823,127778,127791,211.25,13,-5371.0,24,37,2298.0,True,True,bp,-2.7261904761904763
2702,460.6875861692893,56,22,-40,127831,127823,127879,127825,127844,148.3525641025641,19,-5396.0,8,48,1977.0,False,False,bp,-2.7261904761904763
2703,175.85531154670412,59,4,-31,127893,127879,127938,127885,127913,44.1875,28,-4044.0,14,45,1463.0,False,False,bp,-2.7261904761904763
2704,86.33412219738533,19,14,1,127948,127938,127957,127945,127951,212.0,6,-4177.0,10,9,1060.0,False,False,bp,-2.7261904761904763
2705,58.88741221823573,39,28,11,127982,127957,127996,127971,127984,179.95454545454544,13,-5624.0,25,14,919.0,False,False,bp,-2.7261904761904763
2706,389.5123553471868,77,7,25,128047,127996,128073,128025,128051,184.35227272727272,26,-6914.0,51,26,3235.0,False,False,bp,-2.7261904761904763
2707,1327.5615575171887,42,7,-2,128093,128073,128115,128084,128101,177.84027777777774,17,-7133.0,20,22,3312.0,True,False,bp,-2.7261904761904763
2708,904.7660439458772,41,14,-5,128133,128115,128156,128125,128144,193.32954545454544,19,-7412.0,18,23,3105.0,True,True,bp,-2.7261904761904763
2709,924.9404900533708,57,27,-5,128182,128156,128213,128177,128192,259.25,15,-6959.0,26,31,4976.0,True,True,bp,-2.7261904761904763
2710,1092.621279675203,69,24,3,128249,128213,128282,128234,128261,135.06666666666666,27,-5951.0,36,33,3904.0,True,True,bp,-2.7261904761904763
2711,859.7948900365742,57,-1,13,128317,128282,128339,128312,128328,199.7090909090909,16,-4954.0,35,22,3897.0,True,True,bp,-2.7261904761904763
2712,487.6765361040991,64,-22,-6,128368,128339,128403,128343,128387,41.734736842105264,44,-3043.0,29,35,2066.0,True,False,bp,-2.7261904761904763
2713,215.56316240441623,33,15,-15,128412,128403,128436,128409,128417,243.63333333333333,8,-2456.0,9,24,2754.0,True,False,bp,-2.7261904761904763
2714,910.8750312065387,37,25,-21,128444,128436,128473,128440,128458,299.4107142857143,18,-1732.0,8,29,4228.0,False,False,bp,-2.7261904761904763
2715,436.42323741869035,84,-20,12,128521,128473,128557,128501,128542,33.301190476190484,41,-952.0,48,36,1535.0,False,False,bp,-2.7261904761904763
2716,313.7823180202948,50,19,-26,128569,128557,128607,128563,128582,162.46794871794873,19,-2533.0,12,38,1028.0,False,False,bp,-2.7261904761904763
2717,864.0766798473268,82,22,0,130115,130074,130156,130104,130122,137.61688311688312,18,64.0,41,41,2868.0,False,False,bp,-0.016129032258064516
2718,536.6375908749911,50,-2,2,130182,130156,130206,130162,130187,68.9,25,1528.0,26,24,1166.0,False,False,bp,-0.016129032258064516
2719,684.9077570864787,50,-9,-30,130216,130206,130256,130210,130243,129.7962962962963,33,573.0,10,40,1604.0,True,False,bp,-0.016129032258064516
2720,1044.9160002884703,50,-13,2,130282,130256,130306,130267,130297,75.26666666666667,30,-39.0,26,24,3587.0,True,True,bp,-0.016129032258064516
2721,1283.091797578854,50,9,2,130332,130306,130356,130314,130337,164.61111111111111,23,-283.0,26,24,2550.0,True,False,bp,-0.016129032258064516
2722,348.9002514988176,84,-42,34,130415,130356,130440,130369,130428,76.95819397993311,59,-1770.0,59,25,3010.0,False,False,bp,-0.016129032258064516
2723,299.0422871072817,33,16,-15,130449,130440,130473,130445,130454,209.85,9,47.0,9,24,2783.0,False,False,bp,-0.016129032258064516
2724,805.5676756113426,51,-2,-1,130498,130473,130524,130479,130511,74.46356275303644,32,-679.0,25,26,1371.0,False,False,bp,-0.016129032258064516
2725,369.3182600985521,64,3,18,130565,130524,130588,130541,130571,88.33333333333331,30,-819.0,41,23,1990.0,True,True,bp,-0.016129032258064516
2726,1045.236363245798,69,-10,11,130628,130588,130657,130604,130637,120.56944444444444,33,-1680.0,40,29,3446.0,True,False,bp,-0.016129032258064516
2727,622.2378862634788,66,18,-50,130665,130657,130723,130660,130688,129.9391304347826,28,-34.0,8,58,2416.0,True,False,bp,-0.016129032258064516
2728,837.9463306372957,49,4,1,130748,130723,130772,130734,130753,155.05,19,-406.0,25,24,2761.0,True,False,bp,-0.016129032258064516
2729,946.6215894705232,50,12,-24,130785,130772,130822,130776,130798,113.2991452991453,22,573.0,13,37,3027.0,True,False,bp,-0.016129032258064516
2730,1088.096395590659,35,6,17,130848,130822,130857,130832,130852,149.71875,20,-721.0,26,9,1680.0,False,False,bp,-0.016129032258064516
2731,792.2893461420023,84,-13,6,130902,130857,130941,130878,130921,88.51425438596493,43,-2068.0,45,39,4253.0,False,False,bp,-0.016129032258064516
2732,950.4242446304072,49,-4,-1,130965,130941,130990,130951,130977,70.17857142857143,26,353.0,24,25,2330.0,False,False,bp,-0.016129032258064516
2733,459.3821514115782,33,8,17,131015,130990,131023,130999,131018,123.85416666666669,19,69.0,25,8,1174.0,False,False,bp,-0.016129032258064516
2734,664.8435073573756,67,0,17,131065,131023,131090,131045,131076,94.6931818181818,31,-1434.0,42,25,2837.0,False,False,bp,-0.016129032258064516
2735,233.94228130518206,50,5,6,131118,131090,131140,131107,131130,21.38257575757576,23,697.0,28,22,1123.0,False,False,bp,-0.016129032258064516
2736,457.02995468808194,84,31,-34,131165,131140,131224,131158,131193,143.55357142857142,35,-616.0,25,59,3400.0,False,False,bp,-0.016129032258064516
2737,1383.9876945188641,83,-3,23,131277,131224,131307,131259,131288,124.64898989898991,29,-1243.0,53,30,3091.0,True,False,bp,-0.016129032258064516
2738,1427.8452654159696,67,-9,-17,131332,131307,131374,131314,131352,106.96388888888887,38,-1734.0,25,42,4843.0,False,False,bp,-0.016129032258064516
2739,642.0561493006761,49,6,-1,131398,131374,131423,131381,131408,67.88529411764705,27,909.0,24,25,677.0,False,False,bp,-0.016129032258064516
2740,1273.64306757258,68,27,-16,131449,131423,131491,131441,131461,227.22916666666669,20,-2189.0,26,42,4155.0,False,False,bp,-0.016129032258064516
2741,1649.585866866241,65,-6,-17,131515,131491,131556,131508,131537,186.03246753246756,29,-1626.0,24,41,4316.0,True,True,bp,-0.016129032258064516
2742,427.20025840350183,83,-17,1,131598,131556,131639,131560,131615,44.00696594427245,55,35.0,42,41,1789.0,True,True,bp,-0.016129032258064516
2743,348.1062339523536,37,12,17,131666,131639,131676,131653,131666,,13,-475.0,27,10,121.0,False,False,bp,-0.016129032258064516
2744,474.1391482191304,80,-2,-34,131699,131676,131756,131691,131726,91.49305555555556,35,-1572.0,23,57,3242.0,False,False,bp,-0.016129032258064516
2745,540.4304478405417,34,-13,16,131781,131756,131790,131759,131786,86.95,27,-259.0,25,9,1520.0,False,False,bp,-0.016129032258064516
2746,503.7370220162261,49,-22,5,131817,131790,131839,131800,131834,57.264705882352935,34,-2021.0,27,22,1179.0,False,False,bp,-0.016129032258064516
2747,250.98728976743655,50,-12,2,131865,131839,131889,131846,131875,88.42105263157896,29,-2004.0,26,24,2321.0,True,True,bp,-0.016129032258064516
2748,333.38372848041087,53,-14,-35,131898,131889,131942,131892,131929,70.52956989247312,37,-903.0,9,44,1953.0,True,False,bp,-0.016129032258064516
2749,815.2336419771608,47,-15,1,131966,131942,131989,131952,131982,68.56696428571428,30,-1185.0,24,23,2444.0,True,True,bp,-0.016129032258064516
2750,557.6982243280652,35,-4,19,132016,131989,132024,131997,132019,117.86842105263159,22,-1208.0,27,8,1112.0,False,False,bp,-0.016129032258064516
2751,362.83449852312066,36,7,14,132049,132024,132060,132037,132053,132.45833333333334,16,-1717.0,25,11,1710.0,True,True,bp,-0.016129032258064516
2752,404.9656443234925,35,14,9,132082,132060,132095,132076,132086,171.04166666666669,10,-2589.0,22,13,949.0,False,False,bp,-0.016129032258064516
2753,181.39213447508283,45,0,-3,132116,132095,132140,132110,132128,97.125,18,-3091.0,21,24,1347.0,True,True,bp,-0.016129032258064516
2754,205.77874849369132,50,20,-26,132152,132140,132190,132146,132165,118.20512820512822,19,-3706.0,12,38,1806.0,True,False,bp,-0.016129032258064516
2755,734.1303907406954,51,-7,-1,132215,132190,132241,132204,132237,50.22727272727273,33,-3741.0,25,26,2503.0,True,True,bp,-0.016129032258064516
2756,662.9105521810645,66,-6,14,132281,132241,132307,132263,132295,89.78968253968254,32,-5181.0,40,26,2224.0,True,True,bp,-0.016129032258064516
2757,568.7987067648608,66,-18,-14,132333,132307,132373,132321,132361,95.42857142857143,40,-4957.0,26,40,2210.0,True,True,bp,-0.016129032258064516
2758,388.7923066790588,46,8,12,132402,132373,132419,132383,132405,92.4561403508772,22,-4204.0,29,17,1515.0,True,True,bp,-0.016129032258064516
2759,330.55700080730566,55,-4,-3,132445,132419,132474,132435,132462,90.60588235294115,27,-4606.0,26,29,2233.0,True,True,bp,-0.016129032258064516
2760,139.63475807734824,46,-12,2,132498,132474,132520,132485,132510,49.028846153846146,25,-3551.0,24,22,1817.0,True,True,bp,-0.016129032258064516
2761,384.7927493383753,53,1,-29,132532,132520,132573,132523,132554,88.70959595959594,31,-3876.0,12,41,1423.0,True,False,bp,-0.016129032258064516
2762,325.73810024593496,95,20,-55,132593,132573,132668,132586,132622,81.67733990147784,36,-3727.0,20,75,2586.0,False,False,bp,-0.016129032258064516
2763,650.1124122110846,49,-6,-3,130098,130075,130124,130089,130111,171.19230769230768,22,553.0,23,26,2203.0,False,False,bp,-0.016129032258064516
2764,415.9263227607712,49,8,-35,130131,130124,130173,130127,130153,109.35227272727272,26,1761.0,7,42,2827.0,False,False,bp,-0.016129032258064516
2765,420.86287129119836,100,-43,18,130232,130173,130273,130187,130254,57.33383838383838,67,812.0,59,41,2903.0,True,False,bp,-0.016129032258064516
2766,1221.6760281456866,33,-3,-13,130283,130273,130306,130278,130295,235.875,17,208.0,10,23,3404.0,True,False,bp,-0.016129032258064516
2767,412.872892436946,51,16,-21,130321,130306,130357,130309,130335,90.74404761904762,26,1708.0,15,36,2256.0,True,False,bp,-0.016129032258064516
2768,405.0897957698351,67,-34,25,130403,130357,130424,130377,130420,57.20475113122171,43,810.0,46,21,1687.0,True,False,bp,-0.016129032258064516
2769,1580.8788892488994,50,12,-12,130443,130424,130474,130429,130453,186.97142857142862,24,-851.0,19,31,5301.0,True,True,bp,-0.016129032258064516
2770,1071.0278765684977,45,-3,5,130499,130474,130519,130489,130509,148.15,20,449.0,25,20,1713.0,False,False,bp,-0.016129032258064516
2771,693.3259626941802,43,-3,-19,130531,130519,130562,130526,130546,193.2,20,-715.0,12,31,2896.0,False,False,bp,-0.016129032258064516
2772,382.39664734335264,46,-30,-8,130581,130562,130608,130563,130603,41.9520202020202,40,1623.0,19,27,2622.0,False,False,bp,-0.016129032258064516
2773,796.2871737225142,48,-10,22,130643,130608,130656,130613,130651,82.25416666666666,38,1205.0,35,13,1996.0,False,False,bp,-0.016129032258064516
2774,439.341174079942,54,-2,20,130693,130656,130710,130679,130700,90.10714285714286,21,2275.0,37,17,2183.0,False,False,bp,-0.016129032258064516
2775,699.5830053997613,47,-16,-3,130732,130710,130757,130719,130749,56.719457013574655,30,2137.0,22,25,1557.0,True,True,bp,-0.016129032258064516
2776,1055.8655494296813,46,4,-22,130769,130757,130803,130763,130794,158.13666666666666,31,670.0,12,34,2504.0,True,False,bp,-0.016129032258064516
2777,996.5704341630127,53,9,7,130833,130803,130856,130829,130850,177.7720588235294,21,732.0,30,23,1755.0,True,True,bp,-0.016129032258064516
2778,796.9732087459454,84,-10,0,130898,130856,130940,130880,130920,79.37878787878788,40,-241.0,42,42,2907.0,False,False,bp,-0.016129032258064516
2779,203.3418035359272,30,-3,18,130964,130940,130970,130950,130966,75.57142857142857,16,1479.0,24,6,1148.0,False,False,bp,-0.016129032258064516
2780,587.1425923309505,36,4,14,130995,130970,131006,130979,131000,104.36875,21,475.0,25,11,1653.0,True,False,bp,-0.016129032258064516
2781,524.6848045924792,84,-21,-28,131034,131006,131090,131025,131073,117.35470085470085,48,-973.0,28,56,4612.0,False,False,bp,-0.016129032258064516
2782,654.9572313836097,33,3,7,131110,131090,131123,131100,131117,82.27857142857144,17,2125.0,20,13,2023.0,False,False,bp,-0.016129032258064516
2783,162.05023338568938,34,4,22,131151,131123,131157,131137,131154,85.51190476190476,17,2375.0,28,6,1150.0,False,False,bp,-0.016129032258064516
2784,741.5780144826691,65,-24,-15,131182,131157,131222,131175,131213,108.47695852534564,38,1105.0,25,40,1779.0,False,False,bp,-0.016129032258064516
2785,505.2271606455886,52,22,-32,131232,131222,131274,131227,131261,163.50689655172414,34,316.0,10,42,2284.0,True,False,bp,-0.016129032258064516
2786,1260.5295665488284,99,8,47,131347,131274,131373,131317,131354,177.55714285714282,37,-1125.0,73,26,4726.0,True,False,bp,-0.016129032258064516
2787,296.0666382254,51,22,35,131416,131373,131424,131399,131418,80.94117647058823,19,1194.0,43,8,829.0,False,False,bp,-0.016129032258064516
2788,947.7670297834268,82,20,0,131465,131424,131506,131459,131482,187.00980392156865,23,-988.0,41,41,4293.0,False,False,bp,-0.016129032258064516
2789,1445.188539755075,83,18,-29,131533,131506,131589,131525,131551,138.1875,26,870.0,27,56,3922.0,True,True,bp,-0.016129032258064516
2790,1517.293871044276,45,-1,-17,131603,131589,131634,131595,131618,197.0875,23,161.0,14,31,2000.0,False,False,bp,-0.016129032258064516
2791,927.6557471009392,54,-11,8,131665,131634,131688,131640,131672,151.14285714285714,32,-583.0,31,23,3395.0,True,True,bp,-0.016129032258064516
2792,1078.7595044585048,56,9,-4,131714,131688,131744,131693,131719,156.24285714285713,26,-163.0,26,30,2781.0,True,True,bp,-0.016129032258064516
2793,301.54697791421,46,-5,-4,131765,131744,131790,131754,131777,72.15530303030303,23,1142.0,21,25,1885.0,True,True,bp,-0.016129032258064516
2794,565.7919351970588,65,-22,-25,131810,131790,131855,131795,131838,71.0142857142857,43,505.0,20,45,3018.0,True,False,bp,-0.016129032258064516
2795,879.3018191018211,35,-2,17,131881,131855,131890,131859,131887,104.99242424242424,28,128.0,26,9,1897.0,True,False,bp,-0.016129032258064516
2796,482.63636311964933,64,-14,22,131933,131890,131954,131913,131943,60.75,30,-120.0,43,21,2099.0,True,False,bp,-0.016129032258064516
2797,949.2978458538406,36,3,-14,131965,131954,131990,131959,131976,192.00757575757572,17,-1053.0,11,25,2811.0,True,False,bp,-0.016129032258064516
2798,492.67066236379685,33,-5,17,132015,131990,132023,131996,132019,95.84868421052632,23,194.0,25,8,1375.0,True,False,bp,-0.016129032258064516
2799,377.984621759983,68,-30,54,132084,132023,132091,132037,132088,94.07446808510642,51,-1154.0,61,7,1886.0,True,False,bp,-0.016129032258064516
2800,685.387692028293,45,14,1,132114,132091,132136,132109,132118,201.9,9,-1716.0,23,22,1396.0,True,True,bp,-0.016129032258064516
2801,95.86037789625291,35,5,-11,132148,132136,132171,132141,132159,56.753246753246756,18,-1049.0,12,23,1128.0,True,True,bp,-0.016129032258064516
2802,304.6082688284951,34,0,8,132192,132171,132205,132182,132201,58.78333333333333,19,-1454.0,21,13,929.0,True,True,bp,-0.016129032258064516
2803,545.1976785213147,35,20,11,132228,132205,132240,132220,132235,120.75,15,-2026.0,23,12,1970.0,True,False,bp,-0.016129032258064516
2804,307.0731157861192,81,-21,45,132303,132240,132321,132270,132312,77.25757575757575,42,-2714.0,63,18,1473.0,True,False,bp,-0.016129032258064516
2805,386.0489329048696,53,-7,3,132349,132321,132374,132333,132362,80.39903846153845,29,-4077.0,28,25,2084.0,True,True,bp,-0.016129032258064516
2806,506.8798293866629,49,-9,1,132399,132374,132423,132384,132410,56.31515151515151,26,-3576.0,25,24,2531.0,True,True,bp,-0.016129032258064516
2807,537.7275026971379,49,-26,-33,132431,132423,132472,132427,132466,221.75714285714287,39,-3671.0,8,41,3198.0,True,True,bp,-0.016129032258064516
2808,668.4640955504503,51,3,-31,132482,132472,132523,132479,132509,258.46296296296293,30,-3081.0,10,41,3576.0,True,True,bp,-0.016129032258064516
2809,567.1551216277808,80,-23,4,132565,132523,132603,132542,132587,61.52272727272727,45,-2358.0,42,38,3790.0,True,False,bp,-0.016129032258064516
2810,633.1668534798325,37,9,-7,132618,132603,132640,132609,132626,83.16666666666666,17,-503.0,15,22,1307.0,True,False,bp,-0.016129032258064516
2811,585.705829432413,99,-6,-15,135266,135224,135323,135239,135286,79.11574074074073,47,-988.0,42,57,2967.0,False,False,bp,0.0
2812,888.2054751484836,68,-11,-48,135333,135323,135391,135327,135373,166.44166666666666,46,-866.0,10,58,4527.0,True,True,bp,0.0
2813,1422.1660446699082,66,15,-16,135416,135391,135457,135408,135435,160.5986842105263,27,254.0,25,41,3195.0,True,True,bp,0.0
2814,1224.6583248663346,66,6,-10,135485,135457,135523,135477,135501,156.34375,24,423.0,28,38,3432.0,True,True,bp,0.0
2815,382.457340288469,61,-18,23,135565,135523,135584,135531,135567,83.52941176470588,36,1209.0,42,19,620.0,False,False,bp,0.0
2816,302.1725360836532,29,-10,-27,135585,135584,135613,135585,135610,,25,2022.0,1,28,713.0,False,False,bp,0.0
2817,754.8128539186052,43,-7,-5,135632,135613,135656,135625,135649,118.53781512605042,24,526.0,19,24,1749.0,False,False,bp,0.0
2818,163.13377715550737,33,-10,17,135681,135656,135689,135666,135684,81.6,18,1055.0,25,8,1232.0,True,False,bp,0.0
2819,181.085701652364,34,5,-16,135698,135689,135723,135692,135709,112.4848484848485,17,888.0,9,25,1841.0,True,False,bp,0.0
2820,716.4258788223041,34,-2,16,135748,135723,135757,135731,135753,118.69411764705885,22,254.0,25,9,1961.0,True,True,bp,0.0
2821,417.8558925261969,35,12,15,135782,135757,135792,135773,135786,117.68055555555556,13,342.0,25,10,947.0,True,True,bp,0.0
2822,330.7814806675298,38,15,12,135817,135792,135830,135811,135820,177.41666666666669,9,-231.0,25,13,1622.0,True,True,bp,0.0
2823,1025.56715875947,60,4,-16,135852,135830,135890,135844,135871,106.21710526315788,27,-865.0,22,38,2629.0,False,False,bp,0.0
2824,138.1044480870033,48,-12,4,135916,135890,135938,135902,135933,29.42857142857143,31,681.0,26,22,1055.0,False,False,bp,0.0
2825,626.5018666105512,52,14,4,135966,135938,135990,135952,135971,125.13571428571429,19,-1523.0,28,24,1505.0,False,False,bp,0.0
2826,49.66432036300671,50,-17,30,136030,135990,136040,136004,136038,31.73076923076923,34,-1616.0,40,10,587.0,False,False,bp,0.0
2827,407.5189422321524,51,10,-1,136065,136040,136091,136055,136070,168.2,15,-2920.0,25,26,2514.0,False,False,bp,0.0
2828,490.5759762492601,49,23,-35,136098,136091,136140,136095,136113,196.53333333333333,18,-2363.0,7,42,2083.0,True,False,bp,0.0
2829,883.261901178123,32,12,16,136164,136140,136172,136154,136167,258.2,13,-4048.0,24,8,2280.0,True,False,bp,0.0
2830,668.4726313005402,51,-7,1,136198,136172,136223,136192,136214,186.84375,22,-4445.0,26,25,1789.0,True,True,bp,0.0
2831,197.01550442915507,34,-2,-4,136238,136223,136257,136229,136246,110.92361111111113,17,-3929.0,15,19,1698.0,True,True,bp,0.0
2832,175.9398462996777,29,2,-11,136266,136257,136286,136261,136276,134.4,15,-3864.0,9,20,2097.0,True,False,bp,0.0
2833,438.4478735007872,58,25,-32,136299,136286,136344,136293,136311,176.58333333333337,18,-4243.0,13,45,3135.0,False,False,bp,0.0
2834,610.1460547216936,47,25,-3,136366,136344,136391,136354,136371,151.06666666666666,17,-2393.0,22,25,2463.0,False,False,bp,0.0
2835,301.01892165502306,50,-9,34,136433,136391,136441,136413,136438,74.525,25,-2164.0,42,8,1538.0,True,False,bp,0.0
2836,498.71806123153715,49,6,-1,136465,136441,136490,136454,136471,113.8409090909091,17,-2379.0,24,25,2165.0,True,True,bp,0.0
2837,255.59263312350282,30,13,-14,136498,136490,136520,136494,136503,203.95,9,-1633.0,8,22,2053.0,True,True,bp,0.0
2838,208.0350324698957,36,-4,-12,136532,136520,136556,136525,136544,94.59523809523809,19,-696.0,12,24,1326.0,True,True,bp,0.0
2839,221.6640992876267,34,-3,-18,136564,136556,136590,136559,136578,127.35,19,-877.0,8,26,1964.0,True,True,bp,0.0
2840,767.12865851712,49,2,-31,136599,136590,136639,136594,136627,138.08928571428572,33,-745.0,9,40,2764.0,True,False,bp,0.0
2841,2497.4863288807346,54,10,-28,135282,135269,135323,135275,135300,209.51190476190484,25,-1598.0,13,41,4642.0,True,True,bp,0.0
2842,2453.014120451793,69,6,-11,135352,135323,135392,135335,135368,171.16176470588238,33,-3648.0,29,40,5179.0,True,True,bp,0.0
2843,2026.4624047488787,62,5,-16,135415,135392,135454,135407,135433,205.09722222222226,26,-2407.0,23,39,5128.0,True,True,bp,0.0
2844,2629.511323606324,57,6,-1,135482,135454,135511,135464,135491,260.83333333333337,27,-3866.0,28,29,5894.0,True,True,bp,0.0
2845,2489.189432876657,62,12,-16,135534,135511,135573,135524,135545,295.4909090909091,21,-4297.0,23,39,5354.0,True,True,bp,0.0
2846,1662.2704223097735,50,-9,-30,135583,135573,135623,135578,135609,251.1230769230769,31,-2532.0,10,40,4646.0,True,True,bp,0.0
2847,1939.786338630112,49,0,1,135648,135623,135672,135631,135655,166.68067226890759,24,-3292.0,25,24,2902.0,True,True,bp,0.0
2848,1152.0531904978156,34,10,0,135689,135672,135706,135679,135699,165.45,20,-4947.0,17,17,2362.0,True,False,bp,0.0
2849,1482.0963309274732,68,7,2,135741,135706,135774,135729,135751,218.65833333333333,22,-6984.0,35,33,5273.0,False,False,bp,0.0
2850,250.3121997804353,25,6,-7,135783,135774,135799,135780,135790,182.78571428571428,10,-2417.0,9,16,2996.0,False,False,bp,0.0
2851,729.8007436165125,38,5,-6,135815,135799,135837,135806,135821,169.22222222222226,15,-797.0,16,22,3426.0,False,False,bp,0.0
2852,966.2654504590863,42,2,12,135864,135837,135879,135841,135866,111.25,25,-155.0,27,15,953.0,False,False,bp,0.0
2853,879.1171218770552,34,11,6,135899,135879,135913,135893,135904,260.9,11,-1850.0,20,14,2979.0,False,False,bp,0.0
2854,857.0402303721197,34,8,4,135932,135913,135947,135926,135938,207.5833333333333,12,-2245.0,19,15,1205.0,False,False,bp,0.0
2855,290.2051305335054,44,-7,6,135972,135947,135991,135958,135981,13.76984126984127,23,-2496.0,25,19,652.0,False,False,bp,0.0
2856,798.297624533411,55,7,-13,136012,135991,136046,135997,136028,90.99166666666667,31,-3786.0,21,34,3006.0,False,False,bp,0.0
2857,975.6796584463024,59,-9,11,136081,136046,136105,136066,136092,138.57575757575756,26,-4487.0,35,24,2140.0,True,False,bp,0.0
2858,247.9221165108813,25,13,-5,136115,136105,136130,136109,136122,150.54761904761904,13,-3875.0,10,15,2278.0,True,False,bp,0.0
2859,454.99895160169604,61,-1,9,136165,136130,136191,136148,136176,94.10695187165773,28,-3785.0,35,26,2174.0,True,False,bp,0.0
2860,695.8745305846678,48,7,2,136216,136191,136239,136203,136219,286.06410256410254,16,-5884.0,25,23,2812.0,True,True,bp,0.0
2861,230.94810108293038,30,18,-12,136248,136239,136269,136242,136252,266.625,10,-5387.0,9,21,2631.0,False,False,bp,0.0
2862,254.4070353788854,37,21,-11,136282,136269,136306,136280,136286,279.0,6,-4015.0,13,24,2624.0,False,False,bp,0.0
2863,265.89203674017034,67,5,-41,136319,136306,136373,136313,136352,58.40151515151515,39,-2353.0,13,54,2312.0,False,False,bp,0.0
2864,191.77383494786568,66,-1,18,136415,136373,136439,136396,136425,61.56842105263158,29,-2287.0,42,24,794.0,False,False,bp,0.0
2865,465.0877204763668,51,8,1,136465,136439,136490,136453,136469,172.70833333333337,16,-2532.0,26,25,2464.0,False,False,bp,0.0
2866,335.2098004408332,51,-3,-35,136498,136490,136541,136493,136525,118.5925925925926,32,-1466.0,8,43,3968.0,False,False,bp,0.0
2867,677.4988465163608,49,18,1,136566,136541,136590,136554,136572,94.33333333333334,18,225.0,25,24,1668.0,True,True,bp,0.0
2868,1628.5198565348273,50,12,0,136615,136590,136640,136608,136628,214.0769230769231,20,-1173.0,25,25,4255.0,True,True,bp,0.0
2869,1129.6658002346962,97,18,-21,139382,139344,139441,139361,139400,87.49603174603175,39,-2215.0,38,59,4276.0,True,False,bp,-0.9801980198019802
2870,2753.0518322950843,50,24,-2,139465,139441,139491,139457,139480,239.3125,23,-1756.0,24,26,7086.0,True,False,bp,-0.9801980198019802
2871,1145.9149210497776,99,-27,51,139566,139491,139590,139527,139578,99.12179487179485,51,-2033.0,75,24,2890.0,False,False,bp,-0.9801980198019802
2872,1619.7675898814414,50,12,4,139617,139590,139640,139602,139622,168.7,20,-3567.0,27,23,2679.0,True,True,bp,-0.9801980198019802
2873,741.1634131565007,83,-13,1,139682,139640,139723,139654,139701,84.85996240601504,47,-3912.0,42,41,3724.0,False,False,bp,-0.9801980198019802
2874,520.5721690639616,51,-12,-9,139744,139723,139774,139735,139763,52.39473684210525,28,-1906.0,21,30,1156.0,False,False,bp,-0.9801980198019802
2875,143.7996626184113,66,-9,-48,139783,139774,139840,139779,139823,99.775,44,-1912.0,9,57,2478.0,False,False,bp,-0.9801980198019802
2876,288.34917109565947,51,-16,31,139881,139840,139891,139858,139885,85.13586956521739,27,-1744.0,41,10,1245.0,True,False,bp,-0.9801980198019802
2877,398.32853623603137,49,4,-1,139915,139891,139940,139896,139926,46.91387559808612,30,-2424.0,24,25,1430.0,False,False,bp,-0.9801980198019802
2878,1113.081484387235,53,-2,-1,139966,139940,139993,139960,139979,215.3076923076923,19,-4414.0,26,27,3216.0,False,False,bp,-0.9801980198019802
2879,273.43408307339166,32,-8,4,140011,139993,140025,139996,140022,30.84848484848485,26,-1934.0,18,14,927.0,False,False,bp,-0.9801980198019802
2880,581.8572118718804,65,-16,13,140064,140025,140090,140040,140080,68.52083333333333,40,-2738.0,39,26,3251.0,True,False,bp,-0.9801980198019802
2881,426.9258061139781,67,15,-17,140115,140090,140157,140104,140134,67.47368421052633,30,-1880.0,25,42,1840.0,True,False,bp,-0.9801980198019802
2882,310.39602415718514,68,-26,50,140216,140157,140225,140179,140221,102.36756756756756,42,-3110.0,59,9,1873.0,True,False,bp,-0.9801980198019802
2883,643.3686234382241,82,-6,-2,140265,140225,140307,140237,140280,89.54285714285713,43,-4440.0,40,42,4011.0,False,False,bp,-0.9801980198019802
2884,643.6742381017795,66,-17,-14,140333,140307,140373,140317,140355,34.90625,38,-1984.0,26,40,1833.0,False,False,bp,-0.9801980198019802
2885,601.6327875112903,34,-1,-16,140382,140373,140407,140376,140394,155.54166666666666,18,-2540.0,9,25,1321.0,True,False,bp,-0.9801980198019802
2886,239.47828207710918,50,-27,2,140433,140407,140457,140411,140449,30.01420454545455,38,-2796.0,26,24,1051.0,True,True,bp,-0.9801980198019802
2887,1246.6516815728526,65,-14,-23,139362,139341,139406,139347,139386,74.24166666666667,39,-1033.0,21,44,3583.0,True,True,bp,-0.9801980198019802
2888,1324.1663263824194,50,15,-24,139419,139406,139456,139411,139435,142.875,24,-661.0,13,37,2319.0,True,True,bp,-0.9801980198019802
2889,1602.8825475775095,55,-4,9,139488,139456,139511,139474,139504,105.13839285714286,30,-1476.0,32,23,3519.0,True,True,bp,-0.9801980198019802
2890,1973.79572754366,62,-12,12,139548,139511,139573,139530,139566,134.52777777777777,36,-3160.0,37,25,4426.0,True,True,bp,-0.9801980198019802
2891,1431.3263534268012,54,18,2,139601,139573,139627,139590,139611,180.09545454545452,21,-2779.0,28,26,3491.0,True,True,bp,-0.9801980198019802
2892,793.5863967340815,53,19,25,139666,139627,139680,139650,139668,127.34375,18,-3088.0,39,14,941.0,False,False,bp,-0.9801980198019802
2893,591.8700372235172,57,-14,23,139720,139680,139737,139705,139733,65.33333333333334,28,-4519.0,40,17,1863.0,False,False,bp,-0.9801980198019802
2894,395.54972019269263,49,-15,-3,139760,139737,139786,139747,139776,67.05769230769229,29,-4981.0,23,26,1301.0,True,True,bp,-0.9801980198019802
2895,353.44617182682754,54,14,-34,139796,139786,139840,139790,139811,135.48333333333335,21,-5796.0,10,44,3049.0,True,True,bp,-0.9801980198019802
2896,799.1622643302783,47,5,-29,139849,139840,139887,139846,139873,231.6875,27,-4796.0,9,38,2686.0,True,True,bp,-0.9801980198019802
2897,508.2984500302497,51,-3,39,139932,139887,139938,139905,139934,138.96296296296296,29,-5534.0,45,6,933.0,False,False,bp,-0.9801980198019802
2898,368.28702848598846,53,29,1,139965,139938,139991,139960,139969,308.95,9,-7132.0,27,26,2515.0,False,False,bp,-0.9801980198019802
2899,519.5295332765469,33,16,1,140008,139991,140024,140007,140015,124.35714285714286,8,-4802.0,17,16,1654.0,False,False,bp,-0.9801980198019802
2900,514.4410039210019,66,-27,-22,140046,140024,140090,140039,140079,103.86363636363636,40,-5472.0,22,44,2947.0,True,True,bp,-0.9801980198019802
2901,519.8986238514942,45,-10,-19,140103,140090,140135,140092,140122,58.47846889952153,30,-4001.0,13,32,2283.0,True,True,bp,-0.9801980198019802
2902,496.13297483499036,55,-31,-27,140149,140135,140190,140142,140186,116.32239382239382,44,-3996.0,14,41,2050.0,True,True,bp,-0.9801980198019802
2903,515.3543993888651,51,16,1,140216,140190,140241,140199,140219,236.0,20,-4713.0,26,25,2925.0,True,True,bp,-0.9801980198019802
2904,1074.6752926048882,78,32,-30,140265,140241,140319,140255,140276,190.13636363636363,21,-4695.0,24,54,4380.0,True,False,bp,-0.9801980198019802
2905,1217.4764281222247,42,3,-14,140333,140319,140361,140329,140347,266.4642857142857,18,-3211.0,14,28,3649.0,True,False,bp,-0.9801980198019802
2906,578.5213949373297,39,22,-17,140372,140361,140400,140368,140377,284.275,9,-2320.0,11,28,1456.0,True,False,bp,-0.9801980198019802
2907,340.8966075201128,23,4,-1,140411,140400,140423,140408,140419,191.29166666666663,11,-2234.0,11,12,2419.0,True,False,bp,-0.9801980198019802
2908,1352.7499183426164,58,-11,14,143082,143046,143104,143063,143093,118.91148325358853,30,-1039.0,36,22,2526.0,True,False,bp,-2.128440366972477
2909,487.140240022106,35,-7,-11,143116,143104,143139,143112,143132,155.71875,20,-187.0,12,23,2854.0,True,False,bp,-2.128440366972477
2910,637.8908356940997,85,9,-33,143165,143139,143224,143145,143186,50.30714285714286,41,-321.0,26,59,2011.0,True,False,bp,-2.128440366972477
2911,1921.0471355545974,51,6,-1,143249,143224,143275,143236,143267,141.3739316239316,31,-2102.0,25,26,4892.0,True,False,bp,-2.128440366972477
2912,656.959217943489,99,18,-19,143315,143275,143374,143304,143334,110.04306220095694,30,-950.0,40,59,2025.0,True,False,bp,-2.128440366972477
2913,836.5650623192091,64,-11,-14,143399,143374,143438,143382,143418,72.45201238390094,36,-1781.0,25,39,2638.0,True,False,bp,-2.128440366972477
2914,246.6657110897194,68,-3,-46,143449,143438,143506,143443,143477,107.73214285714286,34,-1127.0,11,57,2396.0,True,False,bp,-2.128440366972477
2915,123.44618892263183,34,3,-22,143512,143506,143540,143508,143529,130.61764705882354,21,43.0,6,28,1500.0,True,False,bp,-2.128440366972477
2916,574.3560462088616,73,25,-21,143566,143540,143613,143553,143577,92.32517482517484,24,-1226.0,26,47,1673.0,False,False,bp,-2.128440366972477
2917,1276.733373003373,61,35,-23,143632,143613,143674,143626,143644,222.9583333333333,18,-3374.0,19,42,3078.0,False,False,bp,-2.128440366972477
2918,413.2311697841648,71,31,-21,143699,143674,143745,143697,143717,208.38888888888889,20,-1750.0,25,46,1837.0,False,False,bp,-2.128440366972477
2919,523.7274904316986,96,-22,-20,143783,143745,143841,143768,143818,66.0952380952381,50,-2506.0,38,58,3655.0,True,False,bp,-2.128440366972477
2920,716.4597046563663,49,-28,23,143877,143841,143890,143846,143885,71.50806451612901,39,-1941.0,36,13,1594.0,True,False,bp,-2.128440366972477
2921,426.1536099463228,34,-5,16,143915,143890,143924,143896,143919,95.79605263157896,23,-2105.0,25,9,1413.0,True,True,bp,-2.128440366972477
2922,375.26541103756483,50,-14,2,143950,143924,143974,143937,143966,37.151442307692314,29,-1806.0,26,24,1009.0,False,False,bp,-2.128440366972477
2923,409.9195783929927,50,-8,2,144000,143974,144024,143981,144012,46.506578947368425,31,-2863.0,26,24,1709.0,False,False,bp,-2.128440366972477
2924,425.15398209262764,50,6,0,144049,144024,144074,144035,144058,83.19047619047619,23,-2952.0,25,25,1932.0,True,True,bp,-2.128440366972477
2925,298.9962640755229,50,18,0,144099,144074,144124,144087,144105,77.58333333333334,18,-2210.0,25,25,1426.0,False,False,bp,-2.128440366972477
2926,888.7475971328813,34,13,14,144148,144124,144158,144141,144153,229.05714285714288,12,-3698.0,24,10,2554.0,False,False,bp,-2.128440366972477
2927,636.3611716683198,66,-18,14,144198,144158,144224,144178,144219,54.02023809523809,41,-4007.0,40,26,1901.0,False,False,bp,-2.128440366972477
2928,422.40681710977213,83,-5,3,144267,144224,144307,144242,144279,102.04666666666668,37,-5937.0,43,40,3213.0,False,False,bp,-2.128440366972477
2929,160.02906084915853,34,18,-16,144316,144307,144341,144311,144337,32.55714285714286,26,-2961.0,9,25,2232.0,False,False,bp,-2.128440366972477
2930,680.331339726182,89,8,19,144395,144341,144430,144381,144409,113.28571428571428,28,-3436.0,54,35,2747.0,True,False,bp,-2.128440366972477
2931,398.0395462113028,44,14,-4,144450,144430,144474,144445,144454,219.125,9,-2777.0,20,24,2082.0,True,False,bp,-2.128440366972477
2932,587.4125330546879,49,-13,-31,144483,144474,144523,144477,144509,89.05769230769229,32,-2227.0,9,40,2910.0,True,False,bp,-2.128440366972477
2933,823.4090273744525,51,0,-7,144545,144523,144574,144528,144553,109.39338235294115,25,-2320.0,22,29,2090.0,False,False,bp,-2.128440366972477
2934,139.72272725287954,33,-1,-15,144583,144574,144607,144578,144595,58.9,17,-1059.0,9,24,926.0,False,False,bp,-2.128440366972477
2935,463.5998597956863,34,11,14,144631,144607,144641,144611,144634,116.48333333333332,23,-1595.0,24,10,1312.0,True,False,bp,-2.128440366972477
2936,438.8269482655728,83,-12,-1,144682,144641,144724,144668,144705,43.203416149068325,37,-2536.0,41,42,2473.0,True,False,bp,-2.128440366972477
2937,871.9906512744856,63,-21,-11,143066,143040,143103,143052,143092,64.84615384615384,40,1424.0,26,37,2785.0,True,False,bp,-2.128440366972477
2938,240.8996549099482,36,3,-10,143116,143103,143139,143111,143126,124.45,15,2148.0,13,23,1272.0,False,False,bp,-2.128440366972477
2939,1181.2627439977707,35,-6,9,143161,143139,143174,143144,143169,112.13970588235294,25,145.0,22,13,2226.0,False,False,bp,-2.128440366972477
2940,608.9570763251854,50,9,2,143200,143174,143224,143188,143206,126.75,18,697.0,26,24,2750.0,True,True,bp,-2.128440366972477
2941,1633.7643407887488,66,-18,-16,143249,143224,143290,143233,143273,107.39583333333334,40,-193.0,25,41,5056.0,True,True,bp,-2.128440366972477
2942,1504.386814789771,32,4,-8,143302,143290,143322,143295,143317,193.9523809523809,22,478.0,12,20,1979.0,False,False,bp,-2.128440366972477
2943,488.0233596324312,69,-26,13,143363,143322,143391,143343,143383,22.950000000000006,40,670.0,41,28,1064.0,False,False,bp,-2.128440366972477
2944,1469.4681314400384,49,21,-21,143405,143391,143440,143397,143426,181.10119047619045,29,-1903.0,14,35,3956.0,False,False,bp,-2.128440366972477
2945,1388.2113595841377,67,1,19,143483,143440,143507,143476,143497,160.53571428571428,21,174.0,43,24,4053.0,False,False,bp,-2.128440366972477
2946,1855.1799005257403,50,-3,0,143532,143507,143557,143519,143550,155.44444444444446,31,-1300.0,25,25,3250.0,True,True,bp,-2.128440366972477
2947,1663.4376979988526,68,-2,12,143597,143557,143625,143578,143606,154.51169590643275,28,-1139.0,40,28,4819.0,True,True,bp,-2.128440366972477
2948,1499.041050924995,49,-10,9,143654,143625,143674,143632,143667,82.21328671328672,35,547.0,29,20,2759.0,True,True,bp,-2.128440366972477
2949,1135.7324703352738,50,2,0,143699,143674,143724,143692,143709,201.14285714285717,17,-211.0,25,25,2618.0,True,True,bp,-2.128440366972477
2950,1179.988850493586,35,15,13,143748,143724,143759,143728,143752,184.3,24,-504.0,24,11,2501.0,True,False,bp,-2.128440366972477
2951,1076.0533432977318,81,-2,33,143816,143759,143840,143791,143823,153.14571428571432,32,-1115.0,57,24,3486.0,True,False,bp,-2.128440366972477
2952,1771.992973388922,63,13,-13,143865,143840,143903,143853,143883,138.90277777777777,30,-1488.0,25,38,3921.0,True,False,bp,-2.128440366972477
2953,546.7623222080997,88,-38,30,143962,143903,143991,143926,143982,56.925,56,-707.0,59,29,2717.0,True,False,bp,-2.128440366972477
2954,727.5892617266481,33,0,15,144015,143991,144024,144000,144019,145.04166666666666,19,-1101.0,24,9,1548.0,False,False,bp,-2.128440366972477
2955,349.5630850245414,67,-17,15,144065,144024,144091,144038,144085,49.57962962962963,47,-2066.0,41,26,2370.0,True,True,bp,-2.128440366972477
2956,606.5964910706815,49,-5,11,144121,144091,144140,144115,144134,114.48717948717949,19,-1387.0,30,19,1597.0,True,True,bp,-2.128440366972477
2957,205.58315883366254,33,16,17,144165,144140,144173,144148,144168,126.38235294117645,20,-813.0,25,8,1594.0,True,False,bp,-2.128440366972477
2958,310.9117598362453,67,-3,49,144231,144173,144240,144204,144235,142.98611111111111,31,-1058.0,58,9,2461.0,True,False,bp,-2.128440366972477
2959,410.80151978154686,60,-1,34,144287,144240,144300,144263,144289,104.79166666666666,26,-2496.0,47,13,1220.0,False,False,bp,-2.128440366972477
2960,435.1894939190832,41,-5,23,144332,144300,144341,144314,144336,169.36111111111111,22,-3508.0,32,9,2781.0,True,True,bp,-2.128440366972477
2961,550.0830960172445,49,-10,3,144367,144341,144390,144353,144383,77.97767857142857,30,-2761.0,26,23,2306.0,True,True,bp,-2.128440366972477
2962,827.9709508145572,51,11,-1,144415,144390,144441,144403,144436,87.04166666666669,33,-4009.0,25,26,2243.0,True,False,bp,-2.128440366972477
2963,734.3187390818258,99,9,-13,144484,144441,144540,144480,144508,259.5416666666667,28,-4651.0,43,56,5742.0,False,False,bp,-2.128440366972477
2964,817.5504485371987,47,10,-29,144549,144540,144587,144545,144563,192.48214285714286,18,-1263.0,9,38,2322.0,False,False,bp,-2.128440366972477
2965,192.7342825266427,21,2,3,144599,144587,144608,144591,144602,249.66666666666663,11,-1171.0,12,9,2081.0,True,False,bp,-2.128440366972477
2966,133.91574923197015,33,-13,11,144630,144608,144641,144615,144638,78.05416666666667,23,-222.0,22,11,1866.0,True,True,bp,-2.128440366972477
2967,708.4072807186936,49,8,-1,144665,144641,144690,144648,144676,120.14705882352942,28,-1458.0,24,25,2238.0,True,False,bp,-2.128440366972477
2968,680.1962462759968,34,21,-14,146250,146240,146274,146247,146257,251.35714285714286,10,1516.0,10,24,1463.0,True,True,bp,-3.7777777777777777
2969,354.31121305582934,50,-16,24,146311,146274,146324,146288,146319,80.54891304347825,31,331.0,37,13,1382.0,True,True,bp,-3.7777777777777777
2970,121.09450229547869,38,-7,12,146349,146324,146362,146334,146355,33.18333333333333,21,243.0,25,13,1159.0,True,True,bp,-3.7777777777777777
2971,675.9598544587125,45,4,-25,146372,146362,146407,146369,146390,131.41666666666666,21,580.0,10,35,3485.0,False,False,bp,-3.7777777777777777
2972,1142.1594888970856,51,-7,27,146446,146407,146458,146415,146453,70.83179723502305,38,1440.0,39,12,1693.0,False,False,bp,-3.7777777777777777
2973,1442.4163238899287,82,2,2,146500,146458,146540,146484,146520,95.93125,36,-801.0,42,40,4091.0,False,False,bp,-3.7777777777777777
2974,866.8557806505403,51,-13,23,146577,146540,146591,146558,146587,70.51578947368421,29,320.0,37,14,1245.0,False,False,bp,-3.7777777777777777
2975,898.2072783422539,48,6,0,146615,146591,146639,146603,146621,148.83333333333334,18,172.0,24,24,3364.0,False,False,bp,-3.7777777777777777
2976,1975.8583667454684,51,4,-25,146652,146639,146690,146645,146669,199.0168067226891,24,-341.0,13,38,3503.0,False,False,bp,-3.7777777777777777
2977,1226.6454092492904,34,18,6,146710,146690,146724,146697,146718,133.5625,21,1552.0,20,14,3372.0,False,False,bp,-3.7777777777777777
2978,3112.4784182512053,84,10,0,146766,146724,146808,146757,146784,312.0833333333333,27,-2855.0,42,42,7329.0,False,False,bp,-3.7777777777777777
2979,943.3935580221954,50,-3,-2,146832,146808,146858,146821,146846,79.78571428571429,25,1646.0,24,26,974.0,False,False,bp,-3.7777777777777777
2980,143.82931006560239,33,2,15,146882,146858,146891,146868,146888,54.53571428571429,20,1531.0,24,9,1361.0,True,True,bp,-3.7777777777777777
2981,829.4838456412482,49,0,1,146916,146891,146940,146910,146933,88.93627450980392,23,1804.0,25,24,2550.0,False,False,bp,-3.7777777777777777
2982,733.9271317333078,67,-7,-15,146966,146940,147007,146956,146987,125.94285714285714,31,64.0,26,41,1028.0,False,False,bp,-3.7777777777777777
2983,120.59955094547988,33,29,-15,147016,147007,147040,147011,147022,157.6,11,-437.0,9,24,1800.0,True,True,bp,-3.7777777777777777
2984,818.2451000277067,50,9,4,147067,147040,147090,147062,147078,151.4909090909091,16,-652.0,27,23,2164.0,False,False,bp,-3.7777777777777777
2985,3445.1368653947284,67,34,-17,147115,147090,147157,147103,147123,413.8541666666666,20,-5537.0,25,42,8677.0,False,False,bp,-3.7777777777777777
2986,1439.2070555081405,84,-17,2,147200,147157,147241,147177,147219,103.4153318077803,42,-1876.0,43,41,3985.0,False,False,bp,-3.7777777777777777
2987,461.85271576439277,18,24,4,147252,147241,147259,147244,147254,81.25,10,792.0,11,7,257.0,False,False,bp,-3.7777777777777777
2988,749.4023775532918,103,-24,11,147316,147259,147362,147288,147338,110.76948051948051,50,-5061.0,57,46,4808.0,False,False,bp,-3.7777777777777777
2989,576.4892205941645,47,3,-5,147383,147362,147409,147364,147395,37.90350877192982,31,-1424.0,21,26,1658.0,False,False,bp,-3.7777777777777777
2990,1114.6562392086694,49,-13,9,147438,147409,147458,147429,147451,121.97863247863249,22,-2841.0,29,20,2304.0,False,False,bp,-3.7777777777777777
2991,577.8050018041387,38,-3,-18,147468,147458,147496,147460,147486,69.75,26,-1339.0,10,28,2460.0,False,False,bp,-3.7777777777777777
2992,2775.738936040829,60,2,-16,147518,147496,147556,147509,147534,249.47569444444446,25,-3911.0,22,38,6367.0,False,False,bp,-3.7777777777777777
2993,772.2834015560517,32,-12,14,147579,147556,147588,147561,147585,76.1111111111111,24,22.0,23,9,992.0,False,False,bp,-3.7777777777777777
2994,1093.7237975300777,53,12,-25,147602,147588,147641,147597,147619,130.14117647058822,22,-676.0,14,39,2773.0,True,False,bp,-3.7777777777777777
2995,1156.2941112365172,82,-2,-24,147670,147641,147723,147653,147694,102.53186274509804,41,-1540.0,29,53,2874.0,False,False,bp,-3.7777777777777777
2996,285.3523318838861,68,-6,-16,147749,147723,147791,147733,147768,26.56907894736842,35,280.0,26,42,1161.0,False,False,bp,-3.7777777777777777
2997,775.9309430069618,50,-21,6,147819,147791,147841,147797,147834,65.73181818181818,37,-1484.0,28,22,2087.0,False,False,bp,-3.7777777777777777
2998,136.25853002314184,37,-10,1,147860,147841,147878,147850,147874,-18.007142857142856,24,171.0,19,18,727.0,False,False,bp,-3.7777777777777777
2999,344.4747741955409,61,44,-17,147900,147878,147939,147888,147903,145.79166666666666,15,-321.0,22,39,1440.0,False,False,bp,-3.7777777777777777
3000,466.34496802525683,72,-3,-16,147967,147939,148011,147962,147995,180.27857142857138,33,-1986.0,28,44,1615.0,False,False,bp,-3.7777777777777777
3001,583.3838801697233,47,12,-3,148033,148011,148058,148025,148046,94.8846153846154,21,-2129.0,22,25,2017.0,True,True,bp,-3.7777777777777777
3002,96.42031967019629,71,-4,11,148099,148058,148129,148079,148112,43.730769230769226,33,-1327.0,41,30,1442.0,True,False,bp,-3.7777777777777777
3003,638.7209183354106,39,13,1,148149,148129,148168,148141,148152,194.25,11,-2127.0,20,19,2063.0,False,False,bp,-3.7777777777777777
3004,158.71359747616214,40,6,-12,148182,148168,148208,148176,148195,82.3205128205128,19,-1084.0,14,26,1753.0,False,False,bp,-3.7777777777777777
3005,370.6723431301819,48,2,2,148233,148208,148256,148220,148238,135.43846153846158,18,-1692.0,25,23,1609.0,True,True,bp,-3.7777777777777777
3006,285.9986888355278,52,-2,-32,148266,148256,148308,148258,148287,60.81547619047619,29,-1018.0,10,42,1794.0,True,True,bp,-3.7777777777777777
3007,554.8530449742864,33,-2,-15,148317,148308,148341,148314,148334,144.2058823529412,20,-466.0,9,24,1775.0,True,True,bp,-3.7777777777777777
3008,720.6203998046602,50,5,0,148366,148341,148391,148352,148374,81.58035714285714,22,-820.0,25,25,1370.0,True,True,bp,-3.7777777777777777
3009,447.53864016624885,33,5,9,148412,148391,148424,148401,148419,75.49350649350649,18,-719.0,21,12,1741.0,True,True,bp,-3.7777777777777777
3010,868.7027435534593,50,20,2,148450,148424,148474,148442,148467,109.83455882352942,25,-1105.0,26,24,2980.0,True,False,bp,-3.7777777777777777
3011,1310.059117950882,66,1,8,146261,146224,146290,146239,146271,104.9318181818182,32,305.0,37,29,2974.0,True,True,bp,-3.7777777777777777
3012,2163.592057252678,48,27,4,146316,146290,146338,146304,146322,311.6666666666667,18,-2062.0,26,22,4609.0,True,True,bp,-3.7777777777777777
3013,1567.516672263686,70,22,8,146377,146338,146408,146367,146388,175.3818181818182,21,-1720.0,39,31,3439.0,True,True,bp,-3.7777777777777777
3014,1304.9478792911514,64,1,10,146445,146408,146472,146431,146454,138.66666666666669,23,-1084.0,37,27,3667.0,True,True,bp,-3.7777777777777777
3015,1938.6187121188373,54,-3,-2,146498,146472,146526,146478,146513,141.38333333333333,35,-1617.0,26,28,5166.0,True,False,bp,-3.7777777777777777
3016,977.5085445641362,98,-15,16,146583,146526,146624,146545,146597,101.94548872180452,52,-631.0,57,41,2731.0,True,False,bp,-3.7777777777777777
3017,980.3078176280292,64,5,-20,146646,146624,146688,146634,146661,87.96666666666668,27,87.0,22,42,3167.0,True,True,bp,-3.7777777777777777
3018,1924.3006037705213,41,17,-17,146700,146688,146729,146693,146718,216.23015873015876,25,-741.0,12,29,3175.0,True,False,bp,-3.7777777777777777
3019,2560.3561890280907,78,1,18,146777,146729,146807,146760,146789,221.94607843137254,29,-3760.0,48,30,6874.0,True,False,bp,-3.7777777777777777
3020,1658.6904047955054,67,-5,-15,146833,146807,146874,146819,146856,108.13509316770187,37,-787.0,26,41,3928.0,True,True,bp,-3.7777777777777777
3021,1837.070336217479,83,9,-9,146911,146874,146957,146888,146921,159.5608695652174,33,-2306.0,37,46,4282.0,True,False,bp,-3.7777777777777777
3022,1450.7128177788986,33,5,-11,146968,146957,146990,146963,146985,241.8470588235294,22,-1565.0,11,22,2791.0,True,False,bp,-3.7777777777777777
3023,865.6772359000987,56,20,0,147018,146990,147046,147012,147028,153.36666666666667,16,-976.0,28,28,1942.0,False,False,bp,-3.7777777777777777
3024,1220.1534658667606,58,-17,22,147086,147046,147104,147064,147097,121.97727272727272,33,-4131.0,40,18,2759.0,False,False,bp,-3.7777777777777777
3025,702.7034961849408,69,24,-39,147119,147104,147173,147113,147133,152.6547619047619,20,-2995.0,15,54,4870.0,False,False,bp,-3.7777777777777777
3026,595.405201608398,68,25,-46,147184,147173,147241,147177,147206,89.41883116883116,29,-270.0,11,57,660.0,False,False,bp,-3.7777777777777777
3027,1467.4574995377272,50,4,2,147267,147241,147291,147260,147282,233.42380952380955,22,-3887.0,26,24,4055.0,False,False,bp,-3.7777777777777777
3028,1800.410954365519,66,11,-18,147315,147291,147357,147308,147331,208.76339285714286,23,-2959.0,24,42,6368.0,False,False,bp,-3.7777777777777777
3029,2145.912423938642,67,4,-17,147382,147357,147424,147365,147401,127.39009287925695,36,-1542.0,25,42,3503.0,False,False,bp,-3.7777777777777777
3030,3327.2116678382567,66,0,12,147463,147424,147490,147441,147472,348.42676767676767,31,-8333.0,39,27,9253.0,False,False,bp,-3.7777777777777777
3031,1644.8828615731572,74,-23,10,147532,147490,147564,147503,147550,99.52969348659005,47,-2760.0,42,32,4904.0,False,False,bp,-3.7777777777777777
3032,1295.096357703172,60,-17,0,147594,147564,147624,147574,147618,80.61666666666667,44,-1783.0,30,30,2856.0,True,True,bp,-3.7777777777777777
3033,838.524163095306,50,-1,30,147664,147624,147674,147645,147667,129.66666666666669,22,-2377.0,40,10,1634.0,False,False,bp,-3.7777777777777777
3034,772.0272756084016,54,-8,18,147710,147674,147728,147688,147720,93.05,32,-3088.0,36,18,2775.0,True,True,bp,-3.7777777777777777
3035,439.1648742439476,35,25,9,147750,147728,147763,147744,147753,209.08333333333331,9,-2592.0,22,13,1823.0,True,False,bp,-3.7777777777777777
3036,272.886354005552,61,-3,13,147800,147763,147824,147787,147810,117.70384615384614,23,-3267.0,37,24,1569.0,True,False,bp,-3.7777777777777777
3037,533.7926780297914,50,23,-30,147834,147824,147874,147830,147846,199.29166666666663,16,-3736.0,10,40,2249.0,True,False,bp,-3.7777777777777777
3038,240.33983548275936,34,3,22,147902,147874,147908,147885,147905,87.45098039215686,20,-3505.0,28,6,712.0,False,False,bp,-3.7777777777777777
3039,789.8457945594781,49,-6,7,147936,147908,147957,147928,147952,112.59375,24,-5205.0,28,21,1928.0,False,False,bp,-3.7777777777777777
3040,522.9254724057604,36,18,14,147982,147957,147993,147970,147983,189.20833333333331,13,-5548.0,25,11,1434.0,True,True,bp,-3.7777777777777777
3041,303.26318760917013,30,23,18,148017,147993,148023,148014,148019,352.83333333333337,5,-5299.0,24,6,2385.0,False,False,bp,-3.7777777777777777
3042,847.5316403578302,67,2,19,148066,148023,148090,148047,148076,148.84473684210525,29,-5571.0,43,24,3409.0,True,False,bp,-3.7777777777777777
3043,544.7042472241392,34,8,6,148110,148090,148124,148107,148118,255.10416666666663,11,-4355.0,20,14,2953.0,True,False,bp,-3.7777777777777777
3044,673.3760194627221,54,6,4,148153,148124,148178,148137,148156,190.8125,19,-4141.0,29,25,2194.0,True,True,bp,-3.7777777777777777
3045,242.51187631457543,45,22,-33,148184,148178,148223,148181,148197,170.44871794871798,16,-3179.0,6,39,2553.0,False,False,bp,-3.7777777777777777
3046,726.5471357510565,52,13,-6,148246,148223,148275,148235,148251,140.10909090909092,16,-2375.0,23,29,2734.0,True,False,bp,-3.7777777777777777
3047,304.17253623948125,62,29,-46,148283,148275,148337,148280,148300,173.2843137254902,20,-1345.0,8,54,2164.0,True,False,bp,-3.7777777777777777
3048,921.5188101612516,36,0,16,148363,148337,148373,148349,148367,180.92857142857144,18,-1562.0,26,10,3572.0,True,False,bp,-3.7777777777777777
3049,290.9525728235584,68,-18,20,148417,148373,148441,148385,148428,5.316761363636363,43,69.0,44,24,285.0,False,False,bp,-3.7777777777777777
3050,528.0269397883263,40,9,-4,150082,150064,150104,150074,150090,109.125,16,360.0,18,22,1901.0,True,False,bp,0.12727272727272726
3051,885.5079024356203,54,11,-8,150127,150104,150158,150115,150145,88.08333333333331,30,-616.0,23,31,1216.0,False,False,bp,0.12727272727272726
3052,643.0013586526163,67,-8,15,150199,150158,150225,150186,150218,58.27935222672065,32,-1726.0,41,26,2378.0,True,True,bp,0.12727272727272726
3053,878.6580730193515,66,6,-18,150249,150225,150291,150242,150273,127.30059523809523,31,-1370.0,24,42,4854.0,False,False,bp,0.12727272727272726
3054,1507.3704350175424,55,10,27,150332,150291,150346,150310,150338,173.46969696969697,28,-626.0,41,14,3018.0,True,True,bp,0.12727272727272726
3055,1932.4339688184427,77,15,1,150385,150346,150423,150376,150400,219.77777777777774,24,-2544.0,39,38,5549.0,True,True,bp,0.12727272727272726
3056,1059.7715708413941,88,5,-34,150450,150423,150511,150439,150475,136.63272727272727,36,-350.0,27,61,4064.0,True,True,bp,0.12727272727272726
3057,732.244004991779,79,-23,-35,150533,150511,150590,150516,150567,51.41176470588235,51,1405.0,22,57,1741.0,False,False,bp,0.12727272727272726
3058,1326.445942659409,34,8,-4,150605,150590,150624,150595,150618,149.98461538461538,23,-412.0,15,19,2363.0,False,False,bp,0.12727272727272726
3059,1104.9844142801649,80,10,2,150665,150624,150704,150649,150679,137.1875,30,-1802.0,41,39,4340.0,True,False,bp,0.12727272727272726
3060,838.5759180422364,37,7,19,150732,150704,150741,150719,150736,123.32692307692308,17,248.0,28,9,1875.0,True,False,bp,0.12727272727272726
3061,553.1000651879448,50,-6,2,150767,150741,150791,150760,150785,97.38095238095238,25,88.0,26,24,1777.0,True,False,bp,0.12727272727272726
3062,882.2418975403052,64,-9,20,150833,150791,150855,150804,150839,151.01436781609198,35,-602.0,42,22,3212.0,True,True,bp,0.12727272727272726
3063,1907.033601107831,51,10,3,150882,150855,150906,150865,150888,183.30882352941174,23,-2822.0,27,24,2666.0,False,False,bp,0.12727272727272726
3064,536.7158037940228,96,-5,-42,150933,150906,151002,150921,150972,101.27564102564102,51,-2970.0,27,69,5111.0,True,False,bp,0.12727272727272726
3065,709.1295757841377,72,-7,-8,151034,151002,151074,151018,151056,68.10795454545455,38,-817.0,32,40,2171.0,True,True,bp,0.12727272727272726
3066,1375.5338529027172,66,8,-14,151100,151074,151140,151087,151120,123.51346153846156,33,-1339.0,26,40,4391.0,True,True,bp,0.12727272727272726
3067,1350.4178500097787,101,17,-15,151183,151140,151241,151161,151199,95.48579545454544,38,-2080.0,43,58,2462.0,False,False,bp,0.12727272727272726
3068,820.1556699829829,83,-4,-33,151266,151241,151324,151254,151295,88.77729885057471,41,-1967.0,25,58,4171.0,True,True,bp,0.12727272727272726
3069,1820.4109196867146,54,20,-4,151349,151324,151378,151332,151361,137.875,29,-1476.0,25,29,4059.0,True,True,bp,0.12727272727272726
3070,2367.9163078291244,79,-4,5,151420,151378,151457,151410,151439,201.36578947368423,29,-2560.0,42,37,5395.0,True,False,bp,0.12727272727272726
3071,1641.996698762205,47,19,5,151483,151457,151504,151464,151486,243.0701754385965,22,-1248.0,26,21,2806.0,True,False,bp,0.12727272727272726
3072,1165.7731605293136,71,-7,19,151549,151504,151575,151527,151564,111.73030303030302,37,-1971.0,45,26,4137.0,True,True,bp,0.12727272727272726
3073,1179.4524445883887,82,1,-26,151603,151575,151657,151594,151635,135.5,41,-783.0,28,54,5698.0,True,False,bp,0.12727272727272726
3074,802.9856156412346,55,-7,29,151699,151657,151712,151677,151703,87.26136363636363,26,1360.0,42,13,784.0,False,False,bp,0.12727272727272726
3075,449.5712684935373,46,9,-6,151732,151712,151758,151722,151746,40.43571428571428,24,985.0,20,26,1785.0,False,False,bp,0.12727272727272726
3076,1215.054914142038,63,-6,21,151800,151758,151821,151779,151806,160.30952380952382,27,-2830.0,42,21,2468.0,False,False,bp,0.12727272727272726
3077,1077.2411765518707,57,3,-3,151848,151821,151878,151827,151852,132.26785714285714,25,-3029.0,27,30,2405.0,False,False,bp,0.12727272727272726
3078,248.0894673145754,24,3,-14,151883,151878,151902,151880,151895,105.45833333333334,15,-1420.0,5,19,307.0,False,False,bp,0.12727272727272726
3079,415.31040202747397,56,8,-28,151916,151902,151958,151913,151933,100.80392156862743,20,-1891.0,14,42,1944.0,False,False,bp,0.12727272727272726
3080,732.0901881862262,62,14,-12,151983,151958,152020,151961,151987,167.625,26,-3283.0,25,37,2303.0,True,True,bp,0.12727272727272726
3081,205.47119249540447,32,9,-6,152033,152020,152052,152027,152042,144.94444444444446,15,-2488.0,13,19,575.0,False,False,bp,0.12727272727272726
3082,386.4201597056722,39,4,-7,152068,152052,152091,152066,152079,117.1818181818182,13,-2315.0,16,23,2263.0,False,False,bp,0.12727272727272726
3083,868.5242513458037,67,17,-43,152103,152091,152158,152096,152136,149.6709956709957,40,-2367.0,12,55,3202.0,True,False,bp,0.12727272727272726
3084,542.4853286458206,67,29,17,152200,152158,152225,152193,152204,256.2857142857143,11,-3096.0,42,25,1893.0,False,False,bp,0.12727272727272726
3085,404.72857869392686,45,8,3,152249,152225,152270,152244,152256,195.67142857142858,12,-2668.0,24,21,2756.0,True,True,bp,0.12727272727272726
3086,553.1351637274732,54,-18,-30,152282,152270,152324,152276,152310,116.39285714285714,34,-1616.0,12,42,2767.0,True,True,bp,0.12727272727272726
3087,678.9194667014716,50,6,-32,152333,152324,152374,152326,152352,104.15789473684212,26,-644.0,9,41,1991.0,True,True,bp,0.12727272727272726
3088,496.37220347327985,34,0,10,152396,152374,152408,152384,152405,61.5,21,-369.0,22,12,1335.0,False,False,bp,0.12727272727272726
3089,685.6962981008813,50,-12,32,152449,152408,152458,152426,152451,126.90217391304348,25,-3000.0,41,9,1074.0,False,False,bp,0.12727272727272726
3090,198.5179189950127,40,19,-22,152467,152458,152498,152464,152477,118.46666666666668,13,-2989.0,9,31,1246.0,True,False,bp,0.12727272727272726
3091,455.71203376169626,76,28,-40,152516,152498,152574,152509,152539,102.54037267080744,30,-3771.0,18,58,2661.0,True,False,bp,0.12727272727272726
3092,257.4015975255227,50,-12,30,152614,152574,152624,152597,152618,153.30147058823533,21,-3431.0,40,10,2108.0,True,False,bp,0.12727272727272726
3093,407.45176833782983,35,3,-15,152634,152624,152659,152627,152650,108.91964285714286,23,-3573.0,10,25,1181.0,False,False,bp,0.12727272727272726
3094,501.54393517574005,44,-10,36,152699,152659,152703,152676,152700,99.17391304347828,24,-4986.0,40,4,1053.0,False,False,bp,0.12727272727272726
3095,648.4664197605557,38,-8,-12,152716,152703,152741,152714,152736,217.9,22,-4929.0,13,25,3716.0,False,False,bp,0.12727272727272726
3096,937.7897611913687,51,-14,33,152783,152741,152792,152750,152788,123.23030303030303,38,-4138.0,42,9,2589.0,True,True,bp,0.12727272727272726
3097,246.33115515013324,65,-18,17,152833,152792,152857,152812,152846,67.26373626373626,34,-3246.0,41,24,2504.0,True,False,bp,0.12727272727272726
3098,880.4249085370677,35,-10,17,152883,152857,152892,152862,152885,264.1309523809524,23,-4902.0,26,9,2161.0,True,False,bp,0.12727272727272726
3099,568.0301489504373,58,9,-40,152901,152892,152950,152898,152922,194.59523809523807,24,-3954.0,9,49,3716.0,False,False,bp,0.12727272727272726
3100,122.13161109117235,24,10,2,152963,152950,152974,152955,152971,32.3125,16,-742.0,13,11,832.0,False,False,bp,0.12727272727272726
3101,156.27620331518136,106,34,-22,153016,152974,153080,152997,153037,46.10526315789475,40,-2162.0,42,64,2831.0,False,False,bp,0.12727272727272726
3102,243.7845295699968,94,-11,16,153135,153080,153174,153111,153155,74.42083333333333,44,-2754.0,55,39,3112.0,False,False,bp,0.12727272727272726
3103,284.996650921971,40,0,10,153199,153174,153214,153188,153206,43.941558441558435,18,-424.0,25,15,1285.0,False,False,bp,0.12727272727272726
3104,593.6877152901512,44,-1,-2,153235,153214,153258,153224,153244,115.49494949494951,20,-889.0,21,23,2096.0,True,True,bp,0.12727272727272726
3105,868.7229785516465,50,3,-2,153282,153258,153308,153263,153290,113.04934210526315,27,-1679.0,24,26,2259.0,True,True,bp,0.12727272727272726
3106,348.6688506325142,34,-6,14,153332,153308,153342,153320,153335,204.25,15,-721.0,24,10,2778.0,False,False,bp,0.12727272727272726
3107,224.8516586790974,66,15,-42,153354,153342,153408,153344,153378,45.02083333333333,34,1171.0,12,54,1751.0,False,False,bp,0.12727272727272726
3108,336.6368823983175,33,8,15,153432,153408,153441,153427,153436,228.6,9,1164.0,24,9,2218.0,True,False,bp,0.12727272727272726
3109,533.4789712160599,100,-8,20,150134,150074,150174,150113,150153,71.35588972431077,40,140.0,60,40,2115.0,True,False,bp,0.12727272727272726
3110,805.5335162776863,56,-15,-6,150199,150174,150230,150185,150218,62.639097744360896,33,951.0,25,31,2744.0,False,False,bp,0.12727272727272726
3111,267.52660149976384,28,-6,4,150246,150230,150258,150236,150252,145.63333333333333,16,2140.0,16,12,2547.0,True,False,bp,0.12727272727272726
3112,269.653184236052,34,7,-14,150268,150258,150292,150262,150282,127.80952380952381,20,2667.0,10,24,2261.0,True,False,bp,0.12727272727272726
3113,468.86583029768167,77,-5,3,150332,150292,150369,150309,150346,93.6086956521739,37,2340.0,40,37,2742.0,False,False,bp,0.12727272727272726
3114,3005.5328988967976,55,15,-5,150394,150369,150424,150378,150405,260.00284090909093,27,-729.0,25,30,6867.0,False,False,bp,0.12727272727272726
3115,2380.4583221036905,83,-17,1,150466,150424,150507,150447,150487,185.95488721804512,40,-1134.0,42,41,7357.0,True,False,bp,0.12727272727272726
3116,1176.5245818132762,34,4,-16,150516,150507,150541,150510,150527,278.8636363636364,17,2537.0,9,25,3456.0,True,False,bp,0.12727272727272726
3117,1069.6951196163839,67,-25,17,150583,150541,150608,150548,150599,71.32857142857142,51,2589.0,42,25,2916.0,False,False,bp,0.12727272727272726
3118,2093.165790176922,49,1,1,150633,150608,150657,150625,150644,322.17045454545456,19,-1099.0,25,24,3246.0,False,False,bp,0.12727272727272726
3119,437.5318953518937,50,12,-24,150670,150657,150707,150664,150690,71.25833333333333,26,1322.0,13,37,3292.0,False,False,bp,0.12727272727272726
3120,1498.1297349213473,51,16,1,150733,150707,150758,150728,150745,309.375,17,836.0,26,25,3493.0,True,True,bp,0.12727272727272726
3121,1208.5377154409896,50,-2,22,150794,150758,150808,150778,150803,109.23611111111113,25,1256.0,36,14,2057.0,False,False,bp,0.12727272727272726
3122,1492.4818560012204,45,15,5,150833,150808,150853,150826,150844,238.5779220779221,18,-1270.0,25,20,2656.0,False,False,bp,0.12727272727272726
3123,1275.6748226139564,72,6,20,150899,150853,150925,150877,150906,182.89935064935062,29,-1887.0,46,26,4309.0,True,True,bp,0.12727272727272726
3124,1912.0749581430505,50,0,0,150950,150925,150975,150941,150969,156.08771929824562,28,-919.0,25,25,4324.0,True,True,bp,0.12727272727272726
3125,662.050705509641,49,2,23,151011,150975,151024,150997,151019,82.08035714285714,22,1023.0,36,13,1608.0,True,True,bp,0.12727272727272726
3126,623.4931313871288,66,-12,-14,151050,151024,151090,151043,151076,131.09890109890108,33,-219.0,26,40,2529.0,True,True,bp,0.12727272727272726
3127,1252.1624285038022,55,10,-11,151112,151090,151145,151097,151122,141.71666666666667,25,-992.0,22,33,3270.0,True,True,bp,0.12727272727272726
3128,1334.2130580774044,63,-3,-1,151176,151145,151208,151157,151190,130.6184210526316,33,-308.0,31,32,3864.0,True,True,bp,0.12727272727272726
3129,2808.8503423587154,66,14,-18,151232,151208,151274,151220,151244,278.9583333333333,24,-3537.0,24,42,6455.0,True,True,bp,0.12727272727272726
3130,2477.2260056585146,50,20,-12,151293,151274,151324,151282,151302,291.83333333333337,20,-2512.0,19,31,6114.0,True,True,bp,0.12727272727272726
3131,1202.9156876380846,66,33,-14,151350,151324,151390,151342,151359,185.72916666666669,17,529.0,26,40,3220.0,True,True,bp,0.12727272727272726
3132,2696.314181316105,56,7,8,151422,151390,151446,151409,151435,224.11538461538458,26,-2373.0,32,24,5458.0,False,False,bp,0.12727272727272726
3133,851.5845663057097,63,4,11,151483,151446,151509,151468,151496,108.03333333333332,28,384.0,37,26,2321.0,False,False,bp,0.12727272727272726
3134,1343.5543309493567,66,10,-14,151535,151509,151575,151528,151552,200.72268907563026,24,-298.0,26,40,4888.0,True,True,bp,0.12727272727272726
3135,1187.1327392730361,50,15,-2,151599,151575,151625,151586,151611,117.52884615384615,25,1005.0,24,26,2280.0,True,True,bp,0.12727272727272726
3136,354.98586599882697,55,23,27,151666,151625,151680,151651,151669,101.8,18,1693.0,41,14,1096.0,False,False,bp,0.12727272727272726
3137,1009.2905951209397,111,3,-15,151728,151680,151791,151710,151755,109.5,45,-1837.0,48,63,4687.0,False,False,bp,0.12727272727272726
3138,753.1301983031888,34,4,18,151817,151791,151825,151803,151822,91.67142857142856,19,1017.0,26,8,1608.0,False,False,bp,0.12727272727272726
3139,936.4236834577673,49,-4,31,151865,151825,151874,151845,151869,173.275,24,-516.0,40,9,2694.0,True,True,bp,0.12727272727272726
3140,665.0978920757607,55,-6,29,151916,151874,151929,151889,151919,153.27777777777774,30,71.0,42,13,1866.0,True,True,bp,0.12727272727272726
3141,411.1983006678942,62,2,40,151980,151929,151991,151943,151988,49.63682432432432,45,-695.0,51,11,929.0,False,False,bp,0.12727272727272726
3142,716.8755449737531,83,0,35,152050,151991,152074,152035,152061,126.13333333333333,26,-2463.0,59,24,2941.0,False,False,bp,0.12727272727272726
3143,724.3340418836633,37,2,1,152093,152074,152111,152087,152105,125.45833333333334,18,-1372.0,19,18,1953.0,True,False,bp,0.12727272727272726
3144,169.7621829786288,32,4,12,152133,152111,152143,152125,152136,176.25,11,-416.0,22,10,1598.0,True,True,bp,0.12727272727272726
3145,135.68420804061498,31,5,13,152165,152143,152174,152151,152171,29.92857142857143,20,222.0,22,9,989.0,False,False,bp,0.12727272727272726
3146,1071.5662442414352,50,11,26,152212,152174,152224,152196,152219,148.13839285714286,23,-1906.0,38,12,2672.0,False,False,bp,0.12727272727272726
3147,470.74721300212184,68,-19,28,152272,152224,152292,152253,152284,50.778508771929815,31,-502.0,48,20,2172.0,False,False,bp,0.12727272727272726
3148,173.93893648346602,32,3,6,152311,152292,152324,152296,152319,43.2875,23,460.0,19,13,679.0,False,False,bp,0.12727272727272726
3149,512.4337399858518,56,24,-4,152350,152324,152380,152345,152355,223.9,10,-1370.0,26,30,1983.0,False,False,bp,0.12727272727272726
3150,991.9488821550186,44,-12,-2,152401,152380,152424,152389,152416,79.50833333333333,27,-1238.0,21,23,2788.0,True,True,bp,0.12727272727272726
3151,432.22742903920823,33,-9,15,152448,152424,152457,152431,152451,124.05882352941177,20,-263.0,24,9,1412.0,True,False,bp,0.12727272727272726
3152,449.8896703222368,35,9,-15,152467,152457,152492,152462,152478,151.0818181818182,16,-822.0,10,25,2129.0,True,False,bp,0.12727272727272726
3153,335.86263413210725,48,4,-10,152511,152492,152540,152503,152526,90.825,23,-829.0,19,29,1377.0,False,False,bp,0.12727272727272726
3154,703.0312427889319,54,-13,20,152577,152540,152594,152553,152585,108.41666666666666,32,-2853.0,37,17,2235.0,False,False,bp,0.12727272727272726
3155,577.6360710744348,35,-4,7,152615,152594,152629,152604,152622,102.9935064935065,18,-2196.0,21,14,2975.0,False,False,bp,0.12727272727272726
3156,349.9315202329728,28,26,12,152649,152629,152657,152636,152653,90.31730769230771,17,-599.0,20,8,1477.0,False,False,bp,0.12727272727272726
3157,344.42487944391945,88,-8,30,152716,152657,152745,152696,152726,94.25,30,-1337.0,59,29,2590.0,True,False,bp,0.12727272727272726
3158,485.21933225113577,45,-18,-27,152754,152745,152790,152748,152780,112.21794871794873,32,-795.0,9,36,1248.0,True,False,bp,0.12727272727272726
3159,430.1325253582466,34,-17,-20,152797,152790,152824,152794,152820,119.94202898550724,26,-601.0,7,27,2118.0,False,False,bp,0.12727272727272726
3160,806.8505405293339,33,-13,-7,152837,152824,152857,152829,152853,138.46875,24,-1281.0,13,20,2758.0,False,False,bp,0.12727272727272726
3161,1498.6275890496647,38,-5,8,152880,152857,152895,152864,152883,180.97916666666669,19,-4930.0,23,15,1408.0,False,False,bp,0.12727272727272726
3162,835.6906556358957,50,-8,-8,152916,152895,152945,152897,152926,103.67631578947369,29,-5328.0,21,29,3981.0,False,False,bp,0.12727272727272726
3163,726.7752841403178,47,1,-17,152960,152945,152992,152947,152973,79.03846153846155,26,-3345.0,15,32,1982.0,True,True,bp,0.12727272727272726
3164,647.766155802771,33,-9,9,153013,152992,153025,153000,153020,103.35164835164836,20,-4067.0,21,12,1526.0,True,False,bp,0.12727272727272726
3165,288.8121902456203,48,-13,-26,153036,153025,153073,153031,153060,108.08333333333331,29,-4083.0,11,37,1927.0,True,False,bp,0.12727272727272726
3166,299.28811101545546,65,-17,-45,153083,153073,153138,153076,153119,76.48412698412699,43,-3831.0,10,55,2638.0,True,True,bp,0.12727272727272726
3167,278.3405783715763,40,10,-18,153149,153138,153178,153145,153161,199.70833333333331,16,-3189.0,11,29,1927.0,True,True,bp,0.12727272727272726
3168,549.8933638359224,81,-21,-33,153202,153178,153259,153187,153239,96.97297297297294,52,-3536.0,24,57,4764.0,False,False,bp,0.12727272727272726
3169,1328.3379926543496,48,-12,12,153289,153259,153307,153270,153301,97.71271929824562,31,-2437.0,30,18,3702.0,True,False,bp,0.12727272727272726
3170,552.859147766209,45,1,15,153337,153307,153352,153320,153339,121.97058823529413,19,-750.0,30,15,1239.0,True,True,bp,0.12727272727272726
3171,461.2323585032139,39,-3,-11,153366,153352,153391,153359,153379,112.74175824175823,20,-693.0,14,25,2421.0,False,False,bp,0.12727272727272726
3172,206.7803916410816,38,10,-16,153402,153391,153429,153396,153414,78.58333333333333,18,376.0,11,27,425.0,False,False,bp,0.12727272727272726
3173,466.53392136136284,49,-30,33,154715,154674,154723,154680,154719,91.34642857142859,39,139.0,41,8,1349.0,False,False,bp,-1.75
3174,249.53181176359797,68,14,-48,154733,154723,154791,154728,154761,109.32857142857144,33,314.0,10,58,3143.0,False,False,bp,-1.75
3175,799.4249200475418,51,-1,-1,154816,154791,154842,154808,154828,191.72916666666669,20,195.0,25,26,2545.0,False,False,bp,-1.75
3176,277.742499196227,33,4,-17,154850,154842,154875,154847,154866,93.71875,19,2157.0,8,25,2199.0,False,False,bp,-1.75
3177,635.8221735657838,50,18,0,154900,154875,154925,154889,154907,74.50649350649351,18,2949.0,25,25,1144.0,False,False,bp,-1.75
3178,532.5300450073446,48,-10,36,154967,154925,154973,154943,154970,85.125,27,-334.0,42,6,523.0,False,False,bp,-1.75
3179,232.07065189553188,48,6,6,155000,154973,155021,154987,155005,130.82307692307694,18,-1420.0,27,21,1726.0,False,False,bp,-1.75
3180,192.76801012309426,22,4,2,155033,155021,155043,155029,155038,109.05,9,-562.0,12,10,1234.0,False,False,bp,-1.75
3181,287.65213530104086,46,-3,-10,155061,155043,155089,155051,155073,46.21666666666667,22,290.0,18,28,2377.0,False,False,bp,-1.75
3182,472.32483345641634,52,-18,-30,155100,155089,155141,155092,155135,40.7,43,1917.0,11,41,2536.0,False,False,bp,-1.75
3183,255.72052068703846,36,1,34,155176,155141,155177,155160,155177,-81.875,17,1076.0,35,1,-270.0,False,False,bp,-1.75
3184,487.7666732302102,48,-7,30,155216,155177,155225,155195,155222,83.64285714285714,27,-1984.0,39,9,1162.0,False,False,bp,-1.75
3185,344.1895487431065,49,10,5,155252,155225,155274,155242,155260,105.575,18,-1858.0,27,22,2401.0,False,False,bp,-1.75
3186,717.9309614242999,50,24,2,155300,155274,155324,155288,155306,118.16666666666666,18,-715.0,26,24,2430.0,True,True,bp,-1.75
3187,156.84117855475202,55,11,31,155367,155324,155379,155348,155369,86.5394736842105,21,-153.0,43,12,525.0,False,False,bp,-1.75
3188,448.1662113030183,45,-3,29,155416,155379,155424,155401,155421,72.36666666666667,20,-1101.0,37,8,1341.0,False,False,bp,-1.75
3189,490.24616777852515,50,-3,2,155450,155424,155474,155438,155461,110.81439393939394,23,-1903.0,26,24,1512.0,True,True,bp,-1.75
3190,477.93186070494016,50,0,-8,155495,155474,155524,155481,155504,60.15873015873015,23,-1404.0,21,29,1658.0,True,True,bp,-1.75
3191,764.8024246443315,49,-14,-31,155533,155524,155573,155527,155559,142.81410256410254,32,-2059.0,9,40,2158.0,True,False,bp,-1.75
3192,257.09505152464504,19,12,1,155583,155573,155592,155577,155588,168.21666666666667,11,-2055.0,10,9,1656.0,True,False,bp,-1.75
3193,575.2692757471019,46,10,2,155616,155592,155638,155611,155622,191.6,11,-1989.0,24,22,2523.0,True,False,bp,-1.75
3194,583.8458416748525,37,5,-13,155650,155638,155675,155643,155662,91.6011904761905,19,-1277.0,12,25,1366.0,True,True,bp,-1.75
3195,459.6862796967635,32,6,16,155699,155675,155707,155686,155701,155.69230769230768,15,-2397.0,24,8,1395.0,True,True,bp,-1.75
3196,402.50056272775817,83,-21,-29,155734,155707,155790,155722,155769,59.85595238095239,47,-2666.0,27,56,4068.0,False,False,bp,-1.75
3197,845.369054391636,35,11,7,155811,155790,155825,155795,155819,74.84375,24,-1280.0,21,14,1112.0,False,False,bp,-1.75
3198,474.85272223671456,82,22,0,155866,155825,155907,155854,155873,108.05357142857143,19,-1717.0,41,41,2281.0,True,True,bp,-1.75
3199,502.126782323724,51,-10,35,155950,155907,155958,155914,155955,100.78333333333332,41,-2378.0,43,8,1803.0,True,False,bp,-1.75
3200,368.7843779405755,51,-2,33,156000,155958,156009,155986,156004,111.07142857142857,18,-2514.0,42,9,1724.0,True,True,bp,-1.75
3201,514.0434167646738,34,0,14,156033,156009,156043,156020,156037,176.4230769230769,17,-1917.0,24,10,2754.0,False,False,bp,-1.75
3202,584.4355212337304,49,-3,33,156084,156043,156092,156054,156088,72.69166666666666,34,-1306.0,41,8,1036.0,False,False,bp,-1.75
3203,409.89797487771887,67,-19,49,156150,156092,156159,156119,156155,96.49354838709678,36,-3592.0,58,9,1470.0,False,False,bp,-1.75
3204,236.320250195129,35,22,13,156183,156159,156194,156172,156188,115.01818181818182,16,-3008.0,24,11,1793.0,False,False,bp,-1.75
3205,712.850781847862,80,33,-2,156233,156194,156274,156226,156239,206.452380952381,13,-3926.0,39,41,2446.0,True,False,bp,-1.75
3206,327.04838671128016,34,-1,16,156299,156274,156308,156285,156303,111.58928571428572,18,-2901.0,25,9,1858.0,True,False,bp,-1.75
3207,358.7095377207673,45,-9,11,156336,156308,156353,156320,156350,25.205357142857146,30,-2054.0,28,17,1258.0,True,True,bp,-1.75
3208,437.2366072348125,39,-10,21,156383,156353,156392,156371,156388,109.88333333333333,17,-2597.0,30,9,1802.0,True,True,bp,-1.75
3209,211.57493494281215,46,-19,0,156415,156392,156438,156395,156429,3.196428571428571,34,-1777.0,23,23,474.0,False,False,bp,-1.75
3210,695.5327207842903,70,-10,-38,156454,156438,156508,156444,156488,82.97941176470589,44,-3014.0,16,54,4491.0,False,False,bp,-1.75
3211,1311.4062651285515,55,-11,-3,156534,156508,156563,156522,156555,88.22023809523809,33,-1573.0,26,29,2417.0,True,True,bp,-1.75
3212,634.8046632761901,62,-23,10,156599,156563,156625,156577,156617,60.09848484848485,40,-1396.0,36,26,2277.0,True,True,bp,-1.75
3213,2830.086194487942,66,1,4,154760,154725,154791,154742,154773,212.00641025641025,31,-1708.0,35,31,6993.0,True,True,bp,-1.75
3214,2891.093375992786,71,1,1,154827,154791,154862,154805,154839,248.33333333333331,34,-2183.0,36,35,7983.0,True,True,bp,-1.75
3215,1939.565556864366,51,7,-5,154885,154862,154913,154874,154896,177.13636363636363,22,929.0,23,28,2766.0,True,True,bp,-1.75
3216,1179.052583560003,61,16,-21,154933,154913,154974,154925,154946,166.15865384615384,21,416.0,20,41,2904.0,False,False,bp,-1.75
3217,4227.061598893155,56,14,-6,154999,154974,155030,154983,155008,412.92708333333326,25,-5581.0,25,31,9818.0,False,False,bp,-1.75
3218,4058.201731376353,67,17,-9,155059,155030,155097,155047,155069,393.45833333333337,22,-3467.0,29,38,8848.0,True,True,bp,-1.75
3219,3561.3977456355824,44,10,0,155119,155097,155141,155108,155131,345.81060606060606,23,-2612.0,22,22,6538.0,True,True,bp,-1.75
3220,959.9112345948636,67,-5,17,155183,155141,155208,155164,155195,108.35087719298244,31,513.0,42,25,2118.0,False,False,bp,-1.75
3221,2471.307144115638,66,8,-8,155237,155208,155274,155221,155247,273.31875,26,-3779.0,29,37,6891.0,False,False,bp,-1.75
3222,2180.894373832685,53,16,-15,155293,155274,155327,155281,155305,210.0,24,-1922.0,19,34,4539.0,True,True,bp,-1.75
3223,4524.150699795105,62,15,-4,155356,155327,155389,155345,155367,400.0909090909091,22,-5518.0,29,33,9671.0,True,True,bp,-1.75
3224,3361.1401712188845,69,3,-11,155418,155389,155458,155404,155436,251.76984126984127,32,-3735.0,29,40,7365.0,True,True,bp,-1.75
3225,2733.8189399153157,50,9,-4,155481,155458,155508,155471,155494,266.3076923076923,23,-3379.0,23,27,4460.0,True,True,bp,-1.75
3226,1187.648900664449,50,21,0,155533,155508,155558,155526,155540,255.5,14,-2213.0,25,25,3729.0,True,True,bp,-1.75
3227,1508.6942102302235,50,18,2,155584,155558,155608,155575,155589,276.35555555555555,14,-2378.0,26,24,4003.0,True,True,bp,-1.75
3228,1728.6680229671454,66,4,-16,155633,155608,155674,155621,155650,152.30882352941177,29,-2106.0,25,41,5461.0,True,True,bp,-1.75
3229,3469.277674737188,50,6,-8,155695,155674,155724,155683,155707,312.5,24,-4064.0,21,29,7297.0,True,True,bp,-1.75
3230,2596.728244530416,54,-2,-2,155750,155724,155778,155737,155767,217.7692307692308,30,-2706.0,26,28,6350.0,True,True,bp,-1.75
3231,2448.4345450371725,69,-1,3,155814,155778,155847,155795,155828,195.31015037593983,33,-3032.0,36,33,5940.0,True,True,bp,-1.75
3232,2913.41985094336,60,8,-8,155873,155847,155907,155860,155886,213.65384615384613,26,-3099.0,26,34,4492.0,True,True,bp,-1.75
3233,2651.3390761247642,50,22,0,155932,155907,155957,155920,155939,348.5476190476191,19,-5437.0,25,25,5762.0,True,True,bp,-1.75
3234,2104.0676989658227,54,6,18,155993,155957,156011,155980,156001,252.03846153846158,21,-6799.0,36,18,3596.0,False,False,bp,-1.75
3235,522.4309716243013,48,-6,26,156048,156011,156059,156028,156055,114.51428571428569,27,-3685.0,37,11,3282.0,False,False,bp,-1.75
3236,867.5906010737558,45,17,9,156086,156059,156104,156076,156088,228.65,12,-3637.0,27,18,1814.0,True,True,bp,-1.75
3237,592.4534228802154,37,-5,21,156133,156104,156141,156117,156138,95.14375,21,-5100.0,29,8,1157.0,False,False,bp,-1.75
3238,219.0057887498746,66,-7,8,156178,156141,156207,156154,156189,75.51515151515152,35,-6511.0,37,29,2161.0,False,False,bp,-1.75
3239,1006.2127548747425,48,12,-4,156229,156207,156255,156217,156238,166.125,21,-6659.0,22,26,5516.0,False,False,bp,-1.75
3240,1549.58806846143,53,1,-5,156279,156255,156308,156271,156292,234.3894230769231,21,-5263.0,24,29,4242.0,True,False,bp,-1.75
3241,271.681850296559,21,15,5,156321,156308,156329,156314,156324,254.7142857142857,10,-3515.0,13,8,2120.0,True,False,bp,-1.75
3242,743.078416885868,57,-20,9,156362,156329,156386,156349,156378,87.91826923076924,29,-3557.0,33,24,2646.0,False,False,bp,-1.75
3243,339.07151918616483,25,2,-19,156389,156386,156411,156387,156400,259.25,13,-2030.0,3,22,2030.0,False,False,bp,-1.75
3244,911.7203465687967,30,3,14,156433,156411,156441,156415,156436,202.55555555555557,21,-2221.0,22,8,2839.0,True,False,bp,-1.75
3245,1258.6958087833468,66,-3,8,156478,156441,156507,156460,156492,107.8095238095238,32,-1796.0,37,29,3798.0,True,False,bp,-1.75
3246,900.0152357441158,67,-6,7,156544,156507,156574,156521,156561,77.55882352941177,40,-2220.0,37,30,1464.0,False,False,bp,-1.75
3247,665.5730657945826,50,-9,-2,157966,157942,157992,157959,157986,97.04642857142859,27,-29.0,24,26,2117.0,False,False,bp,-0.803921568627451
3248,1763.8996753613085,83,25,-35,158016,157992,158075,158004,158030,171.94642857142856,26,-2390.0,24,59,4067.0,False,False,bp,-0.803921568627451
3249,1851.2749362600928,66,23,-16,158100,158075,158141,158081,158108,189.82565789473685,27,-2389.0,25,41,4307.0,True,True,bp,-0.803921568627451
3250,1782.9911441618976,67,-7,3,158176,158141,158208,158158,158189,127.9465811965812,31,-1453.0,35,32,4500.0,False,False,bp,-0.803921568627451
3251,348.0274623684911,33,2,-15,158217,158208,158241,158213,158229,96.5,16,1972.0,9,24,1951.0,False,False,bp,-0.803921568627451
3252,931.6910020562336,73,9,-23,158266,158241,158314,158247,158287,86.92105263157896,40,194.0,25,48,3854.0,True,False,bp,-0.803921568627451
3253,2260.4939637634866,63,26,11,158351,158314,158377,158336,158356,325.3,20,-1703.0,37,26,5255.0,False,False,bp,-0.803921568627451
3254,746.9654212541676,81,-10,3,158419,158377,158458,158402,158445,56.84954751131222,43,1143.0,42,39,2288.0,False,False,bp,-0.803921568627451
3255,805.1643527657727,83,17,1,158500,158458,158541,158478,158527,67.38468013468014,49,1042.0,42,41,3663.0,True,True,bp,-0.803921568627451
3256,2622.9042682030113,100,14,42,158612,158541,158641,158593,158623,237.05502392344502,30,-1921.0,71,29,7282.0,True,True,bp,-0.803921568627451
3257,663.2088746783268,49,-9,33,158682,158641,158690,158667,158687,119.0,20,768.0,41,8,920.0,False,False,bp,-0.803921568627451
3258,2292.6578561378587,51,2,-3,158714,158690,158741,158698,158722,249.90625,24,-3467.0,24,27,5868.0,False,False,bp,-0.803921568627451
3259,688.0788277297956,33,-11,11,158763,158741,158774,158748,158770,81.46190476190476,22,-352.0,22,11,1079.0,False,False,bp,-0.803921568627451
3260,397.19541307435793,84,-6,-2,158815,158774,158858,158781,158834,63.437306501547994,53,-2021.0,41,43,3406.0,False,False,bp,-0.803921568627451
3261,1035.1011973780396,83,14,-1,158899,158858,158941,158881,158913,98.04365079365078,32,-1726.0,41,42,3520.0,True,True,bp,-0.803921568627451
3262,894.687987915985,67,10,-17,158966,158941,159008,158959,158987,116.21428571428572,28,-355.0,25,42,2420.0,True,True,bp,-0.803921568627451
3263,1062.3050924498596,67,31,-15,159034,159008,159075,159025,159049,152.83333333333331,24,-1414.0,26,41,3038.0,True,True,bp,-0.803921568627451
3264,537.9307950889823,84,-8,32,159133,159075,159159,159104,159138,129.79655172413794,34,-1838.0,58,26,2365.0,False,False,bp,-0.803921568627451
3265,597.2697772602827,49,11,-33,159167,159159,159208,159164,159187,78.4,23,-10.0,8,41,2349.0,False,False,bp,-0.803921568627451
3266,2427.3615461601225,61,-6,-9,159234,159208,159269,159221,159252,186.1923076923077,31,-3358.0,26,35,5343.0,False,False,bp,-0.803921568627451
3267,1605.515465144321,59,18,-29,159284,159269,159328,159277,159303,171.21804511278197,26,-1175.0,15,44,4523.0,True,True,bp,-0.803921568627451
3268,914.5790836761664,47,24,29,159366,159328,159375,159347,159368,134.75,21,725.0,38,9,1189.0,False,False,bp,-0.803921568627451
3269,972.8024331357584,106,7,10,159433,159375,159481,159413,159454,101.7261904761905,41,-2997.0,58,48,3328.0,False,False,bp,-0.803921568627451
3270,797.6250187344568,60,7,12,159517,159481,159541,159502,159522,112.8,20,-843.0,36,24,2112.0,False,False,bp,-0.803921568627451
3271,1020.4169091310504,67,16,-15,159567,159541,159608,159549,159580,89.71367521367519,31,-2006.0,26,41,2058.0,True,False,bp,-0.803921568627451
3272,399.12273503043565,67,-21,21,159652,159608,159675,159627,159663,51.52909090909091,36,-3285.0,44,23,1807.0,True,False,bp,-0.803921568627451
3273,247.90477571179684,35,-12,5,159695,159675,159710,159678,159705,59.06176470588235,27,-2591.0,20,15,1579.0,True,False,bp,-0.803921568627451
3274,537.0445433902704,62,-7,-14,159734,159710,159772,159720,159752,67.47619047619048,32,-2179.0,24,38,2859.0,False,False,bp,-0.803921568627451
3275,494.1747098394143,36,4,-6,159787,159772,159808,159777,159797,75.69999999999997,20,-786.0,15,21,1769.0,True,True,bp,-0.803921568627451
3276,693.5659320062483,49,-10,3,159834,159808,159857,159821,159849,82.94615384615385,28,-1532.0,26,23,1679.0,True,True,bp,-0.803921568627451
3277,266.68339065346316,47,-23,7,159884,159857,159904,159867,159900,19.715073529411768,33,-1082.0,27,20,1296.0,True,True,bp,-0.803921568627451
3278,365.4897939414666,27,3,-1,159917,159904,159931,159910,159922,95.71428571428572,12,-1465.0,13,14,771.0,False,False,bp,-0.803921568627451
3279,508.98692979874636,48,-23,-16,159947,159931,159979,159937,159972,43.24,35,-1237.0,16,32,3310.0,False,False,bp,-0.803921568627451
3280,574.1056809826189,41,8,-21,159989,159979,160020,159984,160010,142.11904761904762,26,-100.0,10,31,1443.0,False,False,bp,-0.803921568627451
3281,520.9888762751815,53,6,15,160054,160020,160073,160044,160063,125.3,19,-2085.0,34,19,821.0,False,False,bp,-0.803921568627451
3282,362.76907796963854,47,13,7,160100,160073,160120,160088,160105,133.53333333333333,17,-4327.0,27,20,1496.0,False,False,bp,-0.803921568627451
3283,415.4743614568451,38,6,14,160146,160120,160158,160135,160154,97.1193181818182,19,-4729.0,26,12,2541.0,True,False,bp,-0.803921568627451
3284,170.24291344032042,83,-29,33,160216,160158,160241,160179,160226,82.09594594594596,47,-4145.0,58,25,2040.0,True,False,bp,-0.803921568627451
3285,103.24486913943228,22,3,-4,160250,160241,160263,160244,160256,108.25,12,-3440.0,9,13,1350.0,True,False,bp,-0.803921568627451
3286,299.3866766182324,48,-5,-20,160277,160263,160311,160271,160300,83.33333333333333,29,-3559.0,14,34,1569.0,True,False,bp,-0.803921568627451
3287,563.0447616012506,47,10,-11,160329,160311,160358,160324,160344,124.43333333333334,20,-3445.0,18,29,2261.0,True,True,bp,-0.803921568627451
3288,506.28843605353933,65,19,-23,160379,160358,160423,160374,160399,98.35,25,-2744.0,21,44,1828.0,True,True,bp,-0.803921568627451
3289,372.09165206036454,102,7,-48,160450,160423,160525,160443,160489,117.27472527472528,46,-2882.0,27,75,4609.0,False,False,bp,-0.803921568627451
3290,1100.748898078945,67,-16,21,160569,160525,160592,160542,160580,110.09427609427608,38,-3322.0,44,23,2684.0,False,False,bp,-0.803921568627451
3291,2556.783715965443,50,31,-10,157995,157975,158025,157982,158005,201.35384615384618,23,-1277.0,20,30,3265.0,True,True,bp,-0.803921568627451
3292,1765.6278263265085,64,-7,20,158067,158025,158089,158059,158081,224.36607142857144,22,-3247.0,42,22,3312.0,False,False,bp,-0.803921568627451
3293,459.11542283877856,52,28,-28,158101,158089,158141,158096,158118,129.53529411764706,22,-1393.0,12,40,4051.0,False,False,bp,-0.803921568627451
3294,991.344881034321,66,35,18,158183,158141,158207,158168,158187,188.20833333333331,19,260.0,42,24,2820.0,True,True,bp,-0.803921568627451
3295,911.3914265110741,85,-16,35,158267,158207,158292,158241,158278,136.63636363636363,37,-672.0,60,25,4872.0,True,False,bp,-0.803921568627451
3296,1390.004443892002,49,-1,1,158317,158292,158341,158299,158323,140.52777777777777,24,562.0,25,24,2025.0,True,False,bp,-0.803921568627451
3297,752.875499011835,34,19,-16,158350,158341,158375,158346,158370,112.05,24,1273.0,9,25,1857.0,False,False,bp,-0.803921568627451
3298,2279.334009757033,100,2,16,158433,158375,158475,158413,158451,154.34722222222226,38,-2098.0,58,42,6715.0,False,False,bp,-0.803921568627451
3299,1985.0493333889328,63,-8,-11,158501,158475,158538,158491,158521,181.65,30,-55.0,26,37,5331.0,False,False,bp,-0.803921568627451
3300,368.2353718967582,26,24,-2,158550,158538,158564,158543,158557,137.57142857142856,14,3392.0,12,14,371.0,False,False,bp,-0.803921568627451
3301,3299.9544738926124,93,0,-15,158603,158564,158657,158595,158631,303.75,36,-3195.0,39,54,8962.0,False,False,bp,-0.803921568627451
3302,4720.749571793369,66,1,-14,158683,158657,158723,158667,158699,319.625,32,-4695.0,26,40,9548.0,True,True,bp,-0.803921568627451
3303,3681.832675717887,68,5,-14,158750,158723,158791,158732,158768,237.66666666666663,36,-3604.0,27,41,8526.0,True,True,bp,-0.803921568627451
3304,4942.272888752,67,4,-13,158818,158791,158858,158809,158839,436.22222222222223,30,-5290.0,27,40,12301.0,True,True,bp,-0.803921568627451
3305,3772.461524624793,69,-2,-7,158889,158858,158927,158873,158905,235.03125,32,-2431.0,31,38,5681.0,True,True,bp,-0.803921568627451
3306,1280.7441687441856,44,13,-6,158946,158927,158971,158935,158951,148.66363636363639,16,-549.0,19,25,1219.0,False,False,bp,-0.803921568627451
3307,914.1489899467696,54,2,-6,158995,158971,159025,158980,159011,75.59791666666666,31,-886.0,24,30,2994.0,True,True,bp,-0.803921568627451
3308,2503.667018946222,62,5,-4,159054,159025,159087,159044,159070,184.825,26,-2051.0,29,33,5396.0,True,False,bp,-0.803921568627451
3309,845.2003261971319,104,-32,22,159150,159087,159191,159101,159168,83.77437641723354,67,-2259.0,63,41,4023.0,True,False,bp,-0.803921568627451
3310,2455.013877986958,66,2,-18,159215,159191,159257,159203,159238,187.00905797101453,35,-2298.0,24,42,8817.0,False,False,bp,-0.803921568627451
3311,3341.455505609862,57,9,3,159287,159257,159314,159275,159301,269.3571428571429,26,-1484.0,30,27,5436.0,True,True,bp,-0.803921568627451
3312,2273.508993987356,61,30,11,159350,159314,159375,159336,159355,323.84285714285716,19,-1685.0,36,25,4578.0,True,True,bp,-0.803921568627451
3313,2325.158280508204,72,-3,10,159416,159375,159447,159404,159434,185.68055555555557,30,-2648.0,41,31,5072.0,True,True,bp,-0.803921568627451
3314,1928.0014797061206,78,5,-6,159483,159447,159525,159461,159499,140.7869318181818,38,-2514.0,36,42,5610.0,True,True,bp,-0.803921568627451
3315,1613.6213902072336,66,14,-14,159551,159525,159591,159542,159571,140.54444444444445,29,-476.0,26,40,3407.0,True,True,bp,-0.803921568627451
3316,1859.081026624744,67,-1,17,159633,159591,159658,159614,159645,134.43421052631578,31,-1590.0,42,25,3582.0,True,True,bp,-0.803921568627451
3317,1142.467672793958,50,-6,0,159683,159658,159708,159675,159703,132.4375,28,-1121.0,25,25,1710.0,True,True,bp,-0.803921568627451
3318,336.4202474196402,106,-32,-22,159750,159708,159814,159725,159792,55.76190476190475,67,-1494.0,42,64,4296.0,False,False,bp,-0.803921568627451
3319,1038.8439309353232,60,5,-20,159834,159814,159874,159827,159850,176.9285714285714,23,-1065.0,20,40,1741.0,False,False,bp,-0.803921568627451
3320,366.5890940112303,33,-6,-3,159889,159874,159907,159878,159901,95.6439393939394,23,-1508.0,15,18,2050.0,True,True,bp,-0.803921568627451
3321,534.5734775961663,67,-5,-17,159932,159907,159974,159918,159952,71.23214285714286,34,-916.0,25,42,3425.0,False,False,bp,-0.803921568627451
3322,881.353531112443,67,-18,19,160017,159974,160041,159981,160022,117.72222222222223,41,-1814.0,43,24,1876.0,False,False,bp,-0.803921568627451
3323,459.54005018956286,31,-12,1,160057,160041,160072,160045,160067,101.33333333333334,22,-2206.0,16,15,2113.0,True,True,bp,-0.803921568627451
3324,869.1574404844179,36,-5,6,160093,160072,160108,160077,160101,115.8125,24,-2827.0,21,15,2541.0,True,True,bp,-0.803921568627451
3325,796.3153377947547,50,-4,2,160134,160108,160158,160120,160144,132.12142857142857,24,-3668.0,26,24,2269.0,True,True,bp,-0.803921568627451
3326,385.05051319960086,68,4,-46,160169,160158,160226,160164,160204,150.54285714285714,40,-4104.0,11,57,2188.0,True,False,bp,-0.803921568627451
3327,448.9279041585133,82,3,-2,160266,160226,160308,160248,160280,137.5515873015873,32,-4524.0,40,42,3497.0,True,True,bp,-0.803921568627451
3328,717.8432798324934,50,7,0,160333,160308,160358,160315,160339,141.13888888888889,24,-3157.0,25,25,1899.0,True,True,bp,-0.803921568627451
3329,366.53644550909326,85,-32,-25,160388,160358,160443,160370,160428,42.38055555555556,58,-2544.0,30,55,3932.0,False,False,bp,-0.803921568627451
3330,912.239428749436,64,12,14,160482,160443,160507,160454,160493,116.39448051948051,39,-1746.0,39,25,2654.0,True,True,bp,-0.803921568627451
3331,852.5351343036031,102,-11,-8,160554,160507,160609,160544,160584,148.86666666666667,40,-4040.0,47,55,2152.0,False,False,bp,-0.803921568627451
3332,585.9932000655625,66,21,50,162566,162508,162574,162550,162569,179.95833333333337,19,2713.0,58,8,2042.0,True,False,bp,3.607843137254902
3333,1020.9804476994568,84,-4,0,162616,162574,162658,162609,162647,174.36175115207374,38,987.0,42,42,4028.0,True,True,bp,3.607843137254902
3334,2387.2329245001997,67,35,-7,162688,162658,162725,162681,162708,212.4,27,900.0,30,37,5356.0,True,True,bp,3.607843137254902
3335,1504.6379645362326,100,-5,50,162800,162725,162825,162770,162809,227.73333333333332,39,-3502.0,75,25,5185.0,False,False,bp,3.607843137254902
3336,435.26189206480797,50,2,0,162850,162825,162875,162843,162862,69.93452380952381,19,266.0,25,25,743.0,False,False,bp,3.607843137254902
3337,2514.403610861003,51,5,-13,162894,162875,162926,162883,162907,230.4055944055944,24,-2376.0,19,32,7411.0,False,False,bp,3.607843137254902
3338,1572.949168942875,65,16,-17,162950,162926,162991,162936,162969,125.00939849624059,33,-413.0,24,41,1925.0,False,False,bp,3.607843137254902
3339,809.7519638410074,84,16,34,163050,162991,163075,163018,163057,121.30357142857143,39,-1912.0,59,25,3060.0,True,True,bp,3.607843137254902
3340,1548.2810768405045,84,6,32,163133,163075,163159,163112,163145,133.32142857142856,33,-1193.0,58,26,5205.0,False,False,bp,3.607843137254902
3341,1460.5903100008886,82,-11,20,163210,163159,163241,163184,163227,93.18552036199095,43,-419.0,51,31,3659.0,True,True,bp,3.607843137254902
3342,1388.387826713222,100,6,-42,163270,163241,163341,163259,163301,139.34604105571847,42,-863.0,29,71,4678.0,True,True,bp,3.607843137254902
3343,1336.1468993004225,51,-13,-1,163366,163341,163392,163349,163386,97.79117647058823,37,-1022.0,25,26,2408.0,False,False,bp,3.607843137254902
3344,557.4886493572882,49,21,-1,163416,163392,163441,163410,163423,167.04761904761904,13,-235.0,24,25,2661.0,True,True,bp,3.607843137254902
3345,1460.1456494365655,84,-1,2,163484,163441,163525,163457,163505,133.78571428571428,48,-974.0,43,41,6976.0,False,False,bp,3.607843137254902
3346,3353.348202871001,66,9,18,163567,163525,163591,163552,163579,279.80833333333334,27,-2276.0,42,24,7238.0,True,True,bp,3.607843137254902
3347,1041.4021296936355,73,-5,21,163638,163591,163664,163615,163646,91.53804347826087,31,967.0,47,26,1188.0,False,False,bp,3.607843137254902
3348,1209.6880599710453,47,9,-11,163682,163664,163711,163672,163695,160.51538461538462,23,-1419.0,18,29,3165.0,False,False,bp,3.607843137254902
3349,467.92190363333793,70,14,-22,163735,163711,163781,163727,163754,110.82894736842104,27,-849.0,24,46,1320.0,True,True,bp,3.607843137254902
3350,659.7174620768809,60,38,-22,163800,163781,163841,163795,163805,241.0,10,-1682.0,19,41,3022.0,True,True,bp,3.607843137254902
3351,624.3202292170679,67,-24,17,163883,163841,163908,163853,163894,69.86666666666667,41,-1879.0,42,25,1652.0,True,False,bp,3.607843137254902
3352,321.2844025510976,29,-2,-11,163917,163908,163937,163911,163929,143.20833333333334,18,-2890.0,9,20,1349.0,False,False,bp,3.607843137254902
3353,513.7980908417254,53,18,-27,163950,163937,163990,163945,163960,221.6,15,-4338.0,13,40,1814.0,False,False,bp,3.607843137254902
3354,124.2596193624288,35,7,-23,163996,163990,164025,163993,164014,132.72222222222223,21,-3956.0,6,29,1354.0,True,False,bp,3.607843137254902
3355,758.0573291219781,63,0,19,164066,164025,164088,164042,164071,129.5375,29,-4801.0,41,22,2220.0,False,False,bp,3.607843137254902
3356,867.9473273103592,39,1,19,164117,164088,164127,164100,164119,202.3529411764706,19,-7023.0,29,10,1542.0,False,False,bp,3.607843137254902
3357,627.1655876753701,71,-2,9,164167,164127,164198,164139,164176,147.78571428571428,37,-7901.0,40,31,4264.0,False,False,bp,3.607843137254902
3358,647.5576221265004,42,-16,-4,164217,164198,164240,164211,164235,98.0277777777778,24,-5030.0,19,23,2695.0,False,False,bp,3.607843137254902
3359,307.16045135318336,35,-3,-13,164251,164240,164275,164243,164265,91.47321428571428,22,-4501.0,11,24,994.0,False,False,bp,3.607843137254902
3360,608.8045769691839,46,-14,4,164300,164275,164321,164284,164316,63.71875,32,-5517.0,25,21,2770.0,False,False,bp,3.607843137254902
3361,351.87817841852325,70,-6,-18,164347,164321,164391,164334,164369,59.120629370629366,35,-4348.0,26,44,3168.0,False,False,bp,3.607843137254902
3362,282.32741466076664,66,-15,-36,164406,164391,164457,164398,164437,76.22983870967742,39,-2651.0,15,51,2319.0,False,False,bp,3.607843137254902
3363,609.3468623234545,34,-10,10,164479,164457,164491,164461,164486,90.21825396825396,25,-2107.0,22,12,1983.0,True,False,bp,3.607843137254902
3364,158.89847204226174,34,-7,10,164513,164491,164525,164501,164523,-5.258333333333333,22,-1775.0,22,12,261.0,False,False,bp,3.607843137254902
3365,420.206525673403,37,1,13,164550,164525,164562,164538,164554,100.875,16,-3254.0,25,12,1148.0,False,False,bp,3.607843137254902
3366,1135.1460763243695,73,-11,5,162546,162507,162580,162526,162568,64.67954545454546,42,928.0,39,34,3038.0,True,True,bp,3.607843137254902
3367,1516.6649489839554,78,-7,28,162633,162580,162658,162599,162641,186.56985294117646,42,-835.0,53,25,5586.0,True,True,bp,3.607843137254902
3368,2698.3789332082765,70,-6,14,162700,162658,162728,162676,162715,180.15,39,-1647.0,42,28,6926.0,True,True,bp,3.607843137254902
3369,1258.9275615206554,97,1,15,162784,162728,162825,162748,162803,128.1827485380117,55,-3114.0,56,41,5140.0,True,True,bp,3.607843137254902
3370,1317.3603636394525,66,41,16,162866,162825,162891,162859,162874,204.42857142857144,15,-1103.0,41,25,2532.0,True,True,bp,3.607843137254902
3371,205.9367370826997,66,13,20,162934,162891,162957,162930,162939,185.55,9,-356.0,43,23,1469.0,True,False,bp,3.607843137254902
3372,982.1257409037248,49,0,-29,162967,162957,163006,162961,162986,133.75438596491227,25,-1534.0,10,39,1728.0,True,True,bp,3.607843137254902
3373,707.4664083170785,34,6,-10,163018,163006,163040,163011,163030,85.47619047619047,19,-1905.0,12,22,1132.0,True,True,bp,3.607843137254902
3374,412.1628587231529,51,0,1,163066,163040,163091,163055,163079,78.96153846153845,24,-1565.0,26,25,2417.0,False,False,bp,3.607843137254902
3375,862.871352442766,67,-4,-15,163117,163091,163158,163103,163139,83.26298701298701,36,-1583.0,26,41,2911.0,True,False,bp,3.607843137254902
3376,390.32007125132253,40,25,14,163185,163158,163198,163171,163188,100.46428571428572,17,-636.0,27,13,1216.0,True,False,bp,3.607843137254902
3377,1044.6325555686562,74,-2,2,163236,163198,163272,163230,163255,142.83771929824562,25,-1596.0,38,36,2833.0,True,False,bp,3.607843137254902
3378,1333.8621770977295,40,16,-18,163283,163272,163312,163278,163297,196.12857142857143,19,-1193.0,11,29,4126.0,True,False,bp,3.607843137254902
3379,864.2772224627458,62,-9,18,163352,163312,163374,163332,163363,74.37272727272727,31,585.0,40,22,1904.0,True,True,bp,3.607843137254902
3380,978.3762519764064,67,-21,-15,163400,163374,163441,163385,163427,70.58518518518521,42,34.0,26,41,3043.0,True,True,bp,3.607843137254902
3381,748.2501893380693,101,14,-49,163467,163441,163542,163448,163497,88.54210526315791,49,-799.0,26,75,3193.0,True,False,bp,3.607843137254902
3382,1626.006787499242,62,-6,20,163583,163542,163604,163560,163589,188.2355072463768,29,-1303.0,41,21,4450.0,True,False,bp,3.607843137254902
3383,1315.487204567684,43,-4,-17,163617,163604,163647,163612,163636,218.03684210526316,24,-152.0,13,30,1903.0,False,False,bp,3.607843137254902
3384,318.51237179589316,78,-19,-14,163679,163647,163725,163656,163708,33.640929535232374,52,810.0,32,46,2549.0,False,False,bp,3.607843137254902
3385,1650.6056627355508,67,15,-17,163750,163725,163792,163741,163762,231.68055555555557,21,-1981.0,25,42,3826.0,False,False,bp,3.607843137254902
3386,571.4296197895287,51,-5,-9,163813,163792,163843,163798,163834,53.02380952380952,36,-278.0,21,30,1492.0,True,True,bp,3.607843137254902
3387,677.9338797465034,65,-6,15,163883,163843,163908,163865,163893,110.43333333333334,28,-1761.0,40,25,1656.0,True,True,bp,3.607843137254902
3388,577.4996926780922,66,-30,-14,163934,163908,163974,163915,163966,57.611019736842096,51,-2381.0,26,40,2824.0,True,True,bp,3.607843137254902
3389,554.6839732609916,67,-33,19,164017,163974,164041,163987,164032,52.36666666666667,45,-3105.0,43,24,1493.0,False,False,bp,3.607843137254902
3390,196.91124029863545,23,5,5,164055,164041,164064,164044,164056,134.86363636363637,12,-3229.0,14,9,819.0,False,False,bp,3.607843137254902
3391,81.84904822980067,43,0,-5,164083,164064,164107,164073,164094,86.12272727272726,21,-4112.0,19,24,1033.0,False,False,bp,3.607843137254902
3392,553.4594637345392,40,2,2,164128,164107,164147,164115,164133,118.72307692307692,18,-4706.0,21,19,1994.0,True,True,bp,3.607843137254902
3393,981.8599419198517,35,-3,1,164165,164147,164182,164153,164175,121.6,22,-4871.0,18,17,3308.0,True,True,bp,3.607843137254902
3394,743.2254451179177,43,11,-7,164200,164182,164225,164194,164211,185.8939393939394,17,-4247.0,18,25,2867.0,True,True,bp,3.607843137254902
3395,594.5991106327921,41,-5,9,164250,164225,164266,164239,164258,145.4034090909091,19,-4603.0,25,16,2476.0,True,True,bp,3.607843137254902
3396,468.1615210449549,32,-7,12,164288,164266,164298,164272,164292,121.21875,20,-3823.0,22,10,1903.0,True,True,bp,3.607843137254902
3397,386.84256626637466,43,-15,-13,164313,164298,164341,164305,164334,61.05654761904761,29,-2890.0,15,28,2826.0,False,False,bp,3.607843137254902
3398,862.3407766895211,35,-10,-15,164351,164341,164376,164348,164371,290.40833333333336,23,-2312.0,10,25,3121.0,False,False,bp,3.607843137254902
3399,213.99040067363202,48,8,-10,164395,164376,164424,164384,164402,19.564935064935067,18,37.0,19,29,1262.0,False,False,bp,3.607843137254902
3400,512.1400640441577,67,0,-37,164439,164424,164491,164428,164477,81.95574162679426,49,-1217.0,15,52,2990.0,True,False,bp,3.607843137254902
3401,530.6336785215876,83,10,35,164550,164491,164574,164526,164561,104.80492424242424,35,-2295.0,59,24,3250.0,True,True,bp,3.607843137254902
3402,2213.9593888705426,67,15,-25,166096,166075,166142,166083,166108,221.9967948717949,25,-272.0,21,46,5873.0,True,True,bp,-2.7183098591549295
3403,969.8125089705252,89,-16,-39,166167,166142,166231,166148,166207,94.90394736842106,59,1633.0,25,64,5305.0,True,True,bp,-2.7183098591549295
3404,1545.8153600463486,77,-22,29,166284,166231,166308,166250,166294,137.0529411764706,44,1009.0,53,24,3794.0,True,False,bp,-2.7183098591549295
3405,1996.5875781174195,56,20,-6,166333,166308,166364,166316,166341,203.4080882352941,25,621.0,25,31,4468.0,True,True,bp,-2.7183098591549295
3406,1015.9219805101743,61,31,11,166400,166364,166425,166386,166417,73.02310924369748,31,1982.0,36,25,1831.0,False,False,bp,-2.7183098591549295
3407,1812.1717042352109,105,6,37,166496,166425,166530,166479,166507,224.49465240641712,28,-2875.0,71,34,5631.0,False,False,bp,-2.7183098591549295
3408,1112.0189822406976,62,53,-20,166551,166530,166592,166541,166564,108.48461538461538,23,431.0,21,41,2798.0,False,False,bp,-2.7183098591549295
3409,2904.3349547197213,99,19,19,166651,166592,166691,166640,166660,376.979797979798,20,-4334.0,59,40,7319.0,False,False,bp,-2.7183098591549295
3410,981.9925168253418,101,-3,-17,166733,166691,166792,166699,166756,79.71675191815856,57,-761.0,42,59,5365.0,True,True,bp,-2.7183098591549295
3411,1819.260906637912,78,11,-4,166829,166792,166870,166810,166838,202.30701754385964,28,-2057.0,37,41,3819.0,True,False,bp,-2.7183098591549295
3412,976.1540831374033,55,39,-29,166883,166870,166925,166877,166890,249.80952380952382,13,-398.0,13,42,3975.0,True,True,bp,-2.7183098591549295
3413,1125.1924043981314,67,-16,27,166972,166925,166992,166942,166984,102.425,42,-219.0,47,20,3818.0,True,True,bp,-2.7183098591549295
3414,1103.507500980519,83,-23,33,167050,166992,167075,167010,167060,126.2625,50,-2579.0,58,25,3369.0,False,False,bp,-2.7183098591549295
3415,812.6315076423297,67,-2,-17,167100,167075,167142,167087,167124,35.802884615384606,37,-766.0,25,42,2977.0,False,False,bp,-2.7183098591549295
3416,256.29873894640264,33,-1,17,167167,167142,167175,167159,167170,198.3125,11,-167.0,25,8,1370.0,True,False,bp,-2.7183098591549295
3417,390.1297343372848,36,-16,16,167201,167175,167211,167180,167205,85.17261904761905,25,-784.0,26,10,1028.0,True,False,bp,-2.7183098591549295
3418,320.87228030770285,65,28,-53,167217,167211,167276,167214,167239,101.96969696969695,25,-455.0,6,59,2785.0,False,False,bp,-2.7183098591549295
3419,1301.3080068144968,66,5,-18,167300,167276,167342,167292,167323,156.4538043478261,31,-1069.0,24,42,4079.0,True,True,bp,-2.7183098591549295
3420,898.1950959180548,83,11,27,167397,167342,167425,167359,167407,118.7842105263158,48,-1549.0,55,28,3935.0,True,True,bp,-2.7183098591549295
3421,2628.960020806229,84,16,32,167483,167425,167509,167466,167488,318.14117647058816,22,-4117.0,58,26,4862.0,True,True,bp,-2.7183098591549295
3422,828.545824492539,82,-12,34,167567,167509,167591,167526,167574,103.83972125435541,48,-3522.0,58,24,2234.0,True,True,bp,-2.7183098591549295
3423,1274.6627122488346,73,1,13,167634,167591,167664,167610,167643,147.74305555555554,33,-4718.0,43,30,4032.0,True,True,bp,-2.7183098591549295
3424,1119.3371690162292,61,-29,-9,167690,167664,167725,167677,167718,92.23076923076924,41,-3839.0,26,35,3093.0,True,True,bp,-2.7183098591549295
3425,489.2139067524054,50,5,2,167751,167725,167775,167730,167762,69.0,32,-3027.0,26,24,1385.0,True,True,bp,-2.7183098591549295
3426,1142.8447803248196,51,2,25,167813,167775,167826,167799,167820,141.57142857142856,21,-3824.0,38,13,3352.0,True,True,bp,-2.7183098591549295
3427,589.1951165300773,81,-15,1,167867,167826,167907,167843,167886,57.62828947368421,43,-2992.0,41,40,2142.0,True,False,bp,-2.7183098591549295
3428,496.8680659166389,35,0,-13,167918,167907,167942,167914,167930,120.625,16,-2220.0,11,24,1335.0,True,False,bp,-2.7183098591549295
3429,318.6956612426623,38,11,-20,167951,167942,167980,167946,167964,96.64615384615385,18,-2286.0,9,29,2049.0,True,False,bp,-2.7183098591549295
3430,756.0447170066292,64,-2,-22,168001,167980,168044,167993,168029,115.27678571428572,36,-2581.0,21,43,3209.0,True,False,bp,-2.7183098591549295
3431,990.8568757246023,66,-16,14,168084,168044,168110,168063,168103,68.88721804511277,40,-2335.0,40,26,2552.0,True,True,bp,-2.7183098591549295
3432,1004.8766672173283,55,10,-7,168134,168110,168165,168127,168147,116.43956043956044,20,-2062.0,24,31,2352.0,True,True,bp,-2.7183098591549295
3433,484.0481873360466,44,-2,-8,168183,168165,168209,168177,168196,138.21153846153842,19,-1931.0,18,26,1564.0,True,True,bp,-2.7183098591549295
3434,303.9895550582135,32,10,-12,168219,168209,168241,168213,168229,163.26666666666668,16,-3313.0,10,22,884.0,False,False,bp,-2.7183098591549295
3435,288.66062966836256,84,-14,-24,168271,168241,168325,168255,168307,22.14236111111111,52,-4541.0,30,54,3884.0,False,False,bp,-2.7183098591549295
3436,852.3990794673131,46,12,16,168356,168325,168371,168345,168363,127.01298701298704,18,-3860.0,31,15,1344.0,False,False,bp,-2.7183098591549295
3437,806.1507350057968,93,-7,-9,168413,168371,168464,168393,168437,118.71666666666668,44,-8679.0,42,51,3182.0,False,False,bp,-2.7183098591549295
3438,332.7736136355092,46,11,-6,168484,168464,168510,168474,168492,170.5375,18,-5698.0,20,26,2558.0,False,False,bp,-2.7183098591549295
3439,661.8478273296673,65,-15,-9,168538,168510,168575,168521,168560,60.534759358288774,39,-5369.0,28,37,2978.0,False,False,bp,-2.7183098591549295
3440,780.1147460193654,62,-7,-20,168596,168575,168637,168584,168618,21.16287878787879,34,-3347.0,21,41,3640.0,False,False,bp,-2.7183098591549295
3441,397.63506105571815,54,11,-28,168650,168637,168691,168645,168670,114.15,25,-1316.0,13,41,1749.0,False,False,bp,-2.7183098591549295
3442,634.5018598720112,46,41,6,168717,168691,168737,168706,168721,92.9318181818182,15,-1988.0,26,20,1128.0,False,False,bp,-2.7183098591549295
3443,506.67428225549423,87,-7,33,168797,168737,168824,168777,168806,65.41111111111111,29,-3629.0,60,27,1571.0,False,False,bp,-2.7183098591549295
3444,3194.028062574037,52,7,-2,166084,166059,166111,166077,166098,367.6071428571429,21,-2971.0,25,27,8032.0,True,True,bp,-2.7183098591549295
3445,2539.259978748615,47,7,3,166136,166111,166158,166126,166150,219.72142857142862,24,-530.0,25,22,4400.0,True,True,bp,-2.7183098591549295
3446,3541.497084003486,67,13,5,166194,166158,166225,166181,166206,287.76923076923083,25,-2904.0,36,31,8178.0,True,True,bp,-2.7183098591549295
3447,3449.0282627288475,67,5,-13,166252,166225,166292,166244,166270,356.29861111111114,26,-2551.0,27,40,5991.0,True,True,bp,-2.7183098591549295
3448,668.6521893619788,66,-20,18,166334,166292,166358,166301,166345,80.28787878787878,44,-5.0,42,24,1199.0,False,False,bp,-2.7183098591549295
3449,456.0186022688383,34,11,8,166379,166358,166392,166369,166386,110.6,17,-175.0,21,13,2340.0,True,True,bp,-2.7183098591549295
3450,1200.7136251692364,55,-12,1,166420,166392,166447,166414,166437,170.2549019607843,23,-783.0,28,27,3081.0,False,False,bp,-2.7183098591549295
3451,349.697954008647,33,-5,3,166465,166447,166480,166448,166473,43.360294117647065,25,1415.0,18,15,1012.0,False,False,bp,-2.7183098591549295
3452,1793.3022108255036,45,7,1,166503,166480,166525,166493,166515,151.41666666666669,22,-523.0,23,22,3909.0,False,False,bp,-2.7183098591549295
3453,1579.3191576818328,67,-15,17,166567,166525,166592,166544,166584,119.46803069053708,40,-2335.0,42,25,4100.0,True,True,bp,-2.7183098591549295
3454,2388.835241313645,50,3,2,166618,166592,166642,166609,166634,234.82986111111111,25,-3465.0,26,24,5437.0,True,True,bp,-2.7183098591549295
3455,1116.0693271700095,49,6,1,166667,166642,166691,166662,166683,184.2875,21,-794.0,25,24,2765.0,True,True,bp,-2.7183098591549295
3456,2042.486290388031,73,25,-9,166723,166691,166764,166710,166736,187.6923076923077,26,-2697.0,32,41,5089.0,True,False,bp,-2.7183098591549295
3457,1066.8455924224195,92,-11,18,166819,166764,166856,166787,166836,100.34926470588236,49,-2022.0,55,37,4298.0,True,False,bp,-2.7183098591549295
3458,1564.8785991859884,53,12,1,166883,166856,166909,166874,166889,207.0,15,-1571.0,27,26,2831.0,True,False,bp,-2.7183098591549295
3459,817.7473814245993,33,5,17,166934,166909,166942,166916,166938,140.09722222222223,22,-1621.0,25,8,2033.0,True,False,bp,-2.7183098591549295
3460,1572.5304039801754,56,5,16,166978,166942,166998,166965,166986,168.64423076923075,21,-2498.0,36,20,3864.0,True,False,bp,-2.7183098591549295
3461,1543.4760208852567,60,2,-14,167021,166998,167058,167012,167038,143.8267973856209,26,-1822.0,23,37,3452.0,True,True,bp,-2.7183098591549295
3462,862.2208055988551,50,-3,2,167084,167058,167108,167066,167095,73.54545454545455,29,-1315.0,26,24,1405.0,False,False,bp,-2.7183098591549295
3463,436.34859443876684,34,6,16,167133,167108,167142,167121,167138,112.09166666666668,17,-1356.0,25,9,1712.0,True,True,bp,-2.7183098591549295
3464,829.936399376407,45,12,5,167167,167142,167187,167161,167175,172.83333333333331,14,-2085.0,25,20,2328.0,True,True,bp,-2.7183098591549295
3465,991.7537955468224,56,37,-8,167211,167187,167243,167201,167220,111.16666666666669,19,-1583.0,24,32,3086.0,True,True,bp,-2.7183098591549295
3466,956.007861821963,83,0,-1,167284,167243,167326,167276,167304,198.8,28,-1777.0,41,42,5578.0,True,False,bp,-2.7183098591549295
3467,1088.221764440415,34,2,14,167350,167326,167360,167332,167354,178.54166666666663,22,-27.0,24,10,1934.0,True,False,bp,-2.7183098591549295
3468,732.7001681447107,82,-7,-32,167385,167360,167442,167378,167417,118.296875,39,-425.0,25,57,2310.0,False,False,bp,-2.7183098591549295
3469,1755.2799281506336,62,8,-10,167468,167442,167504,167449,167478,176.2394736842105,29,-2948.0,26,36,4088.0,False,False,bp,-2.7183098591549295
3470,1023.1275165503258,38,-10,12,167529,167504,167542,167515,167537,119.63392857142857,22,-1240.0,25,13,2343.0,True,False,bp,-2.7183098591549295
3471,498.5823798894793,50,-24,-10,167562,167542,167592,167549,167586,45.98717948717949,37,-337.0,20,30,1890.0,True,True,bp,-2.7183098591549295
3472,580.5740415384128,66,10,-18,167616,167592,167658,167599,167629,88.56787330316745,30,-1340.0,24,42,1683.0,True,True,bp,-2.7183098591549295
3473,309.3007096447292,44,-8,20,167690,167658,167702,167669,167696,31.98809523809524,27,-1692.0,32,12,188.0,False,False,bp,-2.7183098591549295
3474,392.7786149496128,40,19,-8,167718,167702,167742,167715,167726,210.79166666666669,11,-2268.0,16,24,2971.0,False,False,bp,-2.7183098591549295
3475,526.6709989528731,62,-7,-4,167771,167742,167804,167756,167787,34.74166666666667,31,-735.0,29,33,1259.0,False,False,bp,-2.7183098591549295
3476,820.2132733647725,38,-7,-10,167818,167804,167842,167811,167836,121.04365079365078,25,-1807.0,14,24,1980.0,False,False,bp,-2.7183098591549295
3477,322.1780216664186,37,7,5,167863,167842,167879,167854,167871,70.25,17,-764.0,21,16,2288.0,False,False,bp,-2.7183098591549295
3478,167.75542803972485,64,-18,12,167917,167879,167943,167895,167930,-0.564685314685315,35,-185.0,38,26,1592.0,True,False,bp,-2.7183098591549295
3479,646.3181721457495,38,24,-22,167951,167943,167981,167947,167972,205.2142857142857,25,-1030.0,8,30,1680.0,True,False,bp,-2.7183098591549295
3480,210.4253747259316,77,-8,59,168049,167981,168058,168021,168053,84.64285714285714,32,-920.0,68,9,1547.0,True,False,bp,-2.7183098591549295
3481,612.0244658818192,52,5,26,168097,168058,168110,168077,168102,99.375,25,-1740.0,39,13,1461.0,False,False,bp,-2.7183098591549295
3482,1255.5645540978205,59,-5,21,168150,168110,168169,168132,168156,175.33333333333337,24,-3580.0,40,19,3434.0,False,False,bp,-2.7183098591549295
3483,273.64206505276337,39,7,-21,168178,168169,168208,168175,168190,161.04166666666666,15,-1222.0,9,30,2788.0,False,False,bp,-2.7183098591549295
3484,1158.0370934890109,48,4,-28,168218,168208,168256,168212,168235,235.93627450980392,23,-2074.0,10,38,2675.0,True,True,bp,-2.7183098591549295
3485,1229.1192753176504,68,1,-14,168283,168256,168324,168262,168298,114.78095238095241,36,-4384.0,27,41,2381.0,False,False,bp,-2.7183098591549295
3486,1114.4811757122375,47,29,-1,168347,168324,168371,168335,168353,138.08333333333334,18,-5115.0,23,24,2505.0,False,False,bp,-2.7183098591549295
3487,1033.5587184434196,90,11,0,168416,168371,168461,168400,168431,135.75416666666666,31,-8815.0,45,45,3164.0,False,False,bp,-2.7183098591549295
3488,596.5092446753587,50,9,-4,168484,168461,168511,168473,168494,83.78636363636362,21,-7229.0,23,27,2830.0,False,False,bp,-2.7183098591549295
3489,711.9550231780643,62,-9,-4,168540,168511,168573,168524,168559,117.5394736842105,35,-7249.0,29,33,3854.0,False,False,bp,-2.7183098591549295
3490,644.3404892309011,66,14,-12,168600,168573,168639,168585,168608,134.5375,23,-4851.0,27,39,4176.0,False,False,bp,-2.7183098591549295
3491,337.7505465863423,26,7,-4,168650,168639,168665,168645,168657,62.05714285714285,12,-1214.0,11,15,1728.0,False,False,bp,-2.7183098591549295
3492,57.85550101187202,27,24,9,168683,168665,168692,168676,168686,147.97619047619048,10,-860.0,18,9,1056.0,False,False,bp,-2.7183098591549295
3493,903.5168331011232,60,15,30,168737,168692,168752,168720,168742,222.51176470588237,22,-4218.0,45,15,2394.0,False,False,bp,-2.7183098591549295
3494,214.89185386079689,95,-29,-31,168784,168752,168847,168779,168828,150.09318181818182,49,-3856.0,32,63,4573.0,False,False,bp,-2.7183098591549295
3495,1396.9603858111095,72,19,-38,170203,170186,170258,170197,170224,145.36904761904762,27,6.0,17,55,2559.0,True,True,bp,-6.135593220338983
3496,1835.1986413003344,50,8,2,170284,170258,170308,170270,170297,157.15384615384616,27,-2072.0,26,24,4545.0,True,True,bp,-6.135593220338983
3497,1353.8004971133278,68,-5,12,170348,170308,170376,170332,170361,118.08894230769229,29,-957.0,40,28,3177.0,True,True,bp,-6.135593220338983
3498,1061.0648316350957,67,13,-17,170401,170376,170443,170385,170414,107.42067307692308,29,-688.0,25,42,3606.0,True,True,bp,-6.135593220338983
3499,1220.2748371282487,64,17,-12,170469,170443,170507,170456,170475,190.28846153846158,19,-645.0,26,38,3136.0,False,False,bp,-6.135593220338983
3500,451.1375629723481,35,-1,-13,170518,170507,170542,170511,170529,121.61038961038959,18,1114.0,11,24,2174.0,False,False,bp,-6.135593220338983
3501,438.1202366171405,34,-13,16,170567,170542,170576,170546,170573,55.21428571428571,27,1159.0,25,9,970.0,False,False,bp,-6.135593220338983
3502,287.61409859244407,33,16,15,170600,170576,170609,170587,170603,170.4871794871795,16,348.0,24,9,1694.0,True,False,bp,-6.135593220338983
3503,677.9249343858903,65,6,19,170651,170609,170674,170635,170654,141.58333333333334,19,408.0,42,23,2135.0,True,False,bp,-6.135593220338983
3504,929.1638668614156,36,5,-12,170686,170674,170710,170679,170697,130.74025974025977,18,-248.0,12,24,1799.0,True,False,bp,-6.135593220338983
3505,129.73535888033732,32,11,16,170734,170710,170742,170720,170739,76.79285714285714,19,2.0,24,8,1069.0,False,False,bp,-6.135593220338983
3506,376.2041978479347,50,-1,32,170783,170742,170792,170769,170787,164.39285714285714,18,-1363.0,41,9,2123.0,False,False,bp,-6.135593220338983
3507,281.0973879782001,83,-25,-3,170832,170792,170875,170804,170854,23.686688311688318,50,-1474.0,40,43,1308.0,True,True,bp,-6.135593220338983
3508,361.827121063487,67,-20,-47,170885,170875,170942,170879,170926,140.66666666666669,47,-2571.0,10,57,3552.0,False,False,bp,-6.135593220338983
3509,362.5499027674617,51,-8,-1,170967,170942,170993,170953,170980,47.324175824175825,27,535.0,25,26,2092.0,False,False,bp,-6.135593220338983
3510,274.77311023437096,33,-1,17,171018,170993,171026,170999,171023,83.57894736842105,24,412.0,25,8,1056.0,False,False,bp,-6.135593220338983
3511,177.08913511044014,72,-8,12,171068,171026,171098,171046,171081,53.370629370629366,35,-2122.0,42,30,678.0,False,False,bp,-6.135593220338983
3512,218.22279826072716,44,9,-2,171119,171098,171142,171108,171124,90.01818181818182,16,-2079.0,21,23,1569.0,False,False,bp,-6.135593220338983
3513,811.6325499343704,66,0,-20,171165,171142,171208,171149,171180,104.97291666666666,31,-2389.0,23,43,3325.0,False,False,bp,-6.135593220338983
3514,697.4319664462769,51,26,-31,171218,171208,171259,171211,171240,94.79545454545456,29,-703.0,10,41,2170.0,False,False,bp,-6.135593220338983
3515,408.93432879617217,83,-27,41,171321,171259,171342,171295,171335,53.54120879120879,40,-928.0,62,21,1913.0,True,False,bp,-6.135593220338983
3516,517.1037891146966,50,-21,2,171368,171342,171392,171348,171386,46.047222222222224,38,-741.0,26,24,1730.0,True,True,bp,-6.135593220338983
3517,338.7606874582268,46,23,6,171418,171392,171438,171403,171421,136.53333333333333,18,-507.0,26,20,1647.0,True,True,bp,-6.135593220338983
3518,857.0026020093309,70,10,-12,171467,171438,171508,171462,171490,125.31304347826088,28,-884.0,29,41,2651.0,True,True,bp,-6.135593220338983
3519,1758.082623157165,51,-7,9,171538,171508,171559,171528,171551,207.48846153846156,23,-3093.0,30,21,4369.0,False,False,bp,-6.135593220338983
3520,653.3068522912447,49,-18,-7,171580,171559,171608,171567,171598,71.34188034188034,31,-517.0,21,28,2095.0,False,False,bp,-6.135593220338983
3521,676.4766089688062,51,14,-31,171618,171608,171659,171611,171636,115.015873015873,25,-270.0,10,41,2222.0,True,False,bp,-6.135593220338983
3522,249.30941797480855,83,-5,1,171701,171659,171742,171675,171715,38.13186813186813,40,347.0,42,41,2107.0,True,True,bp,-6.135593220338983
3523,575.8354363725862,51,4,33,171784,171742,171793,171750,171787,123.33333333333331,37,-559.0,42,9,1431.0,False,False,bp,-6.135593220338983
3524,473.59401160423795,83,2,33,171851,171793,171876,171828,171869,56.08816425120772,41,-1566.0,58,25,2545.0,True,True,bp,-6.135593220338983
3525,210.9249620933436,85,-16,33,171935,171876,171961,171912,171946,77.36758893280633,34,-937.0,59,26,2182.0,True,False,bp,-6.135593220338983
3526,202.11845443586483,45,-3,1,171984,171961,172006,171964,171994,24.025,30,-667.0,23,22,556.0,False,False,bp,-6.135593220338983
3527,608.1363239708595,71,6,11,172047,172006,172077,172021,172056,77.53418803418803,35,-2416.0,41,30,2298.0,False,False,bp,-6.135593220338983
3528,321.76337096215104,51,8,-3,172101,172077,172128,172097,172115,167.94642857142856,18,-1891.0,24,27,1784.0,True,True,bp,-6.135593220338983
3529,222.2641585516916,48,-12,20,172162,172128,172176,172141,172171,50.150793650793645,30,-1456.0,34,14,1509.0,True,True,bp,-6.135593220338983
3530,178.33467352097122,67,-11,-17,172201,172176,172243,172189,172230,40.76005747126437,41,-1567.0,25,42,1626.0,True,False,bp,-6.135593220338983
3531,599.4147001056407,50,3,-2,172267,172243,172293,172260,172281,60.60714285714286,21,-1221.0,24,26,1910.0,True,True,bp,-6.135593220338983
3532,165.14356202126098,61,-7,-13,172317,172293,172354,172305,172338,65.33928571428571,33,-1336.0,24,37,1298.0,True,True,bp,-6.135593220338983
3533,417.8147673518676,72,22,-46,172367,172354,172426,172364,172390,130.05072463768116,26,-1119.0,13,59,3419.0,False,False,bp,-6.135593220338983
3534,1752.4151968124536,84,-8,-26,170188,170159,170243,170177,170221,165.27272727272728,44,-1101.0,29,55,6882.0,True,True,bp,-6.135593220338983
3535,1744.9765193210276,66,0,16,170284,170243,170309,170257,170291,196.2063492063492,34,-395.0,41,25,4012.0,True,False,bp,-6.135593220338983
3536,1359.4388674095712,50,-13,-2,170333,170309,170359,170325,170352,167.1611842105263,27,-234.0,24,26,3049.0,True,True,bp,-6.135593220338983
3537,1294.2165110495841,67,-4,-19,170383,170359,170426,170366,170407,103.90808823529413,41,-1844.0,24,43,3909.0,True,True,bp,-6.135593220338983
3538,1738.0483040751003,66,-5,-4,170457,170426,170492,170444,170479,113.11713286713284,35,-1581.0,31,35,4183.0,True,True,bp,-6.135593220338983
3539,1604.3855111414216,63,-4,-13,170517,170492,170555,170509,170538,141.19345238095238,29,-869.0,25,38,2620.0,True,True,bp,-6.135593220338983
3540,1488.6347056269344,41,12,-15,170568,170555,170596,170563,170590,197.50454545454545,27,-1597.0,13,28,2648.0,True,False,bp,-6.135593220338983
3541,1601.624303314068,73,11,11,170638,170596,170669,170629,170651,204.3931623931624,22,-3493.0,42,31,3846.0,True,False,bp,-6.135593220338983
3542,824.1968226732016,72,13,-18,170696,170669,170741,170684,170713,130.80637254901958,29,-2442.0,27,45,3307.0,True,True,bp,-6.135593220338983
3543,714.6049933721328,85,-3,-1,170783,170741,170826,170755,170795,99.2738095238095,40,-1936.0,42,43,2742.0,False,False,bp,-6.135593220338983
3544,178.5904498210264,55,8,-39,170834,170826,170881,170832,170855,146.45238095238096,23,-139.0,8,47,1867.0,False,False,bp,-6.135593220338983
3545,160.4967650862995,30,14,-12,170890,170881,170911,170886,170899,117.06944444444444,13,468.0,9,21,1204.0,True,False,bp,-6.135593220338983
3546,1246.0899298134398,47,7,-3,170933,170911,170958,170926,170948,134.8238095238095,22,138.0,22,25,4326.0,False,False,bp,-6.135593220338983
3547,924.1288497991112,68,-2,10,170997,170958,171026,170977,171013,71.2625,36,148.0,39,29,1603.0,False,False,bp,-6.135593220338983
3548,244.19426942670086,66,10,16,171067,171026,171092,171047,171071,189.65,24,-1048.0,41,25,2460.0,True,True,bp,-6.135593220338983
3549,785.4479528337737,49,3,1,171117,171092,171141,171105,171124,127.07738095238096,19,-313.0,25,24,2487.0,True,True,bp,-6.135593220338983
3550,1321.9731548131488,51,-3,3,171168,171141,171192,171146,171173,183.45,27,-2105.0,27,24,2997.0,True,True,bp,-6.135593220338983
3551,750.0624643080579,67,-13,5,171228,171192,171259,171197,171239,85.04105571847508,42,-1491.0,36,31,2863.0,True,False,bp,-6.135593220338983
3552,448.306403789498,33,-5,15,171283,171259,171292,171268,171286,131.5,18,-309.0,24,9,1615.0,True,False,bp,-6.135593220338983
3553,973.990996865654,51,2,1,171318,171292,171343,171299,171330,114.97807017543859,31,-1340.0,26,25,3506.0,True,True,bp,-6.135593220338983
3554,1300.2443415421417,68,0,-18,171368,171343,171411,171363,171389,209.32380952380956,26,-1169.0,25,43,4084.0,False,False,bp,-6.135593220338983
3555,480.2755124443618,48,-13,0,171435,171411,171459,171415,171448,38.236538461538466,33,916.0,24,24,479.0,False,False,bp,-6.135593220338983
3556,512.4532423393622,33,5,7,171479,171459,171492,171468,171486,122.92207792207792,18,-911.0,20,13,2183.0,False,False,bp,-6.135593220338983
3557,1550.1050752073081,56,-5,-4,171518,171492,171548,171509,171537,155.99707602339183,28,-2854.0,26,30,2903.0,True,False,bp,-6.135593220338983
3558,1414.0291792852984,45,5,-5,171568,171548,171593,171560,171586,172.83333333333337,26,-3948.0,20,25,2918.0,True,True,bp,-6.135593220338983
3559,1003.3587133026947,65,-14,19,171635,171593,171658,171617,171650,97.12777777777777,33,-4354.0,42,23,3015.0,True,True,bp,-6.135593220338983
3560,705.4682117707071,67,-3,-7,171688,171658,171725,171669,171704,49.14309210526316,35,-2949.0,30,37,3931.0,False,False,bp,-6.135593220338983
3561,740.3175842906453,69,-4,-19,171750,171725,171794,171736,171779,81.92610837438423,43,-2665.0,25,44,3145.0,True,True,bp,-6.135593220338983
3562,510.410770067863,66,3,22,171838,171794,171860,171818,171843,127.775,25,-1756.0,44,22,1326.0,False,False,bp,-6.135593220338983
3563,698.0369121122908,64,1,-10,171887,171860,171924,171871,171900,71.28125,29,-3444.0,27,37,2575.0,False,False,bp,-6.135593220338983
3564,667.9797993377042,50,2,-28,171935,171924,171974,171930,171954,219.27894736842103,24,-4075.0,11,39,2359.0,True,True,bp,-6.135593220338983
3565,848.9954673597571,36,1,-14,171985,171974,172010,171980,172005,119.275,25,-3331.0,11,25,3203.0,True,True,bp,-6.135593220338983
3566,1696.766501825872,56,24,0,172038,172010,172066,172031,172047,311.12698412698415,16,-5269.0,28,28,4048.0,False,False,bp,-6.135593220338983
3567,511.03590000012355,82,-36,-6,172104,172066,172148,172087,172141,23.255166931637522,54,-2498.0,38,44,3151.0,False,False,bp,-6.135593220338983
3568,555.2721616663229,78,10,-38,172168,172148,172226,172159,172196,71.90277777777777,37,-1315.0,20,58,2586.0,True,False,bp,-6.135593220338983
3569,383.1438605506549,34,3,16,172251,172226,172260,172243,172256,148.575,13,-672.0,25,9,2028.0,True,False,bp,-6.135593220338983
3570,509.87028834172315,33,-2,17,172285,172260,172293,172272,172289,193.40384615384616,17,-2073.0,25,8,2150.0,True,True,bp,-6.135593220338983
3571,401.3682612277602,48,-1,0,172317,172293,172341,172304,172325,147.71634615384616,21,-1630.0,24,24,3361.0,True,True,bp,-6.135593220338983
3572,614.6273447411511,36,3,-16,172351,172341,172377,172345,172366,121.88333333333333,21,-48.0,10,26,3239.0,True,True,bp,-6.135593220338983
3573,502.5457315898988,42,17,16,172406,172377,172419,172390,172413,73.24107142857143,23,1498.0,29,13,1538.0,True,True,bp,-6.135593220338983
3574,1118.6279356155464,67,-4,-15,174102,174076,174143,174088,174123,86.55952380952381,35,-1325.0,26,41,3737.0,True,True,bp,-4.745098039215686
3575,958.1844757995207,53,-9,-3,174168,174143,174196,174154,174187,70.97368421052632,33,-144.0,25,28,1762.0,True,True,bp,-4.745098039215686
3576,367.2425353256045,46,23,-8,174215,174196,174242,174211,174222,160.16071428571428,11,186.0,19,27,1717.0,True,False,bp,-4.745098039215686
3577,672.9478075275254,82,-6,-26,174270,174242,174324,174256,174295,105.88714285714286,39,-1242.0,28,54,2277.0,True,False,bp,-4.745098039215686
3578,839.2861278686321,35,3,-15,174334,174324,174359,174328,174347,183.06410256410254,19,-1383.0,10,25,2300.0,False,False,bp,-4.745098039215686
3579,244.5769886442273,31,-5,13,174381,174359,174390,174369,174389,-4.9375,20,-192.0,22,9,151.0,False,False,bp,-4.745098039215686
3580,716.8615050632193,37,2,11,174414,174390,174427,174404,174420,74.3,16,-1018.0,24,13,2080.0,False,False,bp,-4.745098039215686
3581,539.2720218019808,79,-30,3,174468,174427,174506,174438,174490,32.84848484848485,52,-666.0,41,38,2375.0,True,True,bp,-4.745098039215686
3582,1036.9382249430616,53,25,-27,174519,174506,174559,174512,174530,173.03246753246754,18,-1443.0,13,40,2328.0,False,False,bp,-4.745098039215686
3583,461.5919557803604,51,8,-1,174584,174559,174610,174573,174595,120.1818181818182,22,-207.0,25,26,2746.0,False,False,bp,-4.745098039215686
3584,401.5456450457258,50,5,-10,174630,174610,174660,174625,174644,117.26428571428569,19,964.0,20,30,696.0,False,False,bp,-4.745098039215686
3585,483.6250313978645,49,-13,-1,174684,174660,174709,174668,174697,62.947115384615394,29,-973.0,24,25,1306.0,False,False,bp,-4.745098039215686
3586,277.1905722237267,34,6,-16,174718,174709,174743,174713,174730,134.875,17,-1256.0,9,25,2567.0,True,True,bp,-4.745098039215686
3587,490.5400190890514,49,1,1,174768,174743,174792,174753,174781,11.082051282051284,28,-264.0,25,24,1708.0,True,True,bp,-4.745098039215686
3588,851.275289986277,51,4,7,174821,174792,174843,174810,174838,87.27005347593582,28,-918.0,29,22,1773.0,True,True,bp,-4.745098039215686
3589,328.27303867877595,99,-14,-15,174885,174843,174942,174870,174924,26.07435897435897,54,-263.0,42,57,2877.0,False,False,bp,-4.745098039215686
3590,885.6266388017692,68,-6,18,174985,174942,175010,174964,174996,120.22943722943724,32,-1706.0,43,25,3115.0,True,True,bp,-4.745098039215686
3591,379.89399736947433,66,-12,16,175051,175010,175076,175022,175063,44.553160919540225,41,-681.0,41,25,1422.0,True,True,bp,-4.745098039215686
3592,1399.9790590680545,50,36,-2,175100,175076,175126,175092,175108,198.4375,16,-2026.0,24,26,3636.0,True,True,bp,-4.745098039215686
3593,1939.200829893745,83,3,25,175180,175126,175209,175160,175194,186.75357142857143,34,-4557.0,54,29,6025.0,True,True,bp,-4.745098039215686
3594,2137.02960797892,67,7,11,175248,175209,175276,175231,175256,195.86764705882354,25,-3557.0,39,28,4187.0,False,False,bp,-4.745098039215686
3595,353.5971333693911,50,-6,2,175302,175276,175326,175288,175315,57.86263736263736,27,-686.0,26,24,1614.0,False,False,bp,-4.745098039215686
3596,652.0691376725607,51,7,1,175352,175326,175377,175336,175370,28.625,34,-209.0,26,25,2227.0,False,False,bp,-4.745098039215686
3597,593.4418290453198,98,-30,38,175445,175377,175475,175411,175460,110.34411764705881,49,-3047.0,68,30,3126.0,False,False,bp,-4.745098039215686
3598,484.70632703477617,50,1,-34,175483,175475,175525,175479,175505,142.5340909090909,26,-1144.0,8,42,4723.0,False,False,bp,-4.745098039215686
3599,1815.799455141089,39,31,13,175551,175525,175564,175532,175555,173.49342105263162,23,-471.0,26,13,2343.0,False,False,bp,-4.745098039215686
3600,2889.8818911333587,80,14,28,175618,175564,175644,175609,175628,393.5444444444445,19,-7145.0,54,26,6065.0,False,False,bp,-4.745098039215686
3601,576.9053612511523,82,0,-26,175672,175644,175726,175661,175696,57.4375,35,-2576.0,28,54,2287.0,False,False,bp,-4.745098039215686
3602,858.4497989424676,34,1,-14,175736,175726,175760,175731,175753,134.38235294117646,22,-2251.0,10,24,2009.0,True,False,bp,-4.745098039215686
3603,650.408860569973,52,7,-2,175785,175760,175812,175776,175796,124.72727272727272,20,-2814.0,25,27,2005.0,True,True,bp,-4.745098039215686
3604,469.0926271053666,81,-21,-3,175851,175812,175893,175823,175875,49.43154761904761,52,-3311.0,39,42,2567.0,True,True,bp,-4.745098039215686
3605,777.266669355024,50,14,32,175934,175893,175943,175906,175937,127.48214285714286,31,-3670.0,41,9,1571.0,True,False,bp,-4.745098039215686
3606,427.5369778218357,84,-8,64,176017,175943,176027,175982,176022,104.75714285714287,40,-4099.0,74,10,2107.0,True,False,bp,-4.745098039215686
3607,644.3341350151513,67,10,15,176068,176027,176094,176054,176079,83.29220779220779,25,-3796.0,41,26,2539.0,True,True,bp,-4.745098039215686
3608,620.4480659026652,47,-4,33,176134,176094,176141,176114,176137,137.16666666666669,23,-3829.0,40,7,1555.0,True,False,bp,-4.745098039215686
3609,261.4655783261162,85,-9,-31,176168,176141,176226,176156,176197,80.64080459770116,41,-4940.0,27,58,2930.0,True,False,bp,-4.745098039215686
3610,472.72096445543633,34,-21,16,176251,176226,176260,176229,176257,100.78787878787878,28,-3792.0,25,9,2012.0,True,False,bp,-4.745098039215686
3611,592.6047279549011,50,-9,-2,176284,176260,176310,176264,176293,92.71944444444445,29,-4083.0,24,26,2246.0,True,True,bp,-4.745098039215686
3612,283.45108331031054,31,7,-15,176318,176310,176341,176313,176329,152.4909090909091,16,-3472.0,8,23,1553.0,True,True,bp,-4.745098039215686
3613,273.7727346774635,34,1,16,176366,176341,176375,176352,176369,84.63095238095238,17,-3198.0,25,9,904.0,True,True,bp,-4.745098039215686
3614,555.7204792558966,51,32,1,176401,176375,176426,176387,176412,111.87012987012987,25,-3184.0,26,25,3522.0,False,False,bp,-4.745098039215686
3615,475.8240149268743,97,-18,53,176501,176426,176523,176469,176513,67.18229166666666,44,-2156.0,75,22,3120.0,True,False,bp,-4.745098039215686
3616,863.8491238109583,54,18,4,176552,176523,176577,176539,176562,145.58076923076922,23,-2491.0,29,25,1500.0,False,False,bp,-4.745098039215686
3617,899.4043983852396,51,1,-7,174081,174059,174110,174066,174090,119.65555555555555,24,545.0,22,29,3261.0,True,False,bp,-4.745098039215686
3618,488.76327033080236,34,-15,16,174135,174110,174144,174115,174140,105.825,25,1140.0,25,9,1551.0,True,False,bp,-4.745098039215686
3619,685.4578861675412,65,-6,-15,174169,174144,174209,174150,174185,68.24177631578948,35,153.0,25,40,2081.0,True,False,bp,-4.745098039215686
3620,532.5392924822419,34,22,-14,174219,174209,174243,174214,174227,158.8375,13,357.0,10,24,1681.0,True,False,bp,-4.745098039215686
3621,788.2295302732084,49,0,3,174269,174243,174292,174262,174280,155.58441558441558,18,-174.0,26,23,2787.0,True,True,bp,-4.745098039215686
3622,732.7401409566048,35,9,-13,174303,174292,174327,174298,174314,146.84545454545454,16,88.0,11,24,2110.0,True,False,bp,-4.745098039215686
3623,267.40293857980646,46,-12,36,174368,174327,174373,174339,174370,164.96551724137933,31,-65.0,41,5,1181.0,True,False,bp,-4.745098039215686
3624,628.2567801027345,52,-19,12,174405,174373,174425,174389,174420,63.14375,31,-765.0,32,20,2659.0,True,True,bp,-4.745098039215686
3625,1305.203850100851,71,-18,-17,174452,174425,174496,174432,174479,111.27685185185186,47,-2192.0,27,44,5926.0,True,True,bp,-4.745098039215686
3626,1389.6364725255014,62,-24,-18,174518,174496,174558,174508,174548,139.21666666666667,40,-544.0,22,40,2583.0,True,True,bp,-4.745098039215686
3627,1445.389290239416,51,-2,-21,174573,174558,174609,174564,174596,176.26086956521735,32,-1968.0,15,36,5141.0,True,True,bp,-4.745098039215686
3628,1132.8173823186646,46,4,10,174637,174609,174655,174626,174641,185.75,15,-645.0,28,18,1918.0,True,False,bp,-4.745098039215686
3629,274.16808466636286,25,26,1,174668,174655,174680,174660,174673,195.625,13,-775.0,13,12,2797.0,True,False,bp,-4.745098039215686
3630,1419.1135453996592,62,29,14,174718,174680,174742,174712,174725,366.80952380952385,13,-2698.0,38,24,5310.0,True,False,bp,-4.745098039215686
3631,1566.785955561996,65,0,11,174780,174742,174807,174767,174790,177.2923076923077,23,-933.0,38,27,4227.0,True,False,bp,-4.745098039215686
3632,1435.531718098808,35,6,-3,174823,174807,174842,174813,174833,143.65,20,110.0,16,19,2623.0,True,False,bp,-4.745098039215686
3633,707.4842723306748,51,6,3,174869,174842,174893,174859,174879,102.3,20,621.0,27,24,1361.0,True,True,bp,-4.745098039215686
3634,188.2069532973943,67,-20,7,174930,174893,174960,174905,174948,13.243333333333332,43,381.0,37,30,1074.0,False,False,bp,-4.745098039215686
3635,997.7037418433853,66,8,-16,174985,174960,175026,174971,174997,139.6904761904762,26,-1724.0,25,41,3442.0,False,False,bp,-4.745098039215686
3636,1849.683797271686,50,16,-12,175045,175026,175076,175031,175058,168.26373626373623,27,-1989.0,19,31,5154.0,True,True,bp,-4.745098039215686
3637,1029.9959633659607,71,-16,13,175118,175076,175147,175101,175138,87.44117647058823,37,-1313.0,42,29,3417.0,True,True,bp,-4.745098039215686
3638,2481.019426345462,58,16,-16,175168,175147,175205,175159,175185,207.48039215686282,26,-2832.0,21,37,5085.0,True,True,bp,-4.745098039215686
3639,2386.1431208855233,66,-1,2,175239,175205,175271,175227,175255,159.94791666666669,28,-1906.0,34,32,5236.0,True,True,bp,-4.745098039215686
3640,2232.960237819081,55,13,5,175301,175271,175326,175282,175309,189.74342105263162,27,-3433.0,30,25,3093.0,False,False,bp,-4.745098039215686
3641,2872.6141106048003,67,4,-5,175357,175326,175393,175349,175373,254.0625,24,-4092.0,31,36,8619.0,False,False,bp,-4.745098039215686
3642,1681.0356561106616,35,3,13,175417,175393,175428,175401,175423,142.05208333333331,22,131.0,24,11,1775.0,False,False,bp,-4.745098039215686
3643,168.6789409292189,32,6,18,175453,175428,175460,175448,175457,172.5,9,-488.0,25,7,827.0,False,False,bp,-4.745098039215686
3644,630.4131702752169,66,4,-18,175484,175460,175526,175472,175506,99.4810606060606,34,-1693.0,24,42,3103.0,False,False,bp,-4.745098039215686
3645,1839.789012933544,50,4,4,175553,175526,175576,175544,175568,181.25555555555556,24,-2058.0,27,23,4532.0,True,True,bp,-4.745098039215686
3646,1393.6077922413606,67,8,-11,175604,175576,175643,175596,175624,181.0875,28,-1096.0,28,39,2825.0,True,True,bp,-4.745098039215686
3647,757.0961707465093,55,18,-3,175669,175643,175698,175660,175673,145.06944444444446,13,-593.0,26,29,1306.0,True,False,bp,-4.745098039215686
3648,117.56591278521788,24,2,4,175712,175698,175722,175704,175719,70.61607142857143,15,-474.0,14,10,842.0,True,False,bp,-4.745098039215686
3649,424.3061570423027,53,12,5,175751,175722,175775,175736,175756,88.1,20,-1156.0,29,24,1605.0,True,False,bp,-4.745098039215686
3650,556.6837233031459,48,-3,4,175801,175775,175823,175788,175810,121.92307692307692,22,-1531.0,26,22,2141.0,True,True,bp,-4.745098039215686
3651,540.0234694778511,70,9,-44,175836,175823,175893,175829,175862,91.90109890109888,33,-1009.0,13,57,3413.0,False,False,bp,-4.745098039215686
3652,921.8192840624879,68,24,-14,175920,175893,175961,175904,175931,108.71875,27,-646.0,27,41,2310.0,True,True,bp,-4.745098039215686
3653,1052.9196507588638,76,-10,24,176011,175961,176037,175982,176022,94.57210031347964,40,-2494.0,50,26,3189.0,True,True,bp,-4.745098039215686
3654,1117.9461411535615,56,-12,8,176069,176037,176093,176052,176088,55.97213622291022,36,-1949.0,32,24,3826.0,True,True,bp,-4.745098039215686
3655,1150.8065864139653,44,9,28,176129,176093,176137,176112,176132,159.57843137254903,20,-1015.0,36,8,1632.0,True,True,bp,-4.745098039215686
3656,132.36439350348394,39,4,25,176169,176137,176176,176161,176172,197.3125,11,-1808.0,32,7,1770.0,True,True,bp,-4.745098039215686
3657,459.88419202852026,47,1,3,176201,176176,176223,176187,176208,91.82142857142857,21,-2340.0,25,22,2271.0,True,True,bp,-4.745098039215686
3658,342.14404293697817,53,7,-27,176236,176223,176276,176230,176253,118.6078431372549,23,-2337.0,13,40,1651.0,True,False,bp,-4.745098039215686
3659,446.1417311055234,60,-15,-8,176302,176276,176336,176283,176320,51.014619883040936,37,-2317.0,26,34,1857.0,True,True,bp,-4.745098039215686
3660,484.238172599278,59,-28,5,176368,176336,176395,176342,176388,34.34423076923077,46,-2641.0,32,27,1488.0,True,True,bp,-4.745098039215686
3661,715.2124609601759,48,6,0,176419,176395,176443,176406,176430,130.88461538461542,24,-2722.0,24,24,3114.0,True,True,bp,-4.745098039215686
3662,190.744853865722,53,-14,29,176484,176443,176496,176460,176491,80.90476190476191,31,-1976.0,41,12,1626.0,True,True,bp,-4.745098039215686
3663,357.2845680847915,64,-27,12,176534,176496,176560,176508,176550,40.872596153846146,42,-1561.0,38,26,2757.0,False,False,bp,-4.745098039215686
3664,284.6463934053156,32,15,16,176584,176560,176592,176565,176588,128.8815789473684,23,-233.0,24,8,2014.0,False,False,bp,-4.745098039215686
3665,2158.035894769185,51,13,-1,178351,178326,178377,178333,178362,184.38383838383842,29,-437.0,25,26,5845.0,True,False,bp,-0.3709677419354839
3666,1243.8034700291075,116,30,-32,178419,178377,178493,178404,178442,130.23188405797103,38,412.0,42,74,4542.0,True,False,bp,-0.3709677419354839
3667,1148.5997778591914,51,-6,1,178519,178493,178544,178510,178536,143.89215686274508,26,1105.0,26,25,2372.0,True,False,bp,-0.3709677419354839
3668,707.9057683259015,49,8,1,178569,178544,178593,178556,178580,99.56293706293707,24,1873.0,25,24,2670.0,False,False,bp,-0.3709677419354839
3669,2589.943043042349,67,4,9,178631,178593,178660,178612,178639,303.9901315789474,27,-2480.0,38,29,7219.0,False,False,bp,-0.3709677419354839
3670,860.9015871273183,22,12,20,178681,178660,178682,178670,178682,8.227272727272727,12,2925.0,21,1,-35.0,False,False,bp,-0.3709677419354839
3671,1158.0264680307728,45,2,17,178713,178682,178727,178706,178721,188.5625,15,730.0,31,14,3453.0,False,False,bp,-0.3709677419354839
3672,786.1165733219386,48,6,-8,178747,178727,178775,178738,178763,99.05902777777777,25,2717.0,20,28,3130.0,False,False,bp,-0.3709677419354839
3673,1155.0646921610662,51,-17,23,178812,178775,178826,178794,178822,108.27777777777777,28,-194.0,37,14,1170.0,False,False,bp,-0.3709677419354839
3674,718.7412398148747,66,18,-24,178847,178826,178892,178833,178857,105.45714285714287,24,-403.0,21,45,3557.0,False,False,bp,-0.3709677419354839
3675,2622.254484512883,67,-5,-13,178919,178892,178959,178899,178936,183.93676470588238,37,-2935.0,27,40,6902.0,True,True,bp,-0.3709677419354839
3676,2375.7254340732684,54,29,-2,178985,178959,179013,178968,178992,220.92016806722685,24,-1442.0,26,28,4202.0,True,True,bp,-0.3709677419354839
3677,2839.8337647499243,79,1,9,179057,179013,179092,179045,179072,224.34166666666667,27,-2944.0,44,35,6358.0,True,True,bp,-0.3709677419354839
3678,2224.810449466016,51,-4,1,179118,179092,179143,179100,179134,136.4375,34,-964.0,26,25,4581.0,True,True,bp,-0.3709677419354839
3679,1407.083939466259,83,-4,-1,179184,179143,179226,179164,179206,98.81590909090907,42,-1398.0,41,42,3366.0,True,True,bp,-0.3709677419354839
3680,2042.6433083373597,67,3,-15,179252,179226,179293,179244,179272,270.1125,28,-3832.0,26,41,5192.0,False,False,bp,-0.3709677419354839
3681,923.0290404169007,67,9,-17,179318,179293,179360,179303,179330,98.29166666666666,27,-1098.0,25,42,2691.0,False,False,bp,-0.3709677419354839
3682,1212.6459732168025,65,1,-17,179384,179360,179425,179366,179398,116.42857142857143,32,-2539.0,24,41,2750.0,True,True,bp,-0.3709677419354839
3683,914.6915026908804,52,-19,0,179451,179425,179477,179431,179469,67.69166666666666,38,-1830.0,26,26,3193.0,False,False,bp,-0.3709677419354839
3684,314.27407180299963,50,13,-10,179497,179477,179527,179488,179504,75.96031746031746,16,622.0,20,30,2007.0,False,False,bp,-0.3709677419354839
3685,620.6237907823195,84,-14,-2,179568,179527,179611,179533,179586,59.99444444444444,53,-1033.0,41,43,2296.0,True,True,bp,-0.3709677419354839
3686,770.08336560536,62,14,-14,179635,179611,179673,179625,179649,70.97142857142858,24,-1096.0,24,38,2456.0,True,True,bp,-0.3709677419354839
3687,819.9784792088692,53,11,5,179702,179673,179726,179687,179707,153.36666666666667,20,-1951.0,29,24,2623.0,True,True,bp,-0.3709677419354839
3688,671.2986689523367,47,-1,5,179752,179726,179773,179738,179763,89.97077922077924,25,-1327.0,26,21,2663.0,True,False,bp,-0.3709677419354839
3689,315.0526441684577,87,20,-29,179802,179773,179860,179787,179822,54.09166666666667,35,-1306.0,29,58,2396.0,True,False,bp,-0.3709677419354839
3690,405.1210478569343,54,-2,30,179902,179860,179914,179877,179905,103.92,28,-1022.0,42,12,979.0,False,False,bp,-0.3709677419354839
3691,698.5447764110303,45,-1,-1,179936,179914,179959,179931,179951,130.6,20,-1963.0,22,23,2176.0,True,True,bp,-0.3709677419354839
3692,862.3216463595606,63,-4,-11,179985,179959,180022,179970,180002,75.17843137254901,32,-2403.0,26,37,2180.0,True,True,bp,-0.3709677419354839
3693,326.58200067702967,54,10,-28,180035,180022,180076,180030,180054,132.91578947368419,24,-2170.0,13,41,1189.0,True,True,bp,-0.3709677419354839
3694,218.6855968378923,34,2,14,180100,180076,180110,180088,180104,156.91666666666666,16,-2189.0,24,10,1998.0,True,False,bp,-0.3709677419354839
3695,211.13876861653512,33,5,15,180134,180110,180143,180122,180137,174.79166666666669,15,-2051.0,24,9,2196.0,True,True,bp,-0.3709677419354839
3696,604.4990888861724,50,-12,24,180180,180143,180193,180157,180188,78.71467391304347,31,-2294.0,37,13,1977.0,True,True,bp,-0.3709677419354839
3697,221.47436025111816,50,-3,0,180218,180193,180243,180207,180228,147.19545454545454,21,-2076.0,25,25,1734.0,False,False,bp,-0.3709677419354839
3698,57.780043933821446,33,10,-17,180251,180243,180276,180246,180258,48.97142857142857,12,-1008.0,8,25,505.0,False,False,bp,-0.3709677419354839
3699,614.812204345283,50,2,-12,180295,180276,180326,180280,180303,67.87916666666666,23,-1911.0,19,31,1692.0,False,False,bp,-0.3709677419354839
3700,377.5841202093567,29,2,-11,180335,180326,180355,180328,180345,120.18571428571428,17,-1962.0,9,20,894.0,True,False,bp,-0.3709677419354839
3701,348.4289367476789,38,23,-12,180368,180355,180393,180364,180373,197.725,9,-2468.0,13,25,1897.0,True,True,bp,-0.3709677419354839
3702,460.9684826618857,34,4,16,180418,180393,180427,180405,180422,124.875,17,-2043.0,25,9,1702.0,True,True,bp,-0.3709677419354839
3703,925.2019491485402,51,-1,-1,180452,180427,180478,180443,180464,148.875,21,-3128.0,25,26,2431.0,True,True,bp,-0.3709677419354839
3704,576.2379606225343,84,-26,-2,178301,178260,178344,178279,178327,95.77272727272728,48,-1800.0,41,43,2354.0,False,False,bp,-0.3709677419354839
3705,634.3812990109052,32,4,-6,178357,178344,178376,178349,178370,77.76442307692308,21,-398.0,13,19,2427.0,False,False,bp,-0.3709677419354839
3706,1072.2874905158706,50,-18,4,178403,178376,178426,178395,178421,129.86111111111111,26,-929.0,27,23,2446.0,True,True,bp,-0.3709677419354839
3707,326.8468880568426,34,-6,-16,178435,178426,178460,178429,178450,107.76666666666668,21,280.0,9,25,2558.0,False,False,bp,-0.3709677419354839
3708,520.5660699705494,33,5,17,178485,178460,178493,178465,178488,82.98333333333333,23,828.0,25,8,855.0,False,False,bp,-0.3709677419354839
3709,677.8229551846853,50,-5,6,178521,178493,178543,178516,178537,187.84375,21,-1255.0,28,22,2325.0,False,False,bp,-0.3709677419354839
3710,1782.6883198355624,51,6,-3,178567,178543,178594,178553,178579,176.92857142857144,26,-2038.0,24,27,5820.0,True,True,bp,-0.3709677419354839
3711,3072.115579644395,61,12,-1,178624,178594,178655,178611,178636,243.45512820512826,25,-3643.0,30,31,5362.0,True,True,bp,-0.3709677419354839
3712,2055.0257658537626,56,7,2,178684,178655,178711,178673,178699,190.03939393939396,26,-2126.0,29,27,5827.0,True,True,bp,-0.3709677419354839
3713,3809.398512667312,66,1,6,178747,178711,178777,178732,178762,254.96666666666667,30,-2699.0,36,30,8824.0,True,True,bp,-0.3709677419354839
3714,3205.630594675913,79,-13,-5,178814,178777,178856,178793,178836,198.69913419913416,43,-3504.0,37,42,6930.0,True,True,bp,-0.3709677419354839
3715,2115.275511852652,71,-13,-13,178885,178856,178927,178866,178909,135.2138157894737,43,-3334.0,29,42,4688.0,True,True,bp,-0.3709677419354839
3716,875.8232225286798,65,-18,-15,178952,178927,178992,178939,178976,93.02243589743591,37,-1672.0,25,40,2925.0,False,False,bp,-0.3709677419354839
3717,414.0310357333097,30,-1,24,179019,178992,179022,178995,179021,16.75,26,394.0,27,3,-187.0,False,False,bp,-0.3709677419354839
3718,1658.7152735622285,55,0,11,179055,179022,179077,179046,179068,156.81196581196582,22,-2203.0,33,22,4563.0,False,False,bp,-0.3709677419354839
3719,1840.4030588045246,66,0,-8,179106,179077,179143,179090,179125,155.45230263157896,35,-2610.0,29,37,5957.0,True,True,bp,-0.3709677419354839
3720,1478.5284851396038,55,23,-5,179168,179143,179198,179160,179180,181.22916666666663,20,-16.0,25,30,2359.0,True,True,bp,-0.3709677419354839
3721,590.3287044218528,62,-16,42,179250,179198,179260,179223,179257,73.54761904761905,34,-198.0,52,10,1414.0,False,False,bp,-0.3709677419354839
3722,917.0232815227716,67,-26,15,179301,179260,179327,179275,179320,83.57692307692308,45,-1670.0,41,26,4060.0,False,False,bp,-0.3709677419354839
3723,452.0899753429966,32,14,16,179351,179327,179359,179339,179355,98.95833333333331,16,1097.0,24,8,1509.0,False,False,bp,-0.3709677419354839
3724,1381.3984745432865,67,0,17,179401,179359,179426,179385,179415,126.10714285714286,30,-1478.0,42,25,3501.0,False,False,bp,-0.3709677419354839
3725,1854.174769158032,67,12,-15,179452,179426,179493,179445,179469,280.8571428571429,24,-3182.0,26,41,6540.0,False,False,bp,-0.3709677419354839
3726,824.7227616727153,34,4,16,179518,179493,179527,179505,179525,57.32967032967032,20,985.0,25,9,1355.0,False,False,bp,-0.3709677419354839
3727,1364.9985696336928,48,-4,22,179562,179527,179575,179549,179569,170.17032967032964,20,-2955.0,35,13,2347.0,False,False,bp,-0.3709677419354839
3728,1112.1430815229658,69,-3,-17,179601,179575,179644,179585,179619,124.62152777777777,34,-4051.0,26,43,5721.0,False,False,bp,-0.3709677419354839
3729,476.96502888441,33,6,-1,179660,179644,179677,179650,179668,81.5,18,-654.0,16,17,765.0,False,False,bp,-0.3709677419354839
3730,653.6107508700736,36,3,12,179701,179677,179713,179692,179706,179.9111111111111,14,-3175.0,24,12,1504.0,False,False,bp,-0.3709677419354839
3731,140.43409658271577,45,10,1,179736,179713,179758,179723,179747,5.4125874125874125,24,-3355.0,23,22,1224.0,False,False,bp,-0.3709677419354839
3732,146.62174643307958,120,3,-14,179811,179758,179878,179781,179839,50.65,58,-4946.0,53,67,3157.0,False,False,bp,-0.3709677419354839
3733,603.1229876082152,68,-14,44,179934,179878,179946,179900,179940,92.01960784313722,40,-5713.0,56,12,1831.0,False,False,bp,-0.3709677419354839
3734,255.58134356330945,65,-26,3,179980,179946,180011,179966,180004,37.81845238095238,38,-5339.0,34,31,1139.0,True,False,bp,-0.3709677419354839
3735,375.827137588295,36,3,-12,180023,180011,180047,180016,180031,219.625,15,-6369.0,12,24,2173.0,True,False,bp,-0.3709677419354839
3736,406.7632175803538,27,-2,7,180064,180047,180074,180049,180068,124.53333333333332,19,-5911.0,17,10,2014.0,False,False,bp,-0.3709677419354839
3737,94.73667045177248,34,3,16,180099,180074,180108,180085,180103,32.19642857142857,18,-4478.0,25,9,1545.0,False,False,bp,-0.3709677419354839
3738,136.75101423917457,41,7,13,180135,180108,180149,180124,180140,81.2909090909091,16,-3971.0,27,14,938.0,True,True,bp,-0.3709677419354839
3739,307.31562586801397,61,8,-21,180169,180149,180210,180163,180185,114.19791666666669,22,-4789.0,20,41,2092.0,True,True,bp,-0.3709677419354839
3740,920.8100003678608,40,22,-20,180220,180210,180250,180215,180235,146.7,20,-4445.0,10,30,3302.0,True,False,bp,-0.3709677419354839
3741,531.1252978676799,76,-6,16,180296,180250,180326,180277,180306,124.84736842105265,29,-3534.0,46,30,3724.0,True,False,bp,-0.3709677419354839
3742,746.9712767067032,51,-11,1,180352,180326,180377,180329,180364,81.19202898550725,35,-2078.0,26,25,3370.0,True,True,bp,-0.3709677419354839
3743,898.2944699953031,50,-11,2,180403,180377,180427,180388,180416,96.11794871794872,28,-2166.0,26,24,2621.0,True,True,bp,-0.3709677419354839
3744,676.7308205983537,42,9,-20,180438,180427,180469,180433,180451,235.35384615384612,18,-2816.0,11,31,1169.0,False,False,bp,-0.3709677419354839
3745,185.9079772251963,30,42,-6,180481,180469,180499,180478,180488,177.26190476190476,10,-2585.0,12,18,1452.0,False,False,bp,-0.3709677419354839
3746,266.92308951704064,81,23,-31,182135,182110,182191,182121,182155,46.507142857142846,34,386.0,25,56,2080.0,True,True,bp,4.142857142857143
3747,973.490680388076,102,30,-48,182218,182191,182293,182212,182241,144.95652173913044,29,-250.0,27,75,2969.0,True,False,bp,4.142857142857143
3748,923.1294018980627,50,-9,0,182318,182293,182343,182300,182337,68.67105263157895,37,593.0,25,25,2916.0,True,False,bp,4.142857142857143
3749,1550.1619984202482,67,-9,17,182385,182343,182410,182365,182397,144.23333333333332,32,-1225.0,42,25,3934.0,True,True,bp,4.142857142857143
3750,1135.8682259580507,34,9,16,182435,182410,182444,182420,182439,160.29166666666669,19,-1138.0,25,9,1739.0,False,False,bp,4.142857142857143
3751,569.385456969909,50,-5,8,182473,182444,182494,182467,182485,133.25,18,-1508.0,29,21,2022.0,True,True,bp,4.142857142857143
3752,768.9250400302631,49,-2,1,182519,182494,182543,182498,182524,121.04761904761904,26,-1232.0,25,24,2009.0,True,True,bp,4.142857142857143
3753,379.5143472999032,34,12,-16,182552,182543,182577,182548,182564,137.95833333333334,16,-655.0,9,25,1730.0,True,False,bp,4.142857142857143
3754,989.7235988296063,61,18,-13,182601,182577,182638,182592,182612,174.9191919191919,20,-2009.0,24,37,2006.0,True,False,bp,4.142857142857143
3755,1601.1108008390165,73,10,-13,182668,182638,182711,182650,182685,127.12745098039215,35,-3892.0,30,43,4881.0,True,True,bp,4.142857142857143
3756,1326.1619117964835,53,-14,27,182751,182711,182764,182730,182754,121.61904761904762,24,-3170.0,40,13,1386.0,False,False,bp,4.142857142857143
3757,490.0099139435037,46,-4,-34,182770,182764,182810,182764,182791,55.28571428571429,27,-1906.0,6,40,3905.0,False,False,bp,4.142857142857143
3758,1784.5146445872167,50,-6,-24,182823,182810,182860,182814,182851,143.78174603174602,37,-1043.0,13,37,5288.0,True,True,bp,4.142857142857143
3759,1676.0982970148834,67,-11,17,182902,182860,182927,182882,182919,121.90294117647059,37,-1367.0,42,25,3362.0,True,True,bp,4.142857142857143
3760,1102.0820692369148,66,4,-16,182952,182927,182993,182945,182970,163.97619047619048,25,-680.0,25,41,4025.0,False,False,bp,4.142857142857143
3761,688.4981273564625,34,4,12,183016,182993,183027,182999,183021,92.72352941176472,22,1826.0,23,11,1677.0,False,False,bp,4.142857142857143
3762,1265.7230093502867,56,-1,-6,183052,183027,183083,183047,183071,156.48947368421054,24,1055.0,25,31,2690.0,True,True,bp,4.142857142857143
3763,848.5775883648141,77,9,-39,183102,183083,183160,183094,183131,99.48922413793105,37,917.0,19,58,2242.0,False,False,bp,4.142857142857143
3764,2132.096392765212,50,21,0,183185,183160,183210,183177,183192,308.0803571428571,15,-2339.0,25,25,4442.0,False,False,bp,4.142857142857143
3765,2470.4755269667394,83,25,-31,183236,183210,183293,183228,183258,274.45454545454544,30,-3240.0,26,57,7645.0,True,False,bp,4.142857142857143
3766,909.598525620737,65,-33,21,183336,183293,183358,183313,183354,96.3756038647343,41,-2712.0,43,22,1696.0,False,False,bp,4.142857142857143
3767,461.9863211609808,52,-24,4,183386,183358,183410,183362,183401,78.26666666666667,39,-3444.0,28,24,3071.0,False,False,bp,4.142857142857143
3768,1323.4432438822807,50,12,-32,183419,183410,183460,183416,183439,160.55,23,-1252.0,9,41,5756.0,False,False,bp,4.142857142857143
3769,2878.8094388401064,67,19,-11,183488,183460,183527,183474,183505,206.00840336134456,31,-3176.0,28,39,4994.0,False,False,bp,4.142857142857143
3770,3992.3109461997356,83,6,-1,183568,183527,183610,183555,183585,346.76018099547514,30,-8773.0,41,42,9089.0,False,False,bp,4.142857142857143
3771,1328.0547935501086,51,1,-5,183633,183610,183661,183621,183651,57.01388888888889,30,-705.0,23,28,2612.0,False,False,bp,4.142857142857143
3772,713.5407614276137,85,2,19,183713,183661,183746,183682,183721,87.86693548387099,39,-2103.0,52,33,2266.0,True,False,bp,4.142857142857143
3773,655.0468588735548,46,14,-2,183768,183746,183792,183762,183772,178.79166666666669,10,-1268.0,22,24,2609.0,True,False,bp,4.142857142857143
3774,555.1123110020343,35,-1,-17,183801,183792,183827,183796,183814,122.63846153846156,18,-604.0,9,26,1639.0,True,False,bp,4.142857142857143
3775,433.2787493804768,67,-16,-17,183852,183827,183894,183831,183876,45.88095238095239,45,-1284.0,25,42,1451.0,False,False,bp,4.142857142857143
3776,944.3495323815094,53,-11,9,183925,183894,183947,183905,183938,67.91923076923078,33,-3491.0,31,22,1914.0,False,False,bp,4.142857142857143
3777,326.32246473700815,63,4,-21,183968,183947,184010,183960,183989,63.586309523809526,29,-2910.0,21,42,1594.0,True,True,bp,4.142857142857143
3778,409.9728368673922,49,-11,1,184035,184010,184059,184022,184048,53.884615384615394,26,-3083.0,25,24,1554.0,True,False,bp,4.142857142857143
3779,181.43817666455,19,18,1,184069,184059,184078,184063,184072,201.0,9,-3534.0,10,9,1352.0,True,False,bp,4.142857142857143
3780,275.12223507866844,49,5,1,184103,184078,184127,184099,184113,181.225,14,-3971.0,25,24,1434.0,True,False,bp,4.142857142857143
3781,315.05909915199004,31,17,-5,184140,184127,184158,184132,184154,66.80357142857143,22,-3685.0,13,18,1560.0,False,False,bp,4.142857142857143
3782,410.9159077232685,92,-27,62,184235,184158,184250,184193,184238,164.75,45,-5498.0,77,15,1740.0,False,False,bp,4.142857142857143
3783,133.18361524688495,43,16,-15,184264,184250,184293,184256,184269,117.55,13,-4694.0,14,29,2294.0,False,False,bp,4.142857142857143
3784,535.8518659880659,37,42,-19,184302,184293,184330,184298,184305,271.20833333333337,7,-4590.0,9,28,2191.0,True,False,bp,4.142857142857143
3785,259.1803681690496,80,8,0,184370,184330,184410,184354,184390,57.19375,36,-4198.0,40,40,1905.0,True,False,bp,4.142857142857143
3786,831.5607512890647,83,-1,7,184455,184410,184493,184434,184471,97.37053571428572,37,-4356.0,45,38,4383.0,False,False,bp,4.142857142857143
3787,212.9831241216003,34,-10,8,184514,184493,184527,184507,184525,44.123376623376636,18,-1217.0,21,13,867.0,False,False,bp,4.142857142857143
3788,663.4888503411432,46,-25,14,184557,184527,184573,184533,184569,73.35416666666666,36,-2874.0,30,16,2194.0,False,False,bp,4.142857142857143
3789,495.3246188795217,38,9,-8,184588,184573,184611,184580,184607,65.8092105263158,27,-1959.0,15,23,2020.0,True,False,bp,4.142857142857143
3790,569.0638783938675,29,1,-1,182128,182114,182143,182117,182136,104.11363636363636,19,2535.0,14,15,2063.0,True,False,bp,4.142857142857143
3791,1018.4778677670157,66,10,-8,182172,182143,182209,182156,182185,119.03125,29,2017.0,29,37,2755.0,True,False,bp,4.142857142857143
3792,1423.7713346530154,50,12,2,182235,182209,182259,182224,182241,200.46969696969697,17,1996.0,26,24,3626.0,True,True,bp,4.142857142857143
3793,729.6245198572583,50,-22,4,182286,182259,182309,182270,182303,77.15625,33,2733.0,27,23,2303.0,True,True,bp,4.142857142857143
3794,1473.812516420714,51,-1,-31,182319,182309,182360,182314,182346,179.4148148148148,32,2609.0,10,41,5552.0,False,False,bp,4.142857142857143
3795,2249.080801677279,66,-5,8,182397,182360,182426,182377,182412,164.25,35,1474.0,37,29,4894.0,True,True,bp,4.142857142857143
3796,2716.4207988128155,66,-3,-12,182453,182426,182492,182442,182474,216.08008658008654,32,-559.0,27,39,5103.0,True,True,bp,4.142857142857143
3797,3739.2828588487378,52,4,-4,182516,182492,182544,182503,182525,381.2649572649573,22,-3493.0,24,28,7862.0,False,False,bp,4.142857142857143
3798,1094.4212943617752,49,-22,-1,182568,182544,182593,182551,182586,83.85130718954248,35,959.0,24,25,2356.0,False,False,bp,4.142857142857143
3799,264.45508138055266,50,8,0,182618,182593,182643,182599,182629,32.57894736842105,30,1798.0,25,25,1683.0,False,False,bp,4.142857142857143
3800,2302.7173398512077,66,14,8,182680,182643,182709,182667,182691,200.87062937062942,24,-242.0,37,29,5862.0,False,False,bp,4.142857142857143
3801,5001.859941172005,84,19,-10,182746,182709,182793,182729,182756,399.5294117647058,27,-6457.0,37,47,9276.0,False,False,bp,4.142857142857143
3802,4267.568774036496,67,12,-17,182818,182793,182860,182802,182835,282.83639705882354,33,-3899.0,25,42,11965.0,True,True,bp,4.142857142857143
3803,4854.792276360272,71,18,3,182897,182860,182931,182880,182905,382.2683823529412,25,-2929.0,37,34,6939.0,True,True,bp,4.142857142857143
3804,3140.4893519492102,62,15,-8,182958,182931,182993,182948,182973,272.75,25,-2785.0,27,35,6146.0,True,True,bp,4.142857142857143
3805,2128.8936199140994,51,11,13,183025,182993,183044,183013,183035,186.2,22,221.0,32,19,4926.0,True,True,bp,4.142857142857143
3806,1856.2142140679107,82,14,0,183085,183044,183126,183068,183104,112.32198142414862,36,202.0,41,41,3060.0,False,False,bp,4.142857142857143
3807,4301.633133199856,68,22,14,183167,183126,183194,183154,183177,399.8884615384616,23,-5351.0,41,27,10028.0,False,False,bp,4.142857142857143
3808,3471.901192018274,83,7,1,183236,183194,183277,183222,183254,255.07539682539684,32,-3173.0,42,41,8295.0,True,True,bp,4.142857142857143
3809,3113.0455821070227,66,10,-8,183306,183277,183343,183293,183322,240.71875,29,-2442.0,29,37,6173.0,True,True,bp,4.142857142857143
3810,1820.37502298288,50,-7,4,183370,183343,183393,183361,183386,221.01041666666663,25,-1891.0,27,23,2883.0,True,True,bp,4.142857142857143
3811,2081.150022399102,66,4,-14,183419,183393,183459,183404,183439,156.825,35,-2758.0,26,40,6823.0,True,True,bp,4.142857142857143
3812,4099.421693082821,78,13,-24,183486,183459,183537,183478,183505,456.3026315789474,27,-6085.0,27,51,10052.0,True,True,bp,4.142857142857143
3813,4563.578296975093,71,31,-39,183553,183537,183608,183545,183565,469.375,20,-5527.0,16,55,7430.0,True,True,bp,4.142857142857143
3814,1959.8762331707999,52,17,-24,183622,183608,183660,183616,183634,289.375,18,-2535.0,14,38,4084.0,True,True,bp,4.142857142857143
3815,1147.1678365365703,65,-3,-25,183680,183660,183725,183669,183706,101.8111888111888,37,-1548.0,20,45,3320.0,True,True,bp,4.142857142857143
3816,697.2769972440918,68,-18,20,183769,183725,183793,183740,183779,85.31379310344828,39,-273.0,44,24,2586.0,True,False,bp,4.142857142857143
3817,517.9407590794034,35,3,15,183818,183793,183828,183800,183820,166.27777777777774,20,340.0,25,10,1260.0,True,False,bp,4.142857142857143
3818,378.59193353318915,55,4,25,183868,183828,183883,183843,183872,91.105,29,-137.0,40,15,1233.0,True,True,bp,4.142857142857143
3819,133.78911971687688,72,14,0,183919,183883,183955,183905,183931,37.39285714285714,26,-750.0,36,36,1141.0,False,False,bp,4.142857142857143
3820,524.4733687276957,38,25,22,183985,183955,183993,183971,183988,152.13095238095238,17,-2245.0,30,8,1474.0,False,False,bp,4.142857142857143
3821,641.2634061611385,65,12,19,184035,183993,184058,184030,184040,305.2,10,-3463.0,42,23,3371.0,True,False,bp,4.142857142857143
3822,495.9469783875205,37,19,-15,184069,184058,184095,184062,184074,237.34285714285718,12,-2743.0,11,26,2962.0,True,False,bp,4.142857142857143
3823,824.3586439588918,50,-13,20,184130,184095,184145,184105,184139,79.2488888888889,34,-2640.0,35,15,2029.0,True,False,bp,4.142857142857143
3824,394.1254457670965,62,12,-24,184164,184145,184207,184160,184188,186.52083333333331,28,-3056.0,19,43,2587.0,True,False,bp,4.142857142857143
3825,685.1839175768889,69,5,-11,184236,184207,184276,184228,184260,113.47916666666669,32,-3071.0,29,40,2235.0,True,True,bp,4.142857142857143
3826,826.9307614214874,64,16,20,184318,184276,184340,184297,184332,75.54761904761905,35,-3781.0,42,22,2165.0,True,True,bp,4.142857142857143
3827,816.5885730905569,74,27,22,184388,184340,184414,184383,184392,314.475,9,-4539.0,48,26,3234.0,False,False,bp,4.142857142857143
3828,653.6206599667619,51,-7,-7,184436,184414,184465,184428,184451,106.18333333333334,23,-2828.0,22,29,2929.0,False,False,bp,4.142857142857143
3829,143.02575572957036,79,-7,-61,184474,184465,184544,184467,184514,90.28214285714287,47,-1273.0,9,70,3178.0,False,False,bp,4.142857142857143
3830,476.11646299595395,82,-18,-36,184567,184544,184626,184554,184611,77.04807692307692,57,-304.0,23,59,2746.0,True,True,bp,4.142857142857143
3831,906.3136538560568,95,-11,-9,186187,186144,186239,186166,186213,71.76007326007326,47,436.0,43,52,3235.0,True,False,bp,0.25806451612903225
3832,1153.3507037647091,55,9,-9,186262,186239,186294,186249,186278,91.46153846153842,29,1130.0,23,32,1918.0,True,False,bp,0.25806451612903225
3833,1790.4918145567347,77,30,-15,186325,186294,186371,186316,186342,163.74183006535947,26,-181.0,31,46,4875.0,True,True,bp,0.25806451612903225
3834,1860.7637778312783,62,8,14,186409,186371,186433,186398,186423,163.16233766233768,25,-66.0,38,24,2874.0,True,True,bp,0.25806451612903225
3835,1352.5941812757455,78,-20,-8,186468,186433,186511,186456,186497,129.91810344827587,41,-547.0,35,43,5354.0,True,True,bp,0.25806451612903225
3836,1857.5334232357534,49,10,-1,186535,186511,186560,186518,186544,159.8790849673203,26,-374.0,24,25,2439.0,False,False,bp,0.25806451612903225
3837,201.32686160273772,34,24,18,186586,186560,186594,186580,186589,149.58333333333334,9,0.0,26,8,1026.0,False,False,bp,0.25806451612903225
3838,971.8036581596393,68,9,16,186636,186594,186662,186622,186643,165.60714285714286,21,-1033.0,42,26,3879.0,False,False,bp,0.25806451612903225
3839,1700.0927486755445,65,9,-11,186689,186662,186727,186673,186704,125.6,31,-726.0,27,38,4318.0,True,True,bp,0.25806451612903225
3840,1684.1126945842987,50,17,0,186752,186727,186777,186744,186759,274.0178571428571,15,-1138.0,25,25,3348.0,True,True,bp,0.25806451612903225
3841,950.6698300955322,67,-6,-9,186806,186777,186844,186791,186826,106.35,35,-1487.0,29,38,3621.0,False,False,bp,0.25806451612903225
3842,243.63059089469772,34,1,16,186869,186844,186878,186855,186875,35.51190476190476,20,1119.0,25,9,1017.0,False,False,bp,0.25806451612903225
3843,883.5472598777131,66,1,-14,186904,186878,186944,186896,186930,106.30769230769229,34,95.0,26,40,2252.0,False,False,bp,0.25806451612903225
3844,959.8841663525274,51,-9,21,186980,186944,186995,186965,186989,106.56666666666666,24,-370.0,36,15,2181.0,True,False,bp,0.25806451612903225
3845,968.5020502793252,65,-6,-19,187018,186995,187060,187004,187039,99.4761904761905,35,-841.0,23,42,4271.0,True,False,bp,0.25806451612903225
3846,1315.2084772679805,66,13,-22,187082,187060,187126,187068,187103,69.96428571428571,35,607.0,22,44,2784.0,True,True,bp,0.25806451612903225
3847,1630.420866371767,84,7,4,187170,187126,187210,187151,187187,116.7074303405573,36,-1093.0,44,40,4100.0,True,True,bp,0.25806451612903225
3848,3029.145509834692,67,18,-11,187238,187210,187277,187230,187256,223.59722222222226,26,-1438.0,28,39,6331.0,True,True,bp,0.25806451612903225
3849,3412.385292336268,100,1,-22,187316,187277,187377,187300,187341,296.5325,41,-6745.0,39,61,10997.0,False,False,bp,0.25806451612903225
3850,2526.2692387103343,83,49,-37,187400,187377,187460,187383,187407,173.5168067226891,24,-326.0,23,60,3228.0,False,False,bp,0.25806451612903225
3851,682.990823736448,67,-4,17,187502,187460,187527,187480,187509,128.96428571428572,29,-398.0,42,25,2785.0,True,False,bp,0.25806451612903225
3852,2293.366603544228,50,9,-12,187546,187527,187577,187534,187557,217.28030303030303,23,-2036.0,19,31,5045.0,False,False,bp,0.25806451612903225
3853,751.6702817040134,67,-4,17,187619,187577,187644,187589,187630,74.87878787878788,41,1406.0,42,25,1848.0,False,False,bp,0.25806451612903225
3854,1512.6351062264187,67,1,15,187685,187644,187711,187667,187699,152.88095238095238,32,-2238.0,41,26,4085.0,False,False,bp,0.25806451612903225
3855,943.4268407269988,49,7,33,187752,187711,187760,187732,187754,209.3,22,-1497.0,41,8,1928.0,True,True,bp,0.25806451612903225
3856,635.6058398941698,51,1,25,187798,187760,187811,187783,187803,148.8,20,-2765.0,38,13,2147.0,True,True,bp,0.25806451612903225
3857,574.6518914214769,83,22,-1,187852,187811,187894,187824,187859,110.71428571428572,35,-3071.0,41,42,2808.0,True,False,bp,0.25806451612903225
3858,691.3127531850661,46,25,6,187920,187894,187940,187916,187924,260.25,8,-1721.0,26,20,2810.0,True,False,bp,0.25806451612903225
3859,428.2564311768541,71,-20,-11,187970,187940,188011,187957,187997,63.005698005698,40,-2366.0,30,41,1141.0,False,False,bp,0.25806451612903225
3860,397.40957136285317,82,-19,-40,188032,188011,188093,188017,188071,63.73333333333333,54,-3424.0,21,61,3170.0,True,True,bp,0.25806451612903225
3861,583.2498263577428,50,-25,12,188124,188093,188143,188106,188139,48.92777777777778,33,-3152.0,31,19,1456.0,False,False,bp,0.25806451612903225
3862,535.5175620022584,35,-20,23,188172,188143,188178,188147,188174,225.73,27,-5511.0,29,6,2101.0,False,False,bp,0.25806451612903225
3863,344.73374202036166,49,-7,-35,188185,188178,188227,188181,188212,203.96759259259258,31,-5176.0,7,42,3125.0,True,False,bp,0.25806451612903225
3864,581.4847997649139,44,5,0,188249,188227,188271,188236,188260,60.10489510489511,24,-4526.0,22,22,2036.0,True,True,bp,0.25806451612903225
3865,1128.1085216292302,57,3,5,188302,188271,188328,188289,188318,108.94951923076924,29,-5711.0,31,26,3613.0,True,True,bp,0.25806451612903225
3866,838.5208358202092,67,-17,13,188368,188328,188395,188350,188386,80.19444444444444,36,-5083.0,40,27,2902.0,True,True,bp,0.25806451612903225
3867,1018.9007253362738,65,9,-23,188416,188395,188460,188405,188437,81.98051948051949,32,-5067.0,21,44,4278.0,False,False,bp,0.25806451612903225
3868,370.62493912103486,51,-7,7,188489,188460,188511,188478,188499,81.36818181818181,21,-2648.0,29,22,1867.0,False,False,bp,0.25806451612903225
3869,265.07913852598347,32,2,-16,188519,188511,188543,188513,188529,164.33333333333334,16,-2990.0,8,24,1505.0,False,False,bp,0.25806451612903225
3870,143.98101198054414,35,-13,5,188563,188543,188578,188547,188571,68.03125,24,-2029.0,20,15,2165.0,False,False,bp,0.25806451612903225
3871,209.44822345511844,50,28,-34,188586,188578,188628,188582,188597,212.3636363636364,15,-2036.0,8,42,3097.0,True,False,bp,0.25806451612903225
3872,630.5729552888165,68,-2,-10,188657,188628,188696,188640,188671,58.61974789915966,31,-581.0,29,39,2594.0,True,True,bp,0.25806451612903225
3873,1255.3713369099416,47,7,-1,188719,188696,188743,188700,188729,122.07368421052631,29,236.0,23,24,3980.0,False,False,bp,0.25806451612903225
3874,870.3631732029367,67,-22,15,186202,186161,186228,186182,186221,81.38026315789476,39,-1257.0,41,26,3009.0,True,False,bp,0.25806451612903225
3875,2803.9519424082146,49,24,-11,186247,186228,186277,186238,186259,279.875,21,-3329.0,19,30,7191.0,True,False,bp,0.25806451612903225
3876,4278.703275468626,82,13,-4,186316,186277,186359,186304,186328,410.9166666666666,24,-5977.0,39,43,10108.0,False,False,bp,0.25806451612903225
3877,1704.9343427276654,35,-9,-3,186375,186359,186394,186365,186387,154.63333333333333,22,88.0,16,19,2342.0,False,False,bp,0.25806451612903225
3878,542.5101274650627,50,-7,2,186420,186394,186444,186400,186440,49.45,40,-25.0,26,24,1390.0,False,False,bp,0.25806451612903225
3879,2851.579034791701,67,3,15,186485,186444,186511,186473,186497,271.2916666666667,24,-4000.0,41,26,7760.0,False,False,bp,0.25806451612903225
3880,2677.223463414738,65,4,-15,186536,186511,186576,186524,186557,210.375,33,-2761.0,25,40,6069.0,True,True,bp,0.25806451612903225
3881,2855.2671909973797,68,19,-8,186606,186576,186644,186594,186620,244.63690476190484,26,-3588.0,30,38,5503.0,True,True,bp,0.25806451612903225
3882,2178.765116609005,72,3,-12,186674,186644,186716,186665,186698,199.2083333333333,33,-2996.0,30,42,4156.0,True,True,bp,0.25806451612903225
3883,2229.570610901877,61,8,9,186751,186716,186777,186734,186759,207.6397058823529,25,-2921.0,35,26,4921.0,True,True,bp,0.25806451612903225
3884,1980.601435722539,62,-11,12,186814,186777,186839,186792,186825,188.1136363636364,33,-3546.0,37,25,5352.0,True,True,bp,0.25806451612903225
3885,1165.0649710678406,54,-25,8,186870,186839,186893,186847,186886,72.95516304347825,39,-1006.0,31,23,2880.0,True,True,bp,0.25806451612903225
3886,753.1421997998287,67,-17,-19,186917,186893,186960,186900,186941,69.98651960784314,41,-1016.0,24,43,2566.0,True,True,bp,0.25806451612903225
3887,1179.456163789388,62,8,-22,186980,186960,187022,186965,186993,129.53333333333333,28,-1675.0,20,42,3556.0,True,True,bp,0.25806451612903225
3888,2130.1068135573746,39,15,-11,187036,187022,187061,187029,187048,274.8154761904762,19,-2316.0,14,25,5631.0,True,False,bp,0.25806451612903225
3889,3953.7857918654054,66,17,6,187097,187061,187127,187082,187108,338.6636363636364,26,-4787.0,36,30,8895.0,True,False,bp,0.25806451612903225
3890,3401.3985801741746,66,13,10,187165,187127,187193,187151,187177,277.3988095238095,26,-3826.0,38,28,6489.0,False,False,bp,0.25806451612903225
3891,1668.4183926416931,80,16,6,187236,187193,187273,187216,187242,193.175,26,-515.0,43,37,4379.0,False,False,bp,0.25806451612903225
3892,3095.0359301905482,71,-10,-21,187298,187273,187344,187284,187322,239.87202380952382,38,-4251.0,25,46,8645.0,True,True,bp,0.25806451612903225
3893,1986.7642749966187,36,26,8,187366,187344,187380,187350,187370,112.84375,20,-86.0,22,14,1181.0,False,False,bp,0.25806451612903225
3894,1275.7585673001606,80,17,32,187436,187380,187460,187416,187443,165.32857142857142,27,-2995.0,56,24,3546.0,False,False,bp,0.25806451612903225
3895,1120.6272522872405,78,-14,34,187516,187460,187538,187487,187523,168.9384236453202,36,-3812.0,56,22,3961.0,False,False,bp,0.25806451612903225
3896,995.316141330938,45,26,-25,187548,187538,187583,187545,187565,172.52941176470588,20,-1005.0,10,35,5312.0,False,False,bp,0.25806451612903225
3897,404.3568229585192,48,33,24,187619,187583,187631,187611,187619,,8,1133.0,36,12,131.0,False,False,bp,0.25806451612903225
3898,1557.4800995529486,81,8,-5,187669,187631,187712,187660,187690,251.56349206349205,30,-4516.0,38,43,6034.0,False,False,bp,0.25806451612903225
3899,1980.6419772596414,67,3,-19,187736,187712,187779,187728,187756,192.25,28,-2804.0,24,43,4224.0,True,True,bp,0.25806451612903225
3900,673.4845416350627,61,-32,19,187819,187779,187840,187787,187832,55.450721153846146,45,-828.0,40,21,2128.0,True,False,bp,0.25806451612903225
3901,971.3108017707692,53,27,-29,187852,187840,187893,187845,187865,175.2802197802198,20,-1713.0,12,41,3311.0,True,False,bp,0.25806451612903225
3902,765.3130265130001,61,-11,25,187936,187893,187954,187912,187943,84.86011904761905,31,-1350.0,43,18,1780.0,True,False,bp,0.25806451612903225
3903,694.9381683162044,44,-11,20,187986,187954,187998,187963,187990,107.13043478260867,27,-2968.0,32,12,1259.0,False,False,bp,0.25806451612903225
3904,170.17880867009438,35,3,-1,188015,187998,188033,188006,188025,37.15,19,-2672.0,17,18,1017.0,True,True,bp,0.25806451612903225
3905,494.1004862201246,45,23,-7,188052,188033,188078,188047,188063,192.96363636363637,16,-3320.0,19,26,2618.0,True,True,bp,0.25806451612903225
3906,453.28262656918366,49,26,21,188113,188078,188127,188102,188120,143.59740259740258,18,-3431.0,35,14,2321.0,True,True,bp,0.25806451612903225
3907,760.5237192778702,62,9,20,188168,188127,188189,188164,188175,292.4642857142857,11,-3893.0,41,21,2925.0,True,False,bp,0.25806451612903225
3908,505.1346924818194,37,-5,-7,188204,188189,188226,188195,188214,95.91111111111113,19,-3456.0,15,22,1273.0,True,False,bp,0.25806451612903225
3909,531.0598593975188,51,16,-39,188232,188226,188277,188228,188253,177.64880952380955,25,-3807.0,6,45,2425.0,True,False,bp,0.25806451612903225
3910,744.1822012650347,44,-4,18,188308,188277,188321,188294,188315,103.21428571428572,21,-4696.0,31,13,1619.0,False,False,bp,0.25806451612903225
3911,246.3552387236412,40,-18,-4,188339,188321,188361,188332,188357,88.6825396825397,25,-4729.0,18,22,1994.0,True,True,bp,0.25806451612903225
3912,256.10811318608245,50,-18,-2,188385,188361,188411,188364,188400,62.01428571428572,36,-4479.0,24,26,1774.0,True,True,bp,0.25806451612903225
3913,596.0738509514282,49,2,-19,188426,188411,188460,188418,188440,87.04464285714286,22,-4297.0,15,34,3569.0,False,False,bp,0.25806451612903225
3914,222.4668790374961,33,4,-15,188469,188460,188493,188464,188478,157.5888888888889,14,-2119.0,9,24,2643.0,False,False,bp,0.25806451612903225
3915,250.9838456270264,51,-6,-29,188504,188493,188544,188496,188525,101.19940476190477,29,-1636.0,11,40,1831.0,True,True,bp,0.25806451612903225
3916,212.00369179145767,51,5,-15,188562,188544,188595,188548,188579,67.75420168067227,31,-1597.0,18,33,1952.0,True,True,bp,0.25806451612903225
3917,236.8723720418904,33,12,13,188618,188595,188628,188615,188623,213.96666666666667,8,-762.0,23,10,2151.0,True,False,bp,0.25806451612903225
3918,770.2632879027843,71,22,-21,188653,188628,188699,188643,188671,113.83333333333334,28,-841.0,25,46,3624.0,False,False,bp,0.25806451612903225
3919,797.8053180226958,46,1,28,188736,188699,188745,188721,188741,111.5,20,1110.0,37,9,1984.0,False,False,bp,0.25806451612903225
3920,666.8409958566216,37,6,13,188770,188745,188782,188762,188776,182.29166666666669,14,738.0,25,12,2326.0,True,True,bp,0.25806451612903225
3921,484.1914469148188,72,10,26,190421,190372,190444,190401,190427,132.30833333333334,26,-1085.0,49,23,2536.0,True,False,bp,-1.2545454545454546
3922,1650.2256359942028,69,26,-7,190475,190444,190513,190463,190488,155.62820512820514,25,-1354.0,31,38,4945.0,True,False,bp,-1.2545454545454546
3923,1755.0530403630949,81,2,29,190568,190513,190594,190539,190573,267.8551724137931,34,-1808.0,55,26,5326.0,False,False,bp,-1.2545454545454546
3924,579.9152964801557,68,-13,16,190636,190594,190662,190609,190649,36.38319088319089,40,1301.0,42,26,1357.0,False,False,bp,-1.2545454545454546
3925,1949.9600763714707,82,7,-34,190686,190662,190744,190676,190710,214.14166666666665,34,-2589.0,24,58,7274.0,False,False,bp,-1.2545454545454546
3926,3221.6429655216875,67,-3,-15,190770,190744,190811,190751,190789,202.63157894736844,38,-1805.0,26,41,8576.0,True,True,bp,-1.2545454545454546
3927,5379.763532856595,61,32,-7,190838,190811,190872,190824,190849,402.90259740259734,25,-4439.0,27,34,9260.0,True,True,bp,-1.2545454545454546
3928,2359.527273645448,89,10,19,190926,190872,190961,190906,190940,218.6892857142857,34,-3679.0,54,35,7163.0,True,True,bp,-1.2545454545454546
3929,1221.6819110372828,83,-26,-7,190999,190961,191044,190984,191033,93.69607843137257,49,-257.0,38,45,2915.0,True,True,bp,-1.2545454545454546
3930,1106.2274859162674,51,-7,1,191070,191044,191095,191056,191089,102.40789473684212,33,-664.0,26,25,2577.0,True,True,bp,-1.2545454545454546
3931,816.1803316222232,60,18,14,191132,191095,191155,191115,191140,102.95220588235294,25,-700.0,37,23,2125.0,True,True,bp,-1.2545454545454546
3932,701.1886261429474,89,-2,-25,191187,191155,191244,191183,191219,154.421875,36,-520.0,32,57,3742.0,True,True,bp,-1.2545454545454546
3933,1172.7572264884254,35,-1,17,191270,191244,191279,191253,191275,143.51764705882354,22,-739.0,26,9,1639.0,False,False,bp,-1.2545454545454546
3934,405.368575275449,98,12,-46,191305,191279,191377,191296,191337,68.44097222222223,41,-394.0,26,72,3582.0,False,False,bp,-1.2545454545454546
3935,1063.4583136476288,51,5,1,191403,191377,191428,191390,191415,121.01602564102564,25,1581.0,26,25,3208.0,False,False,bp,-1.2545454545454546
3936,1825.2264854395034,83,-14,1,191470,191428,191511,191445,191493,129.42347826086956,48,-541.0,42,41,6419.0,True,True,bp,-1.2545454545454546
3937,3355.468333084648,67,2,9,191549,191511,191578,191527,191560,259.27272727272725,33,-2722.0,38,29,7929.0,False,False,bp,-1.2545454545454546
3938,736.0289885655212,89,-8,-39,191603,191578,191667,191595,191640,108.27702702702706,45,2149.0,25,64,1764.0,False,False,bp,-1.2545454545454546
3939,692.9341008113316,28,19,10,191686,191667,191695,191677,191690,163.41666666666669,13,1435.0,19,9,1961.0,False,False,bp,-1.2545454545454546
3940,566.1984702567428,100,31,16,191753,191695,191795,191722,191758,142.18709677419355,36,-1419.0,58,42,2273.0,False,False,bp,-1.2545454545454546
3941,923.1836252262424,65,-4,17,191836,191795,191860,191825,191847,112.04545454545456,22,-2140.0,41,24,2590.0,True,False,bp,-1.2545454545454546
3942,256.3220588979754,35,17,-17,191869,191860,191895,191865,191876,194.73214285714286,11,-1204.0,9,26,2991.0,True,False,bp,-1.2545454545454546
3943,956.2102284474868,34,8,6,191915,191895,191929,191904,191923,118.2215909090909,19,-576.0,20,14,2033.0,True,True,bp,-1.2545454545454546
3944,494.04080815460816,48,22,32,191969,191929,191977,191950,191972,107.00877192982456,22,-782.0,40,8,997.0,False,False,bp,-1.2545454545454546
3945,492.4838768450941,100,-1,18,192036,191977,192077,192016,192049,100.70384615384614,33,-3594.0,59,41,2915.0,False,False,bp,-1.2545454545454546
3946,155.32581976383096,34,7,-14,192087,192077,192111,192081,192098,122.33333333333331,17,-2165.0,10,24,1772.0,True,False,bp,-1.2545454545454546
3947,367.8802884456568,67,3,-17,192136,192111,192178,192122,192164,59.25,42,-3003.0,25,42,1960.0,True,False,bp,-1.2545454545454546
3948,359.2908942642424,83,-28,31,192235,192178,192261,192209,192250,39.885897435897434,41,-3617.0,57,26,1369.0,True,False,bp,-1.2545454545454546
3949,352.19723739912513,32,6,0,192277,192261,192293,192263,192287,78.46428571428572,24,-4326.0,16,16,1270.0,False,False,bp,-1.2545454545454546
3950,820.7394547385775,69,1,7,192331,192293,192362,192317,192340,152.2579365079365,23,-5712.0,38,31,3645.0,False,False,bp,-1.2545454545454546
3951,284.3839873199702,33,25,-15,192371,192362,192395,192364,192380,116.95238095238096,16,-3563.0,9,24,1932.0,False,False,bp,-1.2545454545454546
3952,374.0856100565944,64,-1,18,192436,192395,192459,192421,192448,93.65,27,-3886.0,41,23,2187.0,True,False,bp,-1.2545454545454546
3953,196.727438257191,86,3,-30,192487,192459,192545,192474,192518,64.01240694789081,44,-3766.0,28,58,2813.0,True,False,bp,-1.2545454545454546
3954,345.7003926730505,79,-12,9,192589,192545,192624,192565,192604,45.51666666666666,39,-2466.0,44,35,2320.0,False,False,bp,-1.2545454545454546
3955,613.4051027893684,34,-9,-10,192636,192624,192658,192631,192653,78.83529411764707,22,-917.0,12,22,2866.0,False,False,bp,-1.2545454545454546
3956,603.1345225211824,48,-24,30,192697,192658,192706,192666,192703,51.22849462365591,37,-580.0,39,9,1228.0,False,False,bp,-1.2545454545454546
3957,850.9547996638414,105,-16,15,190470,190410,190515,190432,190488,100.4634502923977,56,-2068.0,60,45,5453.0,True,True,bp,-1.2545454545454546
3958,2278.984415450405,63,7,-21,190536,190515,190578,190528,190560,260.4791666666667,32,-1993.0,21,42,7124.0,True,True,bp,-1.2545454545454546
3959,1878.6540823388445,67,0,15,190619,190578,190645,190599,190631,130.89166666666668,32,973.0,41,26,3803.0,True,True,bp,-1.2545454545454546
3960,1307.5344472487013,82,-14,10,190691,190645,190727,190663,190708,106.93067226890757,45,78.0,46,36,4328.0,True,True,bp,-1.2545454545454546
3961,953.991582271232,78,-33,-28,190752,190727,190805,190739,190793,109.6378986866792,54,-56.0,25,53,3274.0,True,True,bp,-1.2545454545454546
3962,1152.9123227091022,72,11,-10,190836,190805,190877,190814,190850,73.61363636363636,36,787.0,31,41,2490.0,True,True,bp,-1.2545454545454546
3963,1403.9091941075535,66,10,-14,190903,190877,190943,190897,190921,228.58333333333331,24,-698.0,26,40,3744.0,True,True,bp,-1.2545454545454546
3964,2101.6507454823677,51,8,-1,190968,190943,190994,190955,190976,255.5769230769231,21,-1842.0,25,26,5323.0,False,False,bp,-1.2545454545454546
3965,1048.5196249710164,50,-8,2,191020,190994,191044,191005,191037,71.46666666666667,32,825.0,26,24,2237.0,False,False,bp,-1.2545454545454546
3966,1266.3553930455962,50,-10,4,191071,191044,191094,191061,191084,179.01538461538465,23,-1246.0,27,23,2683.0,True,True,bp,-1.2545454545454546
3967,384.7115155314241,32,-3,-14,191103,191094,191126,191097,191117,148.22619047619048,20,-776.0,9,23,2724.0,True,True,bp,-1.2545454545454546
3968,1569.736777102077,52,-13,-8,191148,191126,191178,191134,191165,103.81512605042015,31,-686.0,22,30,3622.0,True,True,bp,-1.2545454545454546
3969,248.2943367340847,32,14,-14,191187,191178,191210,191183,191193,306.2083333333333,10,208.0,9,23,2978.0,True,False,bp,-1.2545454545454546
3970,1987.8683820705228,57,-10,-3,191237,191210,191267,191217,191253,129.56875,36,-1130.0,27,30,4489.0,True,False,bp,-1.2545454545454546
3971,2431.573172728249,65,21,-25,191287,191267,191332,191279,191306,289.60526315789474,27,-2580.0,20,45,6149.0,False,False,bp,-1.2545454545454546
3972,544.0274949339126,79,-19,31,191387,191332,191411,191354,191393,63.97727272727273,39,1162.0,55,24,1702.0,False,False,bp,-1.2545454545454546
3973,346.2593860711612,16,18,0,191419,191411,191427,191413,191423,126.875,10,2108.0,8,8,1451.0,False,False,bp,-1.2545454545454546
3974,1058.42582286915,95,16,-9,191470,191427,191522,191451,191491,95.05513784461151,40,382.0,43,52,3587.0,False,False,bp,-1.2545454545454546
3975,1248.7733586576069,72,-12,24,191570,191522,191594,191547,191580,157.37608695652173,33,207.0,48,24,4633.0,True,False,bp,-1.2545454545454546
3976,1448.8473851225458,49,20,1,191619,191594,191643,191601,191624,203.75,23,1545.0,25,24,3060.0,True,True,bp,-1.2545454545454546
3977,1558.0710205029486,68,16,8,191681,191643,191711,191667,191690,191.6309523809524,23,-910.0,38,30,3702.0,True,True,bp,-1.2545454545454546
3978,1566.681731131803,52,-9,0,191737,191711,191763,191729,191757,166.0,28,-789.0,26,26,3864.0,True,True,bp,-1.2545454545454546
3979,566.578999135183,32,3,6,191782,191763,191795,191776,191791,152.5,15,380.0,19,13,1457.0,True,True,bp,-1.2545454545454546
3980,407.70433102860113,46,-20,4,191820,191795,191841,191809,191838,41.108585858585855,29,21.0,25,21,1419.0,True,True,bp,-1.2545454545454546
3981,594.2603603162165,58,7,-34,191853,191841,191899,191847,191871,120.86111111111113,24,-414.0,12,46,2464.0,True,False,bp,-1.2545454545454546
3982,642.2340248315155,31,-11,1,191915,191899,191930,191902,191923,107.28846153846158,21,-29.0,16,15,1871.0,True,False,bp,-1.2545454545454546
3983,240.46816741911502,31,-15,-5,191943,191930,191961,191933,191958,44.66666666666666,25,821.0,13,18,837.0,False,False,bp,-1.2545454545454546
3984,720.4254909505174,65,-34,11,191999,191961,192026,191968,192015,75.70161290322581,47,-2217.0,38,27,1390.0,False,False,bp,-1.2545454545454546
3985,417.76396340745765,32,-12,-12,192036,192026,192058,192028,192054,77.08333333333333,26,-2213.0,10,22,1668.0,True,True,bp,-1.2545454545454546
3986,864.6083960680897,36,-3,0,192076,192058,192094,192068,192089,107.3028846153846,21,-2676.0,18,18,2550.0,True,True,bp,-1.2545454545454546
3987,274.37997108675427,32,7,20,192120,192094,192126,192107,192123,148.75641025641025,16,-2270.0,26,6,1253.0,True,True,bp,-1.2545454545454546
3988,651.6428280502365,50,19,4,192153,192126,192176,192146,192164,167.27922077922082,18,-3234.0,27,23,2095.0,True,False,bp,-1.2545454545454546
3989,312.06466766295614,69,-1,-1,192210,192176,192245,192201,192227,63.18627450980392,26,-3066.0,34,35,2039.0,True,True,bp,-1.2545454545454546
3990,1152.747740693035,49,8,1,192270,192245,192294,192252,192278,132.51388888888889,26,-4076.0,25,24,2838.0,True,True,bp,-1.2545454545454546
3991,1434.1633778019159,62,11,-8,192321,192294,192356,192312,192337,194.59722222222226,25,-5599.0,27,35,4066.0,False,False,bp,-1.2545454545454546
3992,719.3831529831119,60,-6,-10,192381,192356,192416,192373,192403,78.4375,30,-3234.0,25,35,2846.0,False,False,bp,-1.2545454545454546
3993,913.1473147975827,46,2,6,192442,192416,192462,192427,192455,119.18461538461538,28,-3085.0,26,20,3090.0,True,True,bp,-1.2545454545454546
3994,247.00754463840155,60,6,22,192503,192462,192522,192485,192505,164.55555555555554,20,-1995.0,41,19,1265.0,True,False,bp,-1.2545454545454546
3995,317.3142731655226,39,5,-11,192536,192522,192561,192531,192546,140.55,15,-2192.0,14,25,1877.0,True,False,bp,-1.2545454545454546
3996,226.3335364578487,83,-15,-65,192570,192561,192644,192566,192616,154.80978260869566,50,-2069.0,9,74,2562.0,True,False,bp,-1.2545454545454546
3997,545.8283824218613,51,-12,-3,192668,192644,192695,192651,192681,69.28054298642535,30,-1221.0,24,27,2093.0,True,False,bp,-1.2545454545454546
3998,708.579544247014,65,33,-19,194203,194180,194245,194199,194211,194.375,12,1366.0,23,42,3480.0,False,False,bp,-2.830508474576271
3999,367.56654641195325,67,3,-19,194269,194245,194312,194256,194291,45.10489510489511,35,3678.0,24,43,2278.0,False,False,bp,-2.830508474576271
4000,836.3854160389957,66,1,16,194353,194312,194378,194329,194362,84.54166666666667,33,3097.0,41,25,993.0,False,False,bp,-2.830508474576271
4001,1190.0056757987554,84,11,-32,194404,194378,194462,194396,194435,158.32056451612902,39,144.0,26,58,3995.0,False,False,bp,-2.830508474576271
4002,948.7867407151821,82,5,10,194508,194462,194544,194485,194521,97.938127090301,36,1200.0,46,36,3507.0,True,True,bp,-2.830508474576271
4003,2577.529537878189,51,44,3,194571,194544,194595,194562,194588,263.359477124183,26,-1666.0,27,24,5110.0,True,False,bp,-2.830508474576271
4004,3374.074142230102,104,-4,50,194672,194595,194699,194658,194685,327.18406593406587,27,-6384.0,77,27,7755.0,True,False,bp,-2.830508474576271
4005,2843.471753110742,62,24,-20,194720,194699,194761,194708,194731,279.8257575757576,23,-4134.0,21,41,7364.0,True,False,bp,-2.830508474576271
4006,1516.365284989307,67,-7,11,194800,194761,194828,194778,194814,119.65259740259741,36,-2131.0,39,28,2348.0,False,False,bp,-2.830508474576271
4007,1702.0723822627995,67,10,-15,194854,194828,194895,194843,194873,169.3373205741627,30,-4502.0,26,41,4696.0,False,False,bp,-2.830508474576271
4008,2242.0213266214473,51,22,5,194923,194895,194946,194913,194938,170.56666666666666,25,-3469.0,28,23,5472.0,True,False,bp,-2.830508474576271
4009,1218.1813484087568,132,16,16,195020,194946,195078,194985,195035,179.88095238095238,50,-6630.0,74,58,7197.0,True,False,bp,-2.830508474576271
4010,1596.4282453622595,66,-9,18,195120,195078,195144,195101,195132,158.71052631578948,31,-3960.0,42,24,4828.0,False,False,bp,-2.830508474576271
4011,982.8676052680856,51,-5,1,195170,195144,195195,195154,195187,62.90625,33,-1327.0,26,25,2565.0,False,False,bp,-2.830508474576271
4012,1360.128987163118,50,-9,20,195230,195195,195245,195215,195237,135.8047619047619,22,-1861.0,35,15,2961.0,True,False,bp,-2.830508474576271
4013,427.1907065201469,29,11,-3,195258,195245,195274,195250,195266,119.75,16,-564.0,13,16,2548.0,False,False,bp,-2.830508474576271
4014,2343.8934323040994,54,13,4,195303,195274,195328,195293,195314,246.5590909090909,21,-3225.0,29,25,5319.0,False,False,bp,-2.830508474576271
4015,771.9699460924445,67,-3,17,195370,195328,195395,195348,195382,80.58333333333333,34,221.0,42,25,4003.0,False,False,bp,-2.830508474576271
4016,2755.1841945365773,50,10,0,195420,195395,195445,195413,195433,310.52747252747247,20,-1476.0,25,25,5825.0,True,True,bp,-2.830508474576271
4017,1569.5246208402357,67,8,-17,195470,195445,195512,195463,195489,250.67669172932327,26,-795.0,25,42,3100.0,False,False,bp,-2.830508474576271
4018,262.4919160669123,48,-6,2,195537,195512,195560,195523,195547,35.628571428571426,24,1265.0,25,23,1690.0,False,False,bp,-2.830508474576271
4019,113.01451341320505,19,10,1,195570,195560,195579,195565,195575,170.3,10,1278.0,10,9,1404.0,True,False,bp,-2.830508474576271
4020,409.5674562292122,63,7,-7,195607,195579,195642,195595,195618,75.57575757575758,23,1060.0,28,35,1076.0,False,False,bp,-2.830508474576271
4021,1156.1794374219035,48,2,6,195669,195642,195690,195648,195674,183.16190476190482,26,-987.0,27,21,2850.0,False,False,bp,-2.830508474576271
4022,1163.727884959676,54,9,8,195721,195690,195744,195702,195726,137.84736842105264,24,-657.0,31,23,2134.0,True,True,bp,-2.830508474576271
4023,797.9284264627146,67,-7,19,195787,195744,195811,195759,195791,161.19642857142856,32,-2413.0,43,24,2678.0,True,True,bp,-2.830508474576271
4024,494.0324886757555,33,-9,19,195837,195811,195844,195816,195840,118.85714285714286,24,-1957.0,26,7,1099.0,False,False,bp,-2.830508474576271
4025,461.17174638852333,34,1,18,195870,195844,195878,195855,195875,68.9,20,-2428.0,26,8,1015.0,True,True,bp,-2.830508474576271
4026,483.148598774405,50,-1,0,195903,195878,195928,195896,195914,94.56493506493507,18,-2809.0,25,25,1548.0,True,True,bp,-2.830508474576271
4027,213.16410756716598,33,-16,7,195948,195928,195961,195931,195956,37.209558823529406,25,-2369.0,20,13,1022.0,True,False,bp,-2.830508474576271
4028,498.6239348415777,70,6,-52,195970,195961,196031,195965,195997,126.94074074074075,32,-3135.0,9,61,2090.0,True,False,bp,-2.830508474576271
4029,262.0213205839933,30,3,2,196047,196031,196061,196035,196052,117.65,17,-2523.0,16,14,1535.0,True,False,bp,-2.830508474576271
4030,153.21342468742387,34,-5,18,196087,196061,196095,196072,196091,82.89166666666667,19,-2056.0,26,8,1286.0,True,True,bp,-2.830508474576271
4031,358.61466845220366,50,17,2,196121,196095,196145,196105,196125,96.59375,20,-2643.0,26,24,1317.0,True,False,bp,-2.830508474576271
4032,407.6256828455727,46,3,20,196178,196145,196191,196162,196188,67.1625,26,-2302.0,33,13,1570.0,True,True,bp,-2.830508474576271
4033,602.9676314426846,71,-11,21,196237,196191,196262,196217,196255,67.12222222222222,38,-3385.0,46,25,2457.0,True,True,bp,-2.830508474576271
4034,246.86367494713755,65,-12,17,196303,196262,196327,196282,196313,45.609523809523814,31,-2814.0,41,24,849.0,False,False,bp,-2.830508474576271
4035,569.9199018582799,35,17,-13,196338,196327,196362,196332,196348,160.0,16,-4222.0,11,24,2614.0,False,False,bp,-2.830508474576271
4036,295.25335301631526,82,-23,2,196404,196362,196444,196381,196425,51.1231884057971,44,-2191.0,42,40,2654.0,False,False,bp,-2.830508474576271
4037,104.05811807898282,18,5,-6,196450,196444,196462,196446,196461,88.9090909090909,15,-719.0,6,12,230.0,False,False,bp,-2.830508474576271
4038,618.4469051631124,50,12,-2,196486,196462,196512,196481,196493,179.74285714285713,12,-2489.0,24,26,2389.0,False,False,bp,-2.830508474576271
4039,146.55804956500828,29,-3,-9,196522,196512,196541,196517,196537,96.4,20,-1298.0,10,19,1308.0,True,False,bp,-2.830508474576271
4040,309.3376535295722,37,-9,19,196569,196541,196578,196554,196574,64.66666666666667,20,-1950.0,28,9,1478.0,True,True,bp,-2.830508474576271
4041,495.62498556031824,50,1,2,196604,196578,196628,196585,196608,146.125,23,-2010.0,26,24,2326.0,True,True,bp,-2.830508474576271
4042,600.0352430306853,36,20,-16,196638,196628,196664,196632,196643,202.48333333333332,11,-2002.0,10,26,1987.0,False,False,bp,-2.830508474576271
4043,450.42477157216035,47,-8,-3,196686,196664,196711,196674,196699,80.81730769230771,25,-674.0,22,25,2535.0,False,False,bp,-2.830508474576271
4044,292.00949531736137,34,-13,-4,196726,196711,196745,196716,196739,73.50769230769231,23,-183.0,15,19,1190.0,True,True,bp,-2.830508474576271
4045,549.7911090190823,39,9,13,196771,196745,196784,196749,196776,81.76363636363638,27,-1345.0,26,13,1110.0,False,False,bp,-2.830508474576271
4046,424.80583826132255,77,7,-13,196816,196784,196861,196812,196838,167.0,26,-1928.0,32,45,2372.0,True,True,bp,-2.830508474576271
4047,1291.7329604530928,63,7,-43,194221,194211,194274,194217,194245,269.2708333333333,28,775.0,10,53,4273.0,True,True,bp,-2.830508474576271
4048,2329.1414095287496,51,8,-25,194287,194274,194325,194280,194305,241.84920634920638,25,878.0,13,38,5213.0,True,True,bp,-2.830508474576271
4049,3348.188702099823,56,2,4,194355,194325,194381,194338,194366,286.2620320855615,28,-2761.0,30,26,7110.0,True,True,bp,-2.830508474576271
4050,1343.6543604657716,65,32,-19,194404,194381,194446,194396,194419,165.33333333333334,23,724.0,23,42,3069.0,True,False,bp,-2.830508474576271
4051,850.9583467869099,67,-19,15,194487,194446,194513,194474,194506,74.56882591093118,32,1589.0,41,26,2252.0,True,False,bp,-2.830508474576271
4052,458.43169213222274,32,6,14,194536,194513,194545,194519,194539,165.72549019607843,20,1926.0,23,9,1808.0,False,False,bp,-2.830508474576271
4053,1682.9572378631533,66,-7,16,194586,194545,194611,194565,194602,118.41815476190477,37,-1129.0,41,25,3962.0,False,False,bp,-2.830508474576271
4054,2289.756152410923,73,-16,-1,194647,194611,194684,194632,194672,165.8,40,-3033.0,36,37,5994.0,True,True,bp,-2.830508474576271
4055,1945.0863513932386,61,0,11,194720,194684,194745,194696,194732,132.125,36,-1122.0,36,25,4481.0,True,True,bp,-2.830508474576271
4056,2623.707220672707,65,2,5,194780,194745,194810,194768,194792,233.875,24,-3142.0,35,30,4907.0,True,True,bp,-2.830508474576271
4057,1155.4794188053736,85,-22,-33,194836,194810,194895,194818,194871,95.01349206349207,53,-2631.0,26,59,4926.0,True,True,bp,-2.830508474576271
4058,2431.5108640908475,67,6,-29,194914,194895,194962,194902,194934,157.39166666666668,32,-2307.0,19,48,4470.0,True,True,bp,-2.830508474576271
4059,3080.088152741988,66,1,-14,194988,194962,195028,194972,195006,215.5208333333333,34,-4632.0,26,40,7848.0,True,True,bp,-2.830508474576271
4060,3071.026115435971,63,23,-11,195054,195028,195091,195041,195076,203.37587412587413,35,-3164.0,26,37,6033.0,True,True,bp,-2.830508474576271
4061,1896.0882855021607,87,5,25,195147,195091,195178,195134,195165,170.77777777777774,31,-2411.0,56,31,4138.0,True,True,bp,-2.830508474576271
4062,2027.1022630153088,82,-8,4,195221,195178,195260,195201,195237,174.4625,36,-4461.0,43,39,6421.0,True,True,bp,-2.830508474576271
4063,2119.2210059739296,58,-8,-14,195282,195260,195318,195265,195303,126.44537815126051,38,-1953.0,22,36,5536.0,True,True,bp,-2.830508474576271
4064,1013.8220943804778,77,-6,1,195357,195318,195395,195333,195371,59.50595238095239,38,-993.0,39,38,1800.0,False,False,bp,-2.830508474576271
4065,2239.3199145095473,49,4,-5,195417,195395,195444,195403,195428,236.72727272727272,25,-3849.0,22,27,6412.0,False,False,bp,-2.830508474576271
4066,1018.4968008170225,52,-17,0,195470,195444,195496,195457,195488,77.16025641025641,31,-164.0,26,26,2511.0,False,False,bp,-2.830508474576271
4067,494.8422861274559,62,-10,-14,195520,195496,195558,195502,195537,48.8562091503268,35,-1317.0,24,38,2237.0,True,True,bp,-2.830508474576271
4068,713.2041261772229,51,11,-27,195570,195558,195609,195562,195582,135.625,20,-782.0,12,39,4016.0,False,False,bp,-2.830508474576271
4069,607.6037324130909,34,-1,-10,195621,195609,195643,195613,195632,114.8125,19,690.0,12,22,848.0,False,False,bp,-2.830508474576271
4070,407.7646806678443,68,12,-46,195654,195643,195711,195650,195678,200.35416666666663,28,-1167.0,11,57,1771.0,False,False,bp,-2.830508474576271
4071,381.2297824872096,34,9,-4,195726,195711,195745,195718,195735,113.97916666666666,17,-1358.0,15,19,1596.0,False,False,bp,-2.830508474576271
4072,883.7035265792214,51,-13,25,195783,195745,195796,195761,195789,131.6439393939394,28,-3117.0,38,13,2903.0,False,False,bp,-2.830508474576271
4073,1405.7784213591206,50,-15,30,195836,195796,195846,195804,195842,170.390625,38,-4544.0,40,10,3719.0,True,True,bp,-2.830508474576271
4074,1185.799091712282,56,4,26,195887,195846,195902,195865,195897,106.84545454545454,32,-5103.0,41,15,2304.0,True,True,bp,-2.830508474576271
4075,408.7167359519543,44,1,24,195936,195902,195946,195933,195941,294.73333333333335,8,-5135.0,34,10,2435.0,False,False,bp,-2.830508474576271
4076,305.80497424661814,39,0,9,195970,195946,195985,195950,195976,48.54166666666667,26,-3911.0,24,15,1044.0,False,False,bp,-2.830508474576271
4077,247.64512636057685,43,-7,15,196014,195985,196028,196002,196021,82.73809523809524,19,-5045.0,29,14,856.0,False,False,bp,-2.830508474576271
4078,657.1566126433285,51,-24,21,196064,196028,196079,196033,196073,117.38888888888887,40,-7247.0,36,15,3513.0,False,False,bp,-2.830508474576271
4079,863.7190578112228,53,0,-1,196105,196079,196132,196089,196115,66.725,26,-4953.0,26,27,2921.0,False,False,bp,-2.830508474576271
4080,324.88707096738295,29,8,9,196151,196132,196161,196141,196154,186.11666666666667,13,-4643.0,19,10,1800.0,False,False,bp,-2.830508474576271
4081,796.652851916953,36,9,18,196188,196161,196197,196175,196193,193.98461538461535,18,-7045.0,27,9,2411.0,False,False,bp,-2.830508474576271
4082,712.0332660585817,66,-21,12,196236,196197,196263,196220,196254,86.24305555555556,34,-7610.0,39,27,3965.0,False,False,bp,-2.830508474576271
4083,140.6903830099277,32,12,-10,196274,196263,196295,196267,196281,160.42857142857144,14,-4938.0,11,21,2129.0,False,False,bp,-2.830508474576271
4084,377.53059622411024,80,-34,22,196346,196295,196375,196307,196360,36.03113553113553,53,-4632.0,51,29,874.0,False,False,bp,-2.830508474576271
4085,462.45769067678566,51,14,-35,196383,196375,196426,196379,196397,198.07142857142856,18,-5784.0,8,43,3374.0,False,False,bp,-2.830508474576271
4086,146.81375553868142,36,6,-16,196436,196426,196462,196429,196449,60.04945054945055,20,-3500.0,10,26,1784.0,False,False,bp,-2.830508474576271
4087,682.2530474099865,49,-24,1,196487,196462,196511,196475,196507,86.68333333333334,32,-3865.0,25,24,2812.0,True,True,bp,-2.830508474576271
4088,477.90859384292486,34,-13,6,196531,196511,196545,196515,196540,98.32291666666666,25,-3591.0,20,14,1737.0,False,False,bp,-2.830508474576271
4089,359.21866399821533,68,5,-6,196576,196545,196613,196552,196597,42.14880952380953,45,-2515.0,31,37,3025.0,False,False,bp,-2.830508474576271
4090,1082.780561908542,64,4,16,196653,196613,196677,196647,196661,263.02083333333337,14,-3418.0,40,24,3022.0,False,False,bp,-2.830508474576271
4091,203.4282416364124,35,19,-13,196688,196677,196712,196679,196701,67.22222222222223,22,-1438.0,11,24,2601.0,False,False,bp,-2.830508474576271
4092,441.00798041082976,100,-14,40,196782,196712,196812,196742,196790,119.1875,48,-4167.0,70,30,3075.0,False,False,bp,-2.830508474576271
4093,837.9842390718138,49,1,33,198237,198196,198245,198218,198240,134.00877192982458,22,266.0,41,8,1302.0,False,False,bp,-0.6296296296296297
4094,1908.5737722041092,67,41,-15,198271,198245,198312,198263,198279,309.5625,16,-2413.0,26,41,5596.0,False,False,bp,-0.6296296296296297
4095,2740.344254534027,83,19,3,198355,198312,198395,198336,198370,193.13333333333333,34,-2501.0,43,40,7258.0,True,True,bp,-0.6296296296296297
4096,5052.151661903245,100,43,-26,198432,198395,198495,198423,198444,550.3472222222222,21,-6679.0,37,63,10235.0,True,True,bp,-0.6296296296296297
4097,3034.508761615822,67,14,-15,198521,198495,198562,198508,198538,227.67647058823533,30,-3514.0,26,41,6064.0,True,True,bp,-0.6296296296296297
4098,3662.3033495070454,66,31,6,198598,198562,198628,198582,198609,282.78125,27,-3837.0,36,30,8116.0,True,True,bp,-0.6296296296296297
4099,4077.287034933361,84,19,16,198678,198628,198712,198667,198692,334.0681818181818,25,-4223.0,50,34,7567.0,True,True,bp,-0.6296296296296297
4100,2117.2408793228533,100,32,-16,198754,198712,198812,198736,198761,200.6706349206349,25,-1928.0,42,58,3984.0,True,False,bp,-0.6296296296296297
4101,1424.752855324311,50,3,-6,198834,198812,198862,198818,198842,149.21875,24,-299.0,22,28,3784.0,True,False,bp,-0.6296296296296297
4102,368.589106985314,33,-3,5,198881,198862,198895,198869,198892,60.91666666666666,23,1382.0,19,14,666.0,False,False,bp,-0.6296296296296297
4103,2479.013970907379,51,22,1,198921,198895,198946,198912,198936,262.1777777777778,24,-3696.0,26,25,5263.0,False,False,bp,-0.6296296296296297
4104,2122.2952416923504,100,28,-8,198992,198946,199046,198982,199015,222.51304347826087,33,-4433.0,46,54,6638.0,True,False,bp,-0.6296296296296297
4105,1777.4739517994824,100,28,-16,199088,199046,199146,199076,199110,190.15151515151518,34,-4103.0,42,58,5788.0,True,False,bp,-0.6296296296296297
4106,1518.8965261347,50,24,32,199187,199146,199196,199172,199191,224.85833333333332,19,-2373.0,41,9,2828.0,True,False,bp,-0.6296296296296297
4107,1075.2144103155954,96,-2,20,199254,199196,199292,199234,199269,101.4,35,-2301.0,58,38,3953.0,True,False,bp,-0.6296296296296297
4108,1172.1644681957291,70,-3,-14,199320,199292,199362,199302,199342,85.97727272727272,40,-1833.0,28,42,3258.0,True,True,bp,-0.6296296296296297
4109,1144.263100718233,51,-1,-1,199387,199362,199413,199379,199407,142.8125,28,-1746.0,25,26,2894.0,True,True,bp,-0.6296296296296297
4110,353.07618050677735,81,-34,35,199471,199413,199494,199434,199489,30.930180180180177,55,-977.0,58,23,1459.0,True,False,bp,-0.6296296296296297
4111,309.920177695978,51,11,3,199521,199494,199545,199510,199531,94.86818181818182,21,-1367.0,27,24,1133.0,True,True,bp,-0.6296296296296297
4112,503.9064830663324,50,-2,0,199570,199545,199595,199563,199582,130.9345238095238,19,-2213.0,25,25,2266.0,True,True,bp,-0.6296296296296297
4113,238.90243442343757,50,20,-30,199605,199595,199645,199599,199626,91.70238095238096,27,-1422.0,10,40,1466.0,False,False,bp,-0.6296296296296297
4114,607.3812294517284,85,13,-1,199687,199645,199730,199673,199707,94.23571428571431,34,-3401.0,42,43,2299.0,False,False,bp,-0.6296296296296297
4115,541.1851201489319,49,-3,21,199765,199730,199779,199754,199774,69.53030303030303,20,-4358.0,35,14,2344.0,True,False,bp,-0.6296296296296297
4116,548.9440477188754,53,27,-5,199803,199779,199832,199791,199818,96.00833333333333,27,-4697.0,24,29,2885.0,True,False,bp,-0.6296296296296297
4117,665.3363417865153,120,22,24,199904,199832,199952,199872,199916,118.328125,44,-4869.0,72,48,3897.0,True,False,bp,-0.6296296296296297
4118,300.759047478311,61,-11,41,200003,199952,200013,199982,200006,123.35714285714286,24,-4129.0,51,10,1517.0,False,False,bp,-0.6296296296296297
4119,224.48548399497952,29,9,15,200035,200013,200042,200019,200037,161.65625,18,-5295.0,22,7,1316.0,False,False,bp,-0.6296296296296297
4120,471.1150691581191,52,-9,28,200082,200042,200094,200064,200085,235.69444444444446,21,-6475.0,40,12,2690.0,False,False,bp,-0.6296296296296297
4121,273.4914837697618,51,7,-33,200103,200094,200145,200097,200121,105.55555555555556,24,-5098.0,9,42,3337.0,False,False,bp,-0.6296296296296297
4122,777.0974518070026,50,7,-24,200158,200145,200195,200152,200172,118.46428571428572,20,-3172.0,13,37,3371.0,False,False,bp,-0.6296296296296297
4123,1155.9150538879733,50,4,-32,200204,200195,200245,200199,200223,180.03684210526313,24,-2153.0,9,41,4381.0,True,True,bp,-0.6296296296296297
4124,805.6547550790649,33,22,-13,200255,200245,200278,200251,200268,201.5480769230769,17,-386.0,10,23,1794.0,False,False,bp,-0.6296296296296297
4125,429.52943785167605,101,-4,17,200337,200278,200379,200307,200364,76.92222222222222,57,-3384.0,59,42,3183.0,False,False,bp,-0.6296296296296297
4126,684.3197261208616,83,1,1,200421,200379,200462,200417,200441,240.475,24,-3039.0,42,41,2327.0,True,False,bp,-0.6296296296296297
4127,590.4848137601625,67,-20,17,198238,198196,198263,198203,198249,76.91948051948052,46,1749.0,42,25,2404.0,True,False,bp,-0.6296296296296297
4128,278.68633749499617,32,-5,10,198284,198263,198295,198275,198290,149.88888888888889,15,2262.0,21,11,3085.0,True,False,bp,-0.6296296296296297
4129,722.8726786438077,39,-5,11,198320,198295,198334,198300,198324,161.025,24,2446.0,25,14,1980.0,True,True,bp,-0.6296296296296297
4130,470.68897937012935,61,0,-31,198349,198334,198395,198343,198373,70.91666666666667,30,3193.0,15,46,1673.0,False,False,bp,-0.6296296296296297
4131,1197.7239166868465,68,-6,-18,198420,198395,198463,198403,198439,110.030959752322,36,1127.0,25,43,3829.0,False,False,bp,-0.6296296296296297
4132,1143.0722000811058,49,2,-11,198482,198463,198512,198469,198498,95.9783653846154,29,1931.0,19,30,2446.0,True,True,bp,-0.6296296296296297
4133,1400.5436291696094,50,11,2,198538,198512,198562,198529,198551,164.0897435897436,22,633.0,26,24,3009.0,True,True,bp,-0.6296296296296297
4134,1085.1383432452851,51,21,11,198593,198562,198613,198584,198606,104.05982905982907,22,1247.0,31,20,1732.0,True,True,bp,-0.6296296296296297
4135,1680.9785017313638,82,-4,12,198660,198613,198695,198649,198677,146.47326203208556,28,236.0,47,35,5435.0,True,True,bp,-0.6296296296296297
4136,760.5166056460585,32,9,-6,198708,198695,198727,198701,198716,171.15178571428572,15,2611.0,13,19,932.0,False,False,bp,-0.6296296296296297
4137,1995.266829354548,52,28,2,198754,198727,198779,198740,198762,218.92857142857144,22,-581.0,27,25,4796.0,False,False,bp,-0.6296296296296297
4138,2391.347087605911,69,4,15,198821,198779,198848,198812,198837,237.00694444444446,25,-1456.0,42,27,5305.0,True,True,bp,-0.6296296296296297
4139,700.2166710648728,47,2,25,198884,198848,198895,198866,198889,110.24444444444444,23,1171.0,36,11,2232.0,True,False,bp,-0.6296296296296297
4140,1574.5916332289014,51,19,1,198921,198895,198946,198914,198938,208.96218487394958,24,-490.0,26,25,4272.0,True,False,bp,-0.6296296296296297
4141,1408.6360821292374,83,-13,39,199007,198946,199029,198981,199021,116.9010989010989,40,-1312.0,61,22,4205.0,True,False,bp,-0.6296296296296297
4142,1312.3603741192724,65,-10,-13,199055,199029,199094,199048,199080,176.3114285714286,32,-1030.0,26,39,3302.0,True,True,bp,-0.6296296296296297
4143,858.9661193326674,50,10,4,199121,199094,199144,199102,199125,149.32894736842104,23,-637.0,27,23,2330.0,True,False,bp,-0.6296296296296297
4144,560.6550853610266,85,23,-33,199170,199144,199229,199158,199192,102.08333333333331,34,-1613.0,26,59,3281.0,True,False,bp,-0.6296296296296297
4145,1469.6941682535698,67,7,-17,199254,199229,199296,199249,199273,193.66315789473686,24,-1118.0,25,42,4050.0,True,True,bp,-0.6296296296296297
4146,806.0251799844733,67,-33,15,199337,199296,199363,199304,199355,75.29797979797979,51,-892.0,41,26,3675.0,False,False,bp,-0.6296296296296297
4147,372.91067347173373,44,0,4,199387,199363,199407,199373,199396,27.702380952380953,23,1675.0,24,20,107.0,False,False,bp,-0.6296296296296297
4148,416.46498933023696,38,29,10,199431,199407,199445,199419,199437,59.04166666666667,18,1099.0,24,14,1239.0,False,False,bp,-0.6296296296296297
4149,323.058313196683,67,8,43,199500,199445,199512,199484,199505,88.78125,21,526.0,55,12,1771.0,False,False,bp,-0.6296296296296297
4150,1029.6923435804918,73,13,11,199554,199512,199585,199534,199560,141.11666666666667,26,-1393.0,42,31,2815.0,False,False,bp,-0.6296296296296297
4151,342.9080768272726,77,0,-39,199604,199585,199662,199599,199642,156.7684210526316,43,-958.0,19,58,2749.0,True,False,bp,-0.6296296296296297
4152,627.0819349753461,83,-27,1,199704,199662,199745,199685,199738,87.6702786377709,53,-2295.0,42,41,4412.0,True,True,bp,-0.6296296296296297
4153,673.7201183231714,51,-9,35,199788,199745,199796,199764,199791,140.9375,27,-624.0,43,8,2087.0,True,False,bp,-0.6296296296296297
4154,476.8792316759635,63,-19,-15,199820,199796,199859,199809,199849,63.91379310344828,40,-592.0,24,39,1986.0,True,False,bp,-0.6296296296296297
4155,461.63427903288164,69,-34,47,199917,199859,199928,199870,199923,98.4308510638298,53,-1784.0,58,11,2189.0,True,False,bp,-0.6296296296296297
4156,841.9197282413942,50,-6,2,199954,199928,199978,199942,199969,79.875,27,-1795.0,26,24,2337.0,True,True,bp,-0.6296296296296297
4157,393.04749545043114,34,3,20,200005,199978,200012,199990,200009,104.1,19,-1182.0,27,7,1558.0,False,False,bp,-0.6296296296296297
4158,506.8647599449485,45,6,5,200037,200012,200057,200031,200046,287.9166666666667,15,-3936.0,25,20,1111.0,False,False,bp,-0.6296296296296297
4159,577.8132147548498,88,24,-62,200070,200057,200145,200067,200098,238.3392857142857,31,-5103.0,13,75,5048.0,False,False,bp,-0.6296296296296297
4160,311.23249731791594,67,7,-41,200158,200145,200212,200153,200189,152.92258064516128,36,-2206.0,13,54,4006.0,False,False,bp,-0.6296296296296297
4161,211.4617734840715,54,13,32,200255,200212,200266,200232,200260,116.33478260869566,28,-239.0,43,11,2171.0,True,False,bp,-0.6296296296296297
4162,227.9842968141906,79,9,-3,200304,200266,200345,200301,200322,313.91666666666663,21,-1405.0,38,41,2202.0,True,True,bp,-0.6296296296296297
4163,539.8033527981448,55,5,-13,200366,200345,200400,200352,200382,49.91964285714285,30,-1129.0,21,34,1361.0,True,True,bp,-0.6296296296296297
4164,463.00626429749815,44,20,2,200423,200400,200444,200417,200430,133.52380952380952,13,-1985.0,23,21,935.0,False,False,bp,-0.6296296296296297
4165,918.65650837336,50,-26,-2,206404,206380,206430,206385,206422,71.27192982456141,37,-347.0,24,26,2905.0,False,False,bp,-2.707692307692308
4166,701.2113592603622,50,-12,-30,206440,206430,206480,206433,206466,83.35989010989009,33,1391.0,10,40,3588.0,False,False,bp,-2.707692307692308
4167,1105.5407437560373,49,0,-1,206504,206480,206529,206487,206509,146.22352941176467,22,1860.0,24,25,2001.0,True,False,bp,-2.707692307692308
4168,379.43065710369024,34,16,-16,206538,206529,206563,206531,206549,87.35714285714286,18,2160.0,9,25,826.0,False,False,bp,-2.707692307692308
4169,1392.6137650767307,72,-14,10,206604,206563,206635,206583,206623,107.04761904761904,40,-1346.0,41,31,4599.0,False,False,bp,-2.707692307692308
4170,2410.946962943343,46,2,-4,206656,206635,206681,206649,206673,217.99159663865544,24,-718.0,21,25,4313.0,True,True,bp,-2.707692307692308
4171,567.6790350984479,37,13,11,206705,206681,206718,206699,206707,218.0,8,1241.0,24,13,907.0,False,False,bp,-2.707692307692308
4172,150.91676940655591,22,4,12,206735,206718,206740,206728,206738,56.523809523809526,10,1302.0,17,5,303.0,False,False,bp,-2.707692307692308
4173,756.2985902360898,40,37,-10,206755,206740,206780,206752,206774,120.74561403508771,22,752.0,15,25,2341.0,False,False,bp,-2.707692307692308
4174,1490.2387932497104,115,20,33,206854,206780,206895,206833,206872,117.12698412698411,39,-896.0,74,41,5380.0,True,True,bp,-2.707692307692308
4175,2956.798580267203,84,14,12,206943,206895,206979,206931,206958,293.75,27,-2966.0,48,36,8171.0,True,True,bp,-2.707692307692308
4176,1658.0540437976267,67,-6,19,207022,206979,207046,206999,207035,145.4247491638796,36,-2335.0,43,24,3314.0,False,False,bp,-2.707692307692308
4177,791.6420235771367,84,23,-28,207074,207046,207130,207065,207100,127.13247863247864,35,-2022.0,28,56,3857.0,True,False,bp,-2.707692307692308
4178,2238.707556121737,67,26,15,207171,207130,207197,207158,207183,212.79166666666669,25,-3678.0,41,26,5157.0,True,True,bp,-2.707692307692308
4179,2942.6738573495677,82,50,12,207244,207197,207279,207234,207259,280.73333333333335,25,-4725.0,47,35,7468.0,True,True,bp,-2.707692307692308
4180,2653.758714351676,101,30,39,207349,207279,207380,207334,207360,258.27575757575755,26,-4491.0,70,31,6726.0,True,True,bp,-2.707692307692308
4181,1565.5651732945284,99,-19,23,207441,207380,207479,207416,207459,151.71111111111108,43,-5198.0,61,38,6010.0,False,False,bp,-2.707692307692308
4182,1090.8912793939335,51,-27,-27,207491,207479,207530,207483,207522,74.2258064516129,39,-625.0,12,39,3244.0,False,False,bp,-2.707692307692308
4183,236.25614638319848,33,-9,13,207553,207530,207563,207534,207562,20.29824561403509,28,1064.0,23,10,126.0,False,False,bp,-2.707692307692308
4184,955.6482009232144,66,-8,16,207604,207563,207629,207581,207610,112.25,29,-2055.0,41,25,2214.0,False,False,bp,-2.707692307692308
4185,643.6671350302009,34,-11,-16,207638,207629,207663,207631,207656,85.5873015873016,25,-1186.0,9,25,2578.0,True,False,bp,-2.707692307692308
4186,563.0774668167543,34,-8,18,207689,207663,207697,207670,207694,94.81578947368422,24,-949.0,26,8,1263.0,True,True,bp,-2.707692307692308
4187,211.25444951945443,49,15,-1,207721,207697,207746,207710,207727,107.52272727272728,17,-1551.0,24,25,1758.0,True,True,bp,-2.707692307692308
4188,486.4717291019157,55,31,-11,207768,207746,207801,207759,207775,121.50793650793649,16,-920.0,22,33,2157.0,True,True,bp,-2.707692307692308
4189,377.115211123632,60,-13,22,207842,207801,207861,207822,207851,22.708333333333336,29,-1545.0,41,19,959.0,False,False,bp,-2.707692307692308
4190,1049.3147031104156,41,13,-9,207877,207861,207902,207867,207884,224.3142857142857,17,-4264.0,16,25,3092.0,False,False,bp,-2.707692307692308
4191,1003.3970984914786,58,20,-18,207922,207902,207960,207914,207935,161.88461538461542,21,-3924.0,20,38,3079.0,True,True,bp,-2.707692307692308
4192,547.5238435390214,48,3,6,207987,207960,208008,207976,207994,90.7012987012987,18,-2968.0,27,21,1418.0,True,False,bp,-2.707692307692308
4193,543.3968134447118,28,8,0,208022,208008,208036,208015,208028,181.80952380952382,13,-3954.0,14,14,1967.0,True,False,bp,-2.707692307692308
4194,420.07704433565146,39,10,-1,208055,208036,208075,208049,208066,92.6060606060606,17,-3740.0,19,20,954.0,True,True,bp,-2.707692307692308
4195,134.5453901505066,38,-3,20,208104,208075,208113,208093,208108,84.11363636363636,15,-4428.0,29,9,929.0,True,False,bp,-2.707692307692308
4196,184.82218541926395,34,-1,-16,208122,208113,208147,208120,208135,150.09615384615384,15,-4455.0,9,25,2204.0,False,False,bp,-2.707692307692308
4197,169.68570522389788,45,10,-17,208161,208147,208192,208149,208171,62.6,22,-3437.0,14,31,1471.0,True,True,bp,-2.707692307692308
4198,267.0628419356899,38,10,-6,208208,208192,208230,208203,208217,116.33333333333334,14,-2703.0,16,22,1172.0,True,False,bp,-2.707692307692308
4199,262.0049407502626,97,-18,-47,208255,208230,208327,208241,208301,71.88509316770187,60,-3707.0,25,72,3610.0,True,False,bp,-2.707692307692308
4200,399.51336862165846,36,6,6,208348,208327,208363,208343,208353,184.0,10,-1912.0,21,15,1572.0,True,False,bp,-2.707692307692308
4201,180.6531322250891,68,-23,-20,208387,208363,208431,208369,208414,39.805555555555564,45,-1951.0,24,44,2111.0,True,False,bp,-2.707692307692308
4202,700.3031565498926,48,10,-28,208441,208431,208479,208436,208458,94.70588235294115,22,-1053.0,10,38,2340.0,True,True,bp,-2.707692307692308
4203,382.06851174169014,51,-17,11,208510,208479,208530,208490,208520,43.5,30,-828.0,31,20,1153.0,False,False,bp,-2.707692307692308
4204,661.3969767541332,33,2,-15,208539,208530,208563,208533,208556,156.80882352941177,23,-2047.0,9,24,2472.0,False,False,bp,-2.707692307692308
4205,1758.9357928330835,73,5,1,206389,206352,206425,206381,206405,242.28125,24,-1760.0,37,36,4592.0,False,False,bp,-2.707692307692308
4206,1874.405465205369,54,6,-20,206442,206425,206479,206434,206457,166.45833333333334,23,-1012.0,17,37,3351.0,True,True,bp,-2.707692307692308
4207,1027.8954832163072,66,-5,-14,206505,206479,206545,206486,206522,83.74922600619195,36,-784.0,26,40,3375.0,True,True,bp,-2.707692307692308
4208,2366.979485421709,52,-3,-8,206567,206545,206597,206553,206581,221.5,28,-3379.0,22,30,6018.0,True,True,bp,-2.707692307692308
4209,2030.3675128968814,49,-2,-11,206616,206597,206646,206606,206631,192.05,25,-1740.0,19,30,4943.0,True,True,bp,-2.707692307692308
4210,1912.1179102907865,56,22,-18,206665,206646,206702,206654,206674,216.59595959595958,20,-1134.0,19,37,4431.0,True,True,bp,-2.707692307692308
4211,3790.933155431452,61,15,-11,206727,206702,206763,206716,206741,324.0422077922078,25,-3948.0,25,36,8635.0,True,True,bp,-2.707692307692308
4212,4159.467958483234,56,8,6,206794,206763,206819,206781,206805,355.42307692307685,24,-3957.0,31,25,7676.0,False,False,bp,-2.707692307692308
4213,938.7267311810364,61,1,9,206854,206819,206880,206837,206866,107.10049019607844,29,508.0,35,26,2293.0,False,False,bp,-2.707692307692308
4214,972.5419446920977,50,20,-2,206904,206880,206930,206896,206911,216.3392857142857,15,-375.0,24,26,2831.0,True,True,bp,-2.707692307692308
4215,939.7253955876539,66,6,16,206971,206930,206996,206946,206977,116.66666666666669,31,274.0,41,25,2695.0,False,False,bp,-2.707692307692308
4216,3706.071742893253,66,16,-12,207023,206996,207062,207014,207039,371.90625,25,-4901.0,27,39,8939.0,False,False,bp,-2.707692307692308
4217,3179.715018372167,67,7,-9,207091,207062,207129,207080,207111,246.0818181818182,31,-2838.0,29,38,6681.0,True,True,bp,-2.707692307692308
4218,4749.585828678661,65,24,-3,207160,207129,207194,207149,207173,409.8986013986014,24,-6348.0,31,34,9064.0,True,True,bp,-2.707692307692308
4219,2146.634926005539,70,2,18,207238,207194,207264,207221,207243,234.7,22,-3141.0,44,26,2927.0,False,False,bp,-2.707692307692308
4220,297.5000329355962,32,19,-18,207271,207264,207296,207267,207278,87.875,11,-542.0,7,25,1990.0,False,False,bp,-2.707692307692308
4221,544.1476107594968,84,6,-32,207322,207296,207380,207308,207350,63.32142857142857,42,-1075.0,26,58,2707.0,True,False,bp,-2.707692307692308
4222,553.688334306959,50,-10,32,207421,207380,207430,207398,207425,139.11413043478262,27,-736.0,41,9,2303.0,True,False,bp,-2.707692307692308
4223,848.3437348400928,67,23,-17,207455,207430,207497,207442,207469,89.76923076923076,27,-503.0,25,42,3569.0,True,False,bp,-2.707692307692308
4224,762.7155849032213,87,-9,-7,207537,207497,207584,207519,207558,62.2579365079365,39,-1161.0,40,47,3417.0,True,False,bp,-2.707692307692308
4225,1139.162542387407,45,-2,-27,207593,207584,207629,207588,207622,225.88965517241374,34,-993.0,9,36,2722.0,True,False,bp,-2.707692307692308
4226,556.3655240346235,66,0,16,207670,207629,207695,207654,207680,113.18125,26,-1991.0,41,25,1220.0,False,False,bp,-2.707692307692308
4227,191.38540385335307,50,-26,0,207720,207695,207745,207706,207740,29.810714285714283,34,-2735.0,25,25,1492.0,True,True,bp,-2.707692307692308
4228,355.87732882783683,37,6,-15,207756,207745,207782,207748,207766,159.175,18,-3706.0,11,26,2317.0,False,False,bp,-2.707692307692308
4229,1028.522577373417,49,-20,-13,207800,207782,207831,207790,207823,73.1717391304348,33,-2255.0,18,31,4052.0,False,False,bp,-2.707692307692308
4230,491.6548391694045,65,-16,-17,207855,207831,207896,207836,207876,53.29573934837094,40,-616.0,24,41,2630.0,True,True,bp,-2.707692307692308
4231,595.8917275768478,50,-20,2,207922,207896,207946,207900,207941,45.30741626794258,41,-128.0,26,24,1570.0,True,True,bp,-2.707692307692308
4232,561.2856897570401,49,26,-1,207970,207946,207995,207962,207975,148.125,13,-378.0,24,25,2105.0,True,True,bp,-2.707692307692308
4233,550.8876732404397,50,12,12,208026,207995,208045,208014,208033,116.45833333333331,19,-1444.0,31,19,936.0,False,False,bp,-2.707692307692308
4234,313.8860592928458,68,-14,-14,208072,208045,208113,208064,208098,98.98557692307692,34,-2069.0,27,41,2594.0,True,True,bp,-2.707692307692308
4235,595.0058958984557,48,6,-30,208122,208113,208161,208118,208144,151.39772727272728,26,-1467.0,9,39,2446.0,True,True,bp,-2.707692307692308
4236,553.7166388454822,41,35,21,208192,208161,208202,208176,208194,160.59375,18,-1313.0,31,10,1841.0,False,False,bp,-2.707692307692308
4237,373.7831561183197,62,9,42,208254,208202,208264,208247,208257,252.76190476190484,10,-3172.0,52,10,1938.0,False,False,bp,-2.707692307692308
4238,642.0771151630728,50,-8,-2,208288,208264,208314,208276,208306,105.13888888888887,30,-3174.0,24,26,2956.0,False,False,bp,-2.707692307692308
4239,774.4316030038533,64,8,-16,208338,208314,208378,208328,208355,65.75882352941177,27,-1221.0,24,40,2477.0,False,False,bp,-2.707692307692308
4240,276.5647132084565,64,-16,-12,208404,208378,208442,208390,208427,54.128881987577635,37,-1507.0,26,38,1405.0,True,True,bp,-2.707692307692308
4241,400.1684436482053,38,11,-12,208455,208442,208480,208448,208468,107.76373626373626,20,-1513.0,13,25,2910.0,False,False,bp,-2.707692307692308
4242,165.90871885402473,34,9,14,208504,208480,208514,208499,208507,232.96666666666664,8,-491.0,24,10,2143.0,True,True,bp,-2.707692307692308
4243,773.264503561799,53,8,21,208551,208514,208567,208524,208555,132.0787037037037,31,-619.0,37,16,2457.0,True,True,bp,-2.707692307692308
4244,1205.0785593613555,66,-17,14,210236,210196,210262,210217,210250,120.78571428571428,33,-818.0,40,26,2545.0,True,False,bp,1.5866666666666667
4245,427.22272410107036,35,37,-17,210271,210262,210297,210266,210277,219.71666666666664,11,247.0,9,26,3529.0,False,False,bp,1.5866666666666667
4246,867.8295450619943,71,-20,39,210352,210297,210368,210325,210357,121.56296296296296,32,-107.0,55,16,1972.0,False,False,bp,1.5866666666666667
4247,486.52425533887487,42,19,-36,210371,210368,210410,210369,210391,106.725,22,1548.0,3,39,3444.0,False,False,bp,1.5866666666666667
4248,2009.2074509006077,76,11,-20,210438,210410,210486,210432,210462,201.3125,30,1475.0,28,48,5674.0,True,True,bp,1.5866666666666667
4249,2960.9612647982044,60,-2,10,210521,210486,210546,210503,210534,204.74786324786322,31,364.0,35,25,6131.0,False,False,bp,1.5866666666666667
4250,948.7619545580574,50,13,4,210573,210546,210596,210563,210584,97.15,21,4159.0,27,23,655.0,False,False,bp,1.5866666666666667
4251,665.4636804154434,50,5,2,210622,210596,210646,210618,210636,199.7142857142857,18,2467.0,26,24,1825.0,False,False,bp,1.5866666666666667
4252,1315.4816580470667,67,-10,15,210687,210646,210713,210659,210693,163.51785714285714,34,-439.0,41,26,3034.0,False,False,bp,1.5866666666666667
4253,739.8540868614958,46,-1,-18,210727,210713,210759,210717,210741,82.57142857142857,24,878.0,14,32,2116.0,True,True,bp,1.5866666666666667
4254,1053.8728473983028,44,4,-22,210770,210759,210803,210764,210793,91.8840579710145,29,1817.0,11,33,3209.0,False,False,bp,1.5866666666666667
4255,2129.2858758071384,60,4,10,210838,210803,210863,210826,210848,238.45833333333331,22,-1434.0,35,25,3873.0,False,False,bp,1.5866666666666667
4256,333.27570152919793,50,-16,0,210888,210863,210913,210874,210907,50.48496240601504,33,1025.0,25,25,1364.0,False,False,bp,1.5866666666666667
4257,544.1903797558115,49,-2,1,210938,210913,210962,210924,210950,56.39285714285714,26,-481.0,25,24,1580.0,False,False,bp,1.5866666666666667
4258,218.9639625766159,33,11,19,210988,210962,210995,210974,210990,181.35714285714286,16,-1306.0,26,7,1744.0,True,True,bp,1.5866666666666667
4259,819.3120827500239,68,1,18,211038,210995,211063,211017,211050,117.53571428571428,33,-1294.0,43,25,3725.0,False,False,bp,1.5866666666666667
4260,1226.454619624942,67,-4,-13,211090,211063,211130,211084,211111,192.9642857142857,27,-1396.0,27,40,2176.0,True,True,bp,1.5866666666666667
4261,458.6986442026472,49,10,-31,211139,211130,211179,211134,211156,119.68235294117649,22,-718.0,9,40,2983.0,True,True,bp,1.5866666666666667
4262,1488.0122036511636,51,6,-7,211201,211179,211230,211188,211209,159.0480769230769,21,-1498.0,22,29,3018.0,False,False,bp,1.5866666666666667
4263,425.07070625621435,33,28,-15,211239,211230,211263,211236,211245,189.33333333333331,9,476.0,9,24,2291.0,False,False,bp,1.5866666666666667
4264,2228.6915253166344,79,14,-7,211299,211263,211342,211282,211310,197.83155080213902,28,-2562.0,36,43,5459.0,False,False,bp,1.5866666666666667
4265,2207.522729531831,54,-8,4,211371,211342,211396,211352,211388,123.65015479876159,36,-2498.0,29,25,3442.0,True,False,bp,1.5866666666666667
4266,1398.9718877995028,105,13,-21,211438,211396,211501,211416,211459,120.23376623376623,43,-4123.0,42,63,5204.0,True,False,bp,1.5866666666666667
4267,646.6007947904661,58,4,18,211539,211501,211559,211515,211550,48.99810606060606,35,-1953.0,38,20,469.0,False,False,bp,1.5866666666666667
4268,298.67867812753934,105,-17,-11,211606,211559,211664,211589,211638,39.352941176470594,49,-3446.0,47,58,3980.0,False,False,bp,1.5866666666666667
4269,805.842740257195,33,2,17,211689,211664,211697,211670,211694,80.8684210526316,24,-2422.0,25,8,879.0,False,False,bp,1.5866666666666667
4270,873.0861133884551,82,-3,0,211738,211697,211779,211720,211754,85.04166666666666,34,-5119.0,41,41,2399.0,False,False,bp,1.5866666666666667
4271,505.8845784294878,35,3,-17,211788,211779,211814,211785,211803,213.0,18,-4518.0,9,26,2611.0,True,False,bp,1.5866666666666667
4272,443.1773690011637,61,19,-21,211834,211814,211875,211824,211853,83.31842105263158,29,-3377.0,20,41,2855.0,True,False,bp,1.5866666666666667
4273,313.3199825469582,71,-20,45,211933,211875,211946,211901,211940,59.62946428571429,39,-2876.0,58,13,1202.0,False,False,bp,1.5866666666666667
4274,410.4868590494173,50,-18,34,211988,211946,211996,211959,211992,125.60344827586206,33,-4981.0,42,8,1570.0,False,False,bp,1.5866666666666667
4275,314.97746138390596,50,-10,6,212024,211996,212046,212007,212033,118.00653594771242,26,-5100.0,28,22,2274.0,True,True,bp,1.5866666666666667
4276,802.2132787840962,39,-3,-21,212055,212046,212085,212049,212077,111.03787878787878,28,-4492.0,9,30,3018.0,False,False,bp,1.5866666666666667
4277,294.97922403377515,73,0,1,212122,212085,212158,212102,212133,43.65,31,-2596.0,37,36,1846.0,False,False,bp,1.5866666666666667
4278,799.910405383654,39,8,-13,212171,212158,212197,212164,212182,165.78571428571428,18,-3721.0,13,26,1280.0,False,False,bp,1.5866666666666667
4279,94.56481163822069,32,-8,14,212220,212197,212229,212208,212225,104.01666666666668,17,-3535.0,23,9,1588.0,False,False,bp,1.5866666666666667
4280,231.76739362290618,37,-15,-15,212240,212229,212266,212234,212258,57.33333333333334,24,-2522.0,11,26,2695.0,False,False,bp,1.5866666666666667
4281,204.63375957602557,30,2,-20,212271,212266,212296,212267,212290,42.328947368421055,23,47.0,5,25,2446.0,False,False,bp,1.5866666666666667
4282,598.5615923630287,68,-7,-16,212322,212296,212364,212315,212356,72.22058823529412,41,1225.0,26,42,3288.0,False,False,bp,1.5866666666666667
4283,881.4199020819501,66,14,14,212404,212364,212430,212390,212417,61.29395604395605,27,857.0,40,26,2116.0,True,True,bp,1.5866666666666667
4284,293.07816363189784,50,6,34,210288,210246,210296,210268,210290,139.175,22,406.0,42,8,1231.0,True,True,bp,1.5866666666666667
4285,593.0001658472931,80,-21,42,210357,210296,210376,210318,210361,179.36217948717945,43,-663.0,61,19,3049.0,True,False,bp,1.5866666666666667
4286,490.8680372855539,36,16,-12,210388,210376,210412,210383,210393,259.7,10,223.0,12,24,3514.0,True,False,bp,1.5866666666666667
4287,1115.042954463434,65,-8,-45,210422,210412,210477,210419,210459,241.31981981981983,40,1415.0,10,55,4979.0,False,False,bp,1.5866666666666667
4288,2731.6116371388503,53,6,3,210505,210477,210530,210491,210521,188.1875,30,107.0,28,25,4837.0,True,True,bp,1.5866666666666667
4289,3002.47529119552,67,-2,19,210573,210530,210597,210557,210586,226.35336538461542,29,-1780.0,43,24,6185.0,True,True,bp,1.5866666666666667
4290,2483.404558487763,66,12,-16,210622,210597,210663,210613,210641,211.08479532163742,28,-660.0,25,41,4332.0,True,True,bp,1.5866666666666667
4291,1608.7415332209034,84,2,-28,210691,210663,210747,210681,210722,177.75967741935486,41,-1742.0,28,56,4590.0,True,True,bp,1.5866666666666667
4292,2329.882495559701,65,8,5,210782,210747,210812,210765,210793,202.52139037433156,28,-1362.0,35,30,6351.0,True,True,bp,1.5866666666666667
4293,4345.373836748572,66,9,-12,210839,210812,210878,210829,210856,385.80294117647054,27,-4336.0,27,39,9141.0,True,True,bp,1.5866666666666667
4294,3540.627097627257,83,10,-29,210905,210878,210961,210892,210924,273.62145748987854,32,-4611.0,27,56,5796.0,False,False,bp,1.5866666666666667
4295,1365.3319344043448,37,3,7,210983,210961,210998,210966,210989,124.05882352941177,23,-1280.0,22,15,2696.0,False,False,bp,1.5866666666666667
4296,1315.4287643291407,81,12,-1,211038,210998,211079,211015,211044,172.2644927536232,29,-2601.0,40,41,3488.0,True,False,bp,1.5866666666666667
4297,209.7105419532283,31,-9,-9,211090,211079,211110,211085,211105,117.43333333333334,20,-874.0,11,20,1289.0,False,False,bp,1.5866666666666667
4298,1415.2191435606867,53,-20,5,211139,211110,211163,211116,211153,123.20341614906832,37,-2794.0,29,24,4534.0,False,False,bp,1.5866666666666667
4299,1273.3202506967266,49,-5,3,211189,211163,211212,211170,211197,165.50328947368422,27,-1522.0,26,23,3204.0,True,True,bp,1.5866666666666667
4300,1819.4627514212195,51,2,-9,211233,211212,211263,211219,211247,199.64285714285717,28,-2512.0,21,30,5267.0,True,True,bp,1.5866666666666667
4301,1856.4431677539985,68,10,-16,211289,211263,211331,211277,211307,189.63888888888889,30,-3344.0,26,42,4564.0,True,True,bp,1.5866666666666667
4302,939.8643923331723,55,-8,25,211371,211331,211386,211347,211377,102.1875,30,-1661.0,40,15,1851.0,True,False,bp,1.5866666666666667
4303,424.59227590549006,60,17,-22,211405,211386,211446,211399,211419,120.55952380952381,20,-1477.0,19,41,3745.0,False,False,bp,1.5866666666666667
4304,2384.370725784275,50,10,-6,211468,211446,211496,211456,211481,203.75320512820514,25,-3198.0,22,28,4468.0,True,True,bp,1.5866666666666667
4305,1185.4143939769804,63,6,19,211537,211496,211559,211516,211554,79.40476190476191,38,-2678.0,41,22,2109.0,True,True,bp,1.5866666666666667
4306,377.1365263964639,58,8,34,211605,211559,211617,211598,211608,190.76190476190484,10,-2813.0,46,12,1610.0,True,False,bp,1.5866666666666667
4307,388.39063452737855,45,-9,-3,211638,211617,211662,211626,211650,88.08333333333334,24,-2684.0,21,24,2460.0,True,True,bp,1.5866666666666667
4308,1125.833084797747,50,20,0,211687,211662,211712,211665,211691,228.5909090909091,26,-3027.0,25,25,3293.0,True,True,bp,1.5866666666666667
4309,557.6946387497409,53,9,33,211755,211712,211765,211737,211759,173.59722222222226,22,-3267.0,43,10,2227.0,True,True,bp,1.5866666666666667
4310,247.43132959582718,48,-1,30,211804,211765,211813,211790,211808,162.80357142857144,18,-2836.0,39,9,2223.0,True,True,bp,1.5866666666666667
4311,425.33839659207314,50,12,0,211838,211813,211863,211825,211844,127.15384615384615,19,-2358.0,25,25,2520.0,False,False,bp,1.5866666666666667
4312,401.10767781650145,61,-3,-11,211888,211863,211924,211875,211905,43.2579185520362,30,-1047.0,25,36,1687.0,False,False,bp,1.5866666666666667
4313,170.5831179164596,55,13,-27,211938,211924,211979,211932,211958,107.85,26,-1100.0,14,41,1912.0,True,True,bp,1.5866666666666667
4314,403.53240001536005,84,-31,0,212021,211979,212063,211997,212051,51.4375,54,-2792.0,42,42,3017.0,True,False,bp,1.5866666666666667
4315,683.2093673996106,50,-6,6,212091,212063,212113,212074,212099,56.83088235294117,25,-2263.0,28,22,1318.0,True,False,bp,1.5866666666666667
4316,212.141343963831,30,7,-12,212122,212113,212143,212118,212131,229.86111111111111,13,-3183.0,9,21,978.0,False,False,bp,1.5866666666666667
4317,523.3663874249509,37,-14,-3,212160,212143,212180,212151,212176,88.10069444444444,25,-4236.0,17,20,2153.0,False,False,bp,1.5866666666666667
4318,370.5476986643988,49,6,-23,212193,212180,212229,212187,212215,137.1060606060606,28,-4069.0,13,36,4309.0,False,False,bp,1.5866666666666667
4319,534.0772106850231,80,2,-18,212260,212229,212309,212249,212280,110.6931818181818,31,-2229.0,31,49,3971.0,False,False,bp,1.5866666666666667
4320,731.6130015755333,70,26,-56,212316,212309,212379,212313,212339,151.47826086956522,26,404.0,7,63,2884.0,False,False,bp,1.5866666666666667
4321,1055.322453271836,49,21,1,212404,212379,212428,212391,212408,187.8269230769231,17,494.0,25,24,2742.0,True,False,bp,1.5866666666666667
4322,713.5786824342784,37,1,-15,214387,214376,214413,214381,214406,109.34210526315788,25,1875.0,11,26,2862.0,False,False,bp,-3.1639344262295084
4323,3087.779593322445,67,27,7,214450,214413,214480,214432,214461,255.78030303030303,29,-2421.0,37,30,6560.0,False,False,bp,-3.1639344262295084
4324,2919.4137925969317,72,45,24,214528,214480,214552,214517,214541,238.07342657342656,24,-2095.0,48,24,5091.0,True,True,bp,-3.1639344262295084
4325,1765.7379823610654,94,24,44,214621,214552,214646,214610,214628,199.77272727272725,18,-1326.0,69,25,4107.0,True,True,bp,-3.1639344262295084
4326,1359.2737396015418,84,-9,28,214702,214646,214730,214670,214712,124.471875,42,-638.0,56,28,3813.0,True,True,bp,-3.1639344262295084
4327,1935.6398104797672,67,-10,-15,214756,214730,214797,214745,214781,176.5581818181818,36,-1564.0,26,41,6817.0,True,True,bp,-3.1639344262295084
4328,2662.1882620698952,49,12,-1,214821,214797,214846,214807,214830,232.65079365079367,23,-624.0,24,25,4349.0,True,False,bp,-3.1639344262295084
4329,1313.1349823759324,100,18,-16,214888,214846,214946,214865,214906,119.05797101449276,41,-987.0,42,58,5219.0,False,False,bp,-3.1639344262295084
4330,544.9703102962085,34,26,16,214971,214946,214980,214965,214976,163.38333333333333,11,2690.0,25,9,2077.0,False,False,bp,-3.1639344262295084
4331,1101.7652596337114,66,10,16,215021,214980,215046,215013,215033,163.25,20,1633.0,41,25,2766.0,True,False,bp,-3.1639344262295084
4332,1378.0363013203664,82,-15,0,215087,215046,215128,215063,215105,106.22916666666669,42,-438.0,41,41,3831.0,True,True,bp,-3.1639344262295084
4333,1720.948043705996,51,9,-21,215143,215128,215179,215132,215153,172.04545454545456,21,-563.0,15,36,2667.0,True,True,bp,-3.1639344262295084
4334,862.8294564926966,34,-1,6,215199,215179,215213,215183,215208,78.94097222222223,25,187.0,20,14,1896.0,False,False,bp,-3.1639344262295084
4335,1258.2427119555834,67,-10,-15,215239,215213,215280,215232,215265,199.20054945054943,33,-1935.0,26,41,3552.0,False,False,bp,-3.1639344262295084
4336,648.4073140109624,39,-3,11,215305,215280,215319,215288,215311,95.90686274509804,23,-755.0,25,14,1647.0,True,False,bp,-3.1639344262295084
4337,808.0963753492035,78,12,-40,215338,215319,215397,215331,215361,154.95652173913044,30,-1677.0,19,59,4265.0,False,False,bp,-3.1639344262295084
4338,813.1064675303177,63,-7,-15,215421,215397,215460,215403,215440,61.938596491228076,37,817.0,24,39,2690.0,False,False,bp,-3.1639344262295084
4339,1760.8586132053827,37,8,7,215482,215460,215497,215470,215489,187.36309523809524,19,-555.0,22,15,3453.0,True,False,bp,-3.1639344262295084
4340,768.6743068621179,99,-26,-15,215539,215497,215596,215516,215571,61.73913043478261,55,285.0,42,57,4376.0,False,False,bp,-3.1639344262295084
4341,149.29840265382083,18,9,0,215605,215596,215614,215600,215611,86.06666666666666,11,3493.0,9,9,713.0,False,False,bp,-3.1639344262295084
4342,562.314180950513,38,28,10,215638,215614,215652,215631,215642,184.94642857142856,11,1471.0,24,14,994.0,False,False,bp,-3.1639344262295084
4343,618.8933058905193,58,12,16,215689,215652,215710,215681,215694,161.75,13,-81.0,37,21,1976.0,False,False,bp,-3.1639344262295084
4344,447.9340731552387,37,2,-13,215722,215710,215747,215719,215740,170.41666666666669,21,230.0,12,25,1888.0,True,False,bp,-3.1639344262295084
4345,379.15430506251334,50,-5,32,215788,215747,215797,215763,215792,161.655,29,-1144.0,41,9,2070.0,True,False,bp,-3.1639344262295084
4346,259.170675051981,37,15,11,215821,215797,215834,215816,215825,221.075,9,-994.0,24,13,2174.0,True,True,bp,-3.1639344262295084
4347,578.8412719286184,47,-13,-5,215855,215834,215881,215849,215874,117.62719298245615,25,-827.0,21,26,1362.0,True,False,bp,-3.1639344262295084
4348,63.99870957144104,20,19,4,215893,215881,215901,215886,215896,154.26190476190476,10,-1071.0,12,8,1158.0,True,False,bp,-3.1639344262295084
4349,251.2033704620811,47,-6,27,215938,215901,215948,215925,215940,118.01923076923076,15,-2186.0,37,10,813.0,False,False,bp,-3.1639344262295084
4350,160.55989533675037,48,-19,-32,215956,215948,215996,215949,215985,41.83251231527093,36,-2029.0,8,40,1449.0,False,False,bp,-3.1639344262295084
4351,250.25087397285682,33,7,-17,216004,215996,216029,216002,216016,132.79166666666666,14,-999.0,8,25,1595.0,False,False,bp,-3.1639344262295084
4352,265.394760708524,67,-15,19,216072,216029,216096,216037,216084,25.085714285714282,47,-2181.0,43,24,1580.0,True,True,bp,-3.1639344262295084
4353,309.64949307786634,61,2,21,216137,216096,216157,216116,216146,64.13492063492063,30,-2415.0,41,20,1659.0,False,False,bp,-3.1639344262295084
4354,801.2949940730687,55,-18,35,216202,216157,216212,216178,216206,103.125,28,-5031.0,45,10,1656.0,False,False,bp,-3.1639344262295084
4355,524.5437226241423,50,24,-20,216227,216212,216262,216216,216249,92.0909090909091,33,-5581.0,15,35,2389.0,True,False,bp,-3.1639344262295084
4356,720.1097228053218,118,14,-10,216316,216262,216380,216306,216339,142.70652173913044,33,-6722.0,54,64,5024.0,False,False,bp,-3.1639344262295084
4357,390.4067650467107,48,-9,2,216405,216380,216428,216386,216413,95.5855263157895,27,-3722.0,25,23,1175.0,False,False,bp,-3.1639344262295084
4358,731.0846085472801,37,1,-9,216442,216428,216465,216431,216452,153.32272727272724,21,-5256.0,14,23,2237.0,False,False,bp,-3.1639344262295084
4359,407.934784532222,47,-23,7,216492,216465,216512,216474,216506,33.82539682539683,32,-3661.0,27,20,1937.0,False,False,bp,-3.1639344262295084
4360,685.1910076509232,36,-23,14,216537,216512,216548,216515,216544,102.70779220779221,29,-4514.0,25,11,2061.0,True,False,bp,-3.1639344262295084
4361,250.77979952776772,54,1,-38,216556,216548,216602,216550,216576,116.975,26,-3833.0,8,46,4181.0,False,False,bp,-3.1639344262295084
4362,254.63101866356902,28,-3,-20,216606,216602,216630,216603,216623,92.15686274509804,20,-87.0,4,24,1768.0,False,False,bp,-3.1639344262295084
4363,271.2477142745473,34,5,10,216652,216630,216664,216640,216661,66.0,21,573.0,22,12,1346.0,False,False,bp,-3.1639344262295084
4364,1284.5523406999787,77,0,7,214388,214346,214423,214365,214400,94.55978260869566,35,-411.0,42,35,2849.0,False,False,bp,-3.1639344262295084
4365,4352.712502846967,57,4,1,214452,214423,214480,214435,214464,336.24264705882354,29,-6124.0,29,28,9828.0,False,False,bp,-3.1639344262295084
4366,2992.2518025400714,79,-3,3,214521,214480,214559,214497,214535,197.9315476190476,38,-2959.0,41,38,6969.0,True,True,bp,-3.1639344262295084
4367,3463.076964285305,87,41,-31,214587,214559,214646,214570,214595,293.49264705882354,25,-4568.0,28,59,5758.0,False,False,bp,-3.1639344262295084
4368,420.84257957347313,86,5,0,214689,214646,214732,214661,214703,53.01785714285714,42,-205.0,43,43,2026.0,False,False,bp,-3.1639344262295084
4369,4231.520733664049,65,7,-7,214761,214732,214797,214750,214775,366.038961038961,25,-4970.0,29,36,11741.0,False,False,bp,-3.1639344262295084
4370,4027.9536579872747,51,-4,-3,214821,214797,214848,214807,214837,271.8571428571429,30,-1953.0,24,27,6919.0,True,True,bp,-3.1639344262295084
4371,2683.594958396357,64,1,-8,214876,214848,214912,214863,214894,211.09401709401712,31,-2361.0,28,36,4632.0,True,True,bp,-3.1639344262295084
4372,1062.2090345138536,68,-7,-12,214940,214912,214980,214926,214966,127.18131868131869,40,-1019.0,28,40,5029.0,True,True,bp,-3.1639344262295084
4373,1947.331867497378,61,6,13,215017,214980,215041,214999,215026,173.91666666666663,27,697.0,37,24,4685.0,True,True,bp,-3.1639344262295084
4374,2099.8891992851723,67,14,-7,215071,215041,215108,215059,215080,245.27777777777774,21,-806.0,30,37,4104.0,True,True,bp,-3.1639344262295084
4375,1840.4284732847254,54,1,4,215137,215108,215162,215115,215146,162.4267676767677,31,-1442.0,29,25,4165.0,True,True,bp,-3.1639344262295084
4376,1208.6562565119286,57,-2,-5,215188,215162,215219,215178,215208,95.35,30,305.0,26,31,3184.0,True,True,bp,-3.1639344262295084
4377,2499.945821324808,61,-4,11,215255,215219,215280,215236,215265,212.2815789473684,29,-2115.0,36,25,5205.0,True,True,bp,-3.1639344262295084
4378,2350.250659969932,67,-5,-15,215306,215280,215347,215290,215326,180.85,36,-2881.0,26,41,7373.0,True,True,bp,-3.1639344262295084
4379,1968.8511763211402,45,6,3,215371,215347,215392,215357,215377,196.3690476190476,20,-351.0,24,21,2993.0,True,True,bp,-3.1639344262295084
4380,2635.4212137605546,55,12,-9,215415,215392,215447,215403,215428,230.6442307692308,25,-2738.0,23,32,6399.0,True,True,bp,-3.1639344262295084
4381,4245.368288705645,55,10,-1,215474,215447,215502,215465,215485,475.16666666666674,20,-5913.0,27,28,9397.0,False,False,bp,-3.1639344262295084
4382,2399.565682494376,56,2,-16,215522,215502,215558,215515,215540,248.98412698412702,25,-861.0,20,36,5318.0,False,False,bp,-3.1639344262295084
4383,1684.2121920729574,55,4,7,215589,215558,215613,215567,215592,209.5757575757576,25,614.0,31,24,2860.0,True,True,bp,-3.1639344262295084
4384,945.1347553384345,34,5,6,215633,215613,215647,215621,215640,166.29761904761904,19,-600.0,20,14,2108.0,True,True,bp,-3.1639344262295084
4385,246.57721713480225,82,-21,0,215688,215647,215729,215664,215710,51.625,46,-52.0,41,41,3140.0,False,False,bp,-3.1639344262295084
4386,1028.0937939529763,50,-11,2,215755,215729,215779,215735,215766,123.09772727272728,31,-794.0,26,24,2487.0,True,False,bp,-3.1639344262295084
4387,258.21657025947775,29,31,-9,215789,215779,215808,215786,215794,187.13333333333333,8,385.0,10,19,1778.0,True,False,bp,-3.1639344262295084
4388,638.60941439363,55,-8,37,215854,215808,215863,215833,215858,117.71428571428572,25,-1027.0,46,9,1575.0,False,False,bp,-3.1639344262295084
4389,779.5272320038388,50,-18,2,215889,215863,215913,215875,215905,96.16517857142857,30,-2040.0,26,24,2850.0,True,True,bp,-3.1639344262295084
4390,717.5389231968277,30,12,-14,215921,215913,215943,215917,215937,194.8125,20,-1690.0,8,22,2130.0,True,False,bp,-3.1639344262295084
4391,853.1413979437459,69,10,41,215998,215943,216012,215969,216005,128.59359605911328,36,-2863.0,55,14,2912.0,True,False,bp,-3.1639344262295084
4392,262.3942167273536,84,-7,62,216085,216012,216096,216051,216090,90.79411764705885,39,-3577.0,73,11,1526.0,False,False,bp,-3.1639344262295084
4393,416.6793542447865,50,12,20,216131,216096,216146,216122,216133,183.41666666666663,11,-3761.0,35,15,1917.0,True,True,bp,-3.1639344262295084
4394,206.55703445064117,32,6,12,216168,216146,216178,216156,216173,19.416666666666668,17,-3296.0,22,10,732.0,False,False,bp,-3.1639344262295084
4395,352.98062951663377,87,-12,-1,216221,216178,216265,216196,216250,50.42413793103449,54,-5593.0,43,44,2700.0,False,False,bp,-3.1639344262295084
4396,733.5419684234522,87,-9,-5,216306,216265,216352,216292,216333,98.30423280423278,41,-5784.0,41,46,4600.0,False,False,bp,-3.1639344262295084
4397,952.8733933407738,56,-5,24,216392,216352,216408,216365,216401,51.22222222222222,36,-2740.0,40,16,1754.0,False,False,bp,-3.1639344262295084
4398,508.260599969888,121,-32,-3,216467,216408,216529,216432,216499,72.14598214285716,67,-4724.0,59,62,3251.0,False,False,bp,-3.1639344262295084
4399,298.14577451145163,51,-7,-33,216538,216529,216580,216534,216562,96.33333333333331,28,-2496.0,9,42,2911.0,False,False,bp,-3.1639344262295084
4400,70.9924951717973,50,15,-32,216589,216580,216630,216583,216604,83.71666666666667,21,-339.0,9,41,2879.0,False,False,bp,-3.1639344262295084
4401,589.3417139318747,33,14,5,216649,216630,216663,216640,216657,93.49305555555556,17,253.0,19,14,1757.0,True,True,bp,-3.1639344262295084
4402,826.8942119937035,35,26,7,218086,218065,218100,218078,218091,203.9375,13,-189.0,21,14,2757.0,True,False,bp,-4.391891891891892
4403,1292.1507586454813,81,3,-3,218139,218100,218181,218130,218157,180.97222222222226,27,-1356.0,39,42,4389.0,False,False,bp,-4.391891891891892
4404,540.0551879843302,32,19,-16,218189,218181,218213,218187,218200,161.47727272727272,13,2198.0,8,24,2334.0,False,False,bp,-4.391891891891892
4405,2758.0878125902364,67,2,15,218254,218213,218280,218232,218263,253.0681818181818,31,-1670.0,41,26,6540.0,False,False,bp,-4.391891891891892
4406,3435.568192072219,65,-1,-13,218306,218280,218345,218296,218325,251.83947368421056,29,-1428.0,26,39,7149.0,True,True,bp,-4.391891891891892
4407,1332.927871419189,67,-27,-11,218373,218345,218412,218353,218400,91.38703703703705,47,36.0,28,39,1728.0,False,False,bp,-4.391891891891892
4408,1096.5422285808413,51,11,1,218438,218412,218463,218420,218444,190.13888888888889,24,-1747.0,26,25,3672.0,False,False,bp,-4.391891891891892
4409,2280.3131237948946,56,18,-6,218488,218463,218519,218479,218498,288.12777777777774,19,-3249.0,25,31,5991.0,True,True,bp,-4.391891891891892
4410,2085.7534485138353,60,23,0,218549,218519,218579,218535,218560,160.25324675324674,25,-595.0,30,30,4809.0,True,True,bp,-4.391891891891892
4411,2778.2961883116936,84,14,0,218621,218579,218663,218608,218640,210.73886639676118,32,-2236.0,42,42,6884.0,True,True,bp,-4.391891891891892
4412,3427.3729120674902,67,9,9,218701,218663,218730,218686,218712,292.5848484848485,26,-1947.0,38,29,7974.0,True,True,bp,-4.391891891891892
4413,2587.9091263117834,66,12,6,218766,218730,218796,218747,218780,172.88533834586465,33,-82.0,36,30,4840.0,True,True,bp,-4.391891891891892
4414,2202.339896580524,83,7,1,218838,218796,218879,218825,218856,191.30128205128204,31,-1449.0,42,41,5597.0,True,True,bp,-4.391891891891892
4415,4703.228902197176,53,31,-3,218904,218879,218932,218894,218916,427.825,22,-5752.0,25,28,8910.0,True,False,bp,-4.391891891891892
4416,2815.5913439676533,94,9,-6,218976,218932,219026,218969,218997,317.8571428571429,28,-2845.0,44,50,8232.0,True,False,bp,-4.391891891891892
4417,2173.1724771678987,54,10,-20,219043,219026,219080,219034,219066,189.98309178743958,32,698.0,17,37,3753.0,True,False,bp,-4.391891891891892
4418,2095.8759963170583,66,-6,18,219122,219080,219146,219108,219137,165.13571428571433,29,-722.0,42,24,4403.0,True,True,bp,-4.391891891891892
4419,1411.8282868574381,51,8,1,219172,219146,219197,219160,219190,107.97222222222223,30,-115.0,26,25,2766.0,True,True,bp,-4.391891891891892
4420,852.767786341382,84,-19,-2,219238,219197,219281,219228,219272,112.32941176470587,44,-770.0,41,43,3924.0,True,True,bp,-4.391891891891892
4421,1285.170290931114,82,4,-34,219305,219281,219363,219297,219332,157.50694444444446,35,-179.0,24,58,2526.0,True,True,bp,-4.391891891891892
4422,2048.3191578977126,51,3,-3,219387,219363,219414,219371,219393,243.8125,22,-2592.0,24,27,4518.0,True,False,bp,-4.391891891891892
4423,1254.5991392970802,48,7,-22,219427,219414,219462,219418,219442,150.56666666666666,24,-951.0,13,35,3494.0,True,True,bp,-4.391891891891892
4424,2329.182559155167,55,5,-5,219487,219462,219517,219473,219495,250.48214285714286,22,-2661.0,25,30,5391.0,False,False,bp,-4.391891891891892
4425,598.5304636604374,29,2,5,219534,219517,219546,219522,219540,104.54166666666666,18,347.0,17,12,1699.0,False,False,bp,-4.391891891891892
4426,1964.8632497310898,51,8,1,219572,219546,219597,219560,219583,193.04924242424244,23,-1691.0,26,25,5227.0,False,False,bp,-4.391891891891892
4427,765.3114113207916,68,-3,14,219638,219597,219665,219614,219650,78.4375,36,-284.0,41,27,1521.0,False,False,bp,-4.391891891891892
4428,1136.3615124582604,64,-2,-10,219692,219665,219729,219683,219708,139.22222222222223,25,-2204.0,27,37,2770.0,False,False,bp,-4.391891891891892
4429,324.26030611195597,51,12,-33,219738,219729,219780,219731,219756,66.31746031746032,25,-443.0,9,42,2242.0,False,False,bp,-4.391891891891892
4430,737.8477460839978,50,45,0,219805,219780,219830,219793,219807,182.91666666666663,14,-1192.0,25,25,1357.0,False,False,bp,-4.391891891891892
4431,519.5350870213373,83,-22,33,219888,219830,219913,219866,219907,57.141148325358856,41,-2015.0,58,25,2496.0,True,True,bp,-4.391891891891892
4432,739.3468014462253,63,2,-11,219939,219913,219976,219926,219958,59.71052631578947,32,-1132.0,26,37,1732.0,True,True,bp,-4.391891891891892
4433,379.1865052851898,77,-19,11,220020,219976,220053,219992,220040,36.08571428571429,48,-1339.0,44,33,1618.0,True,True,bp,-4.391891891891892
4434,408.78776912045964,45,-10,25,220088,220053,220098,220069,220094,78.20614035087719,25,-2191.0,35,10,1143.0,False,False,bp,-4.391891891891892
4435,79.26746651230324,32,-9,4,220116,220098,220130,220109,220126,82.04285714285714,17,-2385.0,18,14,1365.0,True,True,bp,-4.391891891891892
4436,487.9708941498747,50,-8,-30,220140,220130,220180,220134,220171,100.76612903225808,37,-2635.0,10,40,2975.0,True,False,bp,-4.391891891891892
4437,318.34457112993636,83,14,1,220222,220180,220263,220200,220235,50.88811188811189,35,-1399.0,42,41,1490.0,True,True,bp,-4.391891891891892
4438,246.6865420030641,67,4,17,220305,220263,220330,220284,220308,167.95238095238096,24,-2359.0,42,25,1670.0,True,False,bp,-4.391891891891892
4439,431.2061689541237,49,-12,-31,220339,220330,220379,220336,220367,124.58333333333331,31,-1963.0,9,40,2126.0,True,True,bp,-4.391891891891892
4440,147.6925415537868,37,5,-13,220391,220379,220416,220386,220400,171.06666666666666,14,-1677.0,12,25,1343.0,True,True,bp,-4.391891891891892
4441,370.0947480936932,47,-20,17,220448,220416,220463,220419,220456,75.92025862068967,37,-1606.0,32,15,2110.0,True,True,bp,-4.391891891891892
4442,896.5306535412258,50,26,-8,220484,220463,220513,220473,220495,89.04545454545455,22,-2201.0,21,29,2724.0,True,False,bp,-4.391891891891892
4443,484.9668756738263,66,-4,16,220554,220513,220579,220543,220565,139.6818181818182,22,-1867.0,41,25,1825.0,True,False,bp,-4.391891891891892
4444,293.25403079354305,68,6,-50,220588,220579,220647,220583,220626,86.66315789473686,43,-1150.0,9,59,3550.0,False,False,bp,-4.391891891891892
4445,117.87631463528828,100,-26,16,220705,220647,220747,220675,220727,24.70757575757576,52,-66.0,58,42,651.0,False,False,bp,-4.391891891891892
4446,1067.8580211940794,50,2,-8,218134,218113,218163,218118,218143,116.25,25,221.0,21,29,2528.0,False,False,bp,-4.391891891891892
4447,1294.4700542358705,33,23,-3,218178,218163,218196,218170,218185,172.80357142857144,15,1239.0,15,18,4182.0,False,False,bp,-4.391891891891892
4448,897.4026238322946,85,-6,25,218251,218196,218281,218223,218260,114.97222222222223,37,1418.0,55,30,3666.0,True,False,bp,-4.391891891891892
4449,3021.0293893550565,50,-3,-6,218303,218281,218331,218291,218322,235.9429824561404,31,-521.0,22,28,8410.0,True,False,bp,-4.391891891891892
4450,1551.3037266430774,65,11,15,218371,218331,218396,218350,218377,164.5,27,2841.0,40,25,2576.0,True,True,bp,-4.391891891891892
4451,1219.592764665893,67,-21,21,218440,218396,218463,218415,218456,99.21,41,1134.0,44,23,3667.0,True,True,bp,-4.391891891891892
4452,2498.31803337735,51,15,-1,218488,218463,218514,218476,218496,310.41666666666663,20,-1376.0,25,26,5745.0,False,False,bp,-4.391891891891892
4453,1503.9208283789944,66,-8,18,218556,218514,218580,218531,218567,126.17090909090908,36,1734.0,42,24,4273.0,False,False,bp,-4.391891891891892
4454,1984.4470251255616,50,-2,0,218605,218580,218630,218595,218615,248.05,20,-380.0,25,25,3142.0,False,False,bp,-4.391891891891892
4455,355.2961714806845,33,33,-17,218638,218630,218663,218633,218643,243.7,10,465.0,8,25,2629.0,True,False,bp,-4.391891891891892
4456,1820.231798314436,67,11,9,218701,218663,218730,218686,218713,156.84166666666667,27,14.0,38,29,5243.0,True,False,bp,-4.391891891891892
4457,2438.112983385963,70,-6,16,218773,218730,218800,218751,218785,208.8560606060606,34,-1945.0,43,27,5758.0,True,True,bp,-4.391891891891892
4458,1630.6430437265192,79,-14,-1,218839,218800,218879,218813,218857,108.30128205128204,44,-1326.0,39,40,4225.0,True,True,bp,-4.391891891891892
4459,2771.153441107271,50,3,-2,218903,218879,218929,218887,218915,200.94791666666669,28,-2076.0,24,26,5992.0,True,True,bp,-4.391891891891892
4460,2068.039351457779,67,13,-15,218955,218929,218996,218946,218968,270.1837606837607,22,-1782.0,26,41,5119.0,False,False,bp,-4.391891891891892
4461,520.9078546971148,34,4,4,219015,218996,219030,219003,219025,66.71666666666667,22,1511.0,19,15,1649.0,False,False,bp,-4.391891891891892
4462,1087.3018105189217,66,9,-10,219058,219030,219096,219051,219073,135.17142857142858,22,563.0,28,38,2439.0,True,False,bp,-4.391891891891892
4463,1775.1594096827332,67,9,-17,219121,219096,219163,219104,219131,197.75,27,-1713.0,25,42,4704.0,True,True,bp,-4.391891891891892
4464,1932.826270560317,50,7,-24,219176,219163,219213,219167,219193,166.88888888888889,26,-140.0,13,37,4988.0,True,True,bp,-4.391891891891892
4465,2109.0483403817498,68,26,-18,219238,219213,219281,219226,219260,173.67045454545456,34,-1120.0,25,43,3873.0,True,True,bp,-4.391891891891892
4466,447.40886958370595,89,5,27,219339,219281,219370,219320,219348,92.43567251461988,28,59.0,58,31,2559.0,True,False,bp,-4.391891891891892
4467,1119.7393836255883,57,-15,-21,219388,219370,219427,219381,219415,157.3941798941799,34,-604.0,18,39,2922.0,True,True,bp,-4.391891891891892
4468,743.2936581838737,36,-17,20,219455,219427,219463,219434,219459,146.70238095238096,25,-486.0,28,8,2115.0,True,False,bp,-4.391891891891892
4469,450.13818039616035,34,2,8,219484,219463,219497,219467,219491,88.31092436974791,24,320.0,21,13,2288.0,True,True,bp,-4.391891891891892
4470,1105.7552545859137,49,15,5,219524,219497,219546,219517,219533,169.03968253968253,16,577.0,27,22,3566.0,True,True,bp,-4.391891891891892
4471,1012.7953578926628,50,3,32,219587,219546,219596,219564,219589,135.20652173913044,25,193.0,41,9,1346.0,False,False,bp,-4.391891891891892
4472,794.6936410127001,73,-8,43,219654,219596,219669,219617,219660,141.04504504504504,43,-3018.0,58,15,3113.0,False,False,bp,-4.391891891891892
4473,942.213577756523,61,-6,45,219722,219669,219730,219695,219726,212.70833333333331,31,-3612.0,53,8,2620.0,True,True,bp,-4.391891891891892
4474,484.55347872862916,45,3,29,219767,219730,219775,219751,219768,75.1875,17,-3747.0,37,8,407.0,False,False,bp,-4.391891891891892
4475,867.8832616866742,37,-4,1,219794,219775,219812,219788,219804,153.93333333333334,16,-4408.0,19,18,3973.0,False,False,bp,-4.391891891891892
4476,1210.9831717861912,50,-22,2,219838,219812,219862,219816,219853,104.78181818181818,37,-3918.0,26,24,3787.0,True,True,bp,-4.391891891891892
4477,1123.0621910373566,34,14,-4,219877,219862,219896,219868,219881,283.47222222222223,13,-4649.0,15,19,2344.0,True,True,bp,-4.391891891891892
4478,386.6629473407396,37,-10,13,219921,219896,219933,219908,219927,74.7051282051282,19,-4665.0,25,12,1397.0,True,False,bp,-4.391891891891892
4479,249.45000986426757,41,4,-27,219940,219933,219974,219936,219960,140.5,24,-4624.0,7,34,1655.0,True,False,bp,-4.391891891891892
4480,294.2326746034116,39,13,9,219998,219974,220013,219988,220000,73.15,12,-4638.0,24,15,1088.0,True,True,bp,-4.391891891891892
4481,576.4411733674727,47,10,3,220038,220013,220060,220025,220044,148.5,19,-4317.0,25,22,2880.0,False,False,bp,-4.391891891891892
4482,198.56936693744598,36,-7,12,220084,220060,220096,220073,220092,67.50568181818181,19,-2025.0,24,12,1653.0,False,False,bp,-4.391891891891892
4483,456.8984883302046,35,9,5,220116,220096,220131,220104,220119,137.25,15,-2958.0,20,15,921.0,False,False,bp,-4.391891891891892
4484,557.1491288230865,46,10,4,220156,220131,220177,220143,220160,138.21153846153842,17,-4824.0,25,21,1638.0,False,False,bp,-4.391891891891892
4485,1063.8064785989907,53,-9,-23,220192,220177,220230,220187,220222,199.2333333333333,35,-5807.0,15,38,3824.0,True,False,bp,-4.391891891891892
4486,394.7512881157521,34,16,18,220256,220230,220264,220248,220259,270.75,11,-5198.0,26,8,2272.0,True,False,bp,-4.391891891891892
4487,604.3870306783896,66,-1,14,220304,220264,220330,220286,220310,198.36111111111111,24,-5893.0,40,26,3733.0,True,False,bp,-4.391891891891892
4488,756.0077662434683,29,4,-9,220340,220330,220359,220333,220352,133.00595238095238,19,-4324.0,10,19,2995.0,False,False,bp,-4.391891891891892
4489,315.23182103379065,55,-8,-7,220383,220359,220414,220375,220401,26.055555555555557,26,-2383.0,24,31,1850.0,False,False,bp,-4.391891891891892
4490,230.61366659031674,45,5,-25,220424,220414,220459,220419,220442,191.01111111111112,23,-3473.0,10,35,1659.0,True,True,bp,-4.391891891891892
4491,282.35279643560386,72,32,-44,220473,220459,220531,220470,220487,147.1547619047619,17,-2683.0,14,58,4465.0,False,False,bp,-4.391891891891892
4492,1223.9669816126207,50,8,-26,220543,220531,220581,220536,220557,207.14285714285717,21,-1277.0,12,38,3624.0,True,True,bp,-4.391891891891892
4493,558.9697968778437,49,25,-25,220593,220581,220630,220586,220601,158.22321428571428,15,411.0,12,37,2659.0,True,True,bp,-4.391891891891892
4494,797.7436792106005,50,-2,-2,220654,220630,220680,220641,220664,128.54615384615386,23,426.0,24,26,2557.0,True,True,bp,-4.391891891891892
4495,851.5323757194777,37,0,15,220706,220680,220717,220685,220712,101.42857142857143,27,-1373.0,26,11,1165.0,False,False,bp,-4.391891891891892
4496,497.27092667880964,69,-18,19,222405,222361,222430,222374,222416,55.79472140762464,42,377.0,44,25,2194.0,True,True,bp,3.230769230769231
4497,766.9167992075668,51,-1,-1,222455,222430,222481,222440,222469,86.16666666666669,29,736.0,25,26,3513.0,True,True,bp,3.230769230769231
4498,1400.5239327216425,49,3,-1,222505,222481,222530,222497,222523,138.38888888888889,26,1426.0,24,25,3436.0,True,True,bp,3.230769230769231
4499,3091.874260989372,66,6,8,222567,222530,222596,222552,222576,267.6333333333333,24,-1290.0,37,29,5716.0,True,True,bp,3.230769230769231
4500,2802.01347557953,63,20,-11,222622,222596,222659,222606,222633,215.73011363636363,27,-2465.0,26,37,4750.0,True,True,bp,3.230769230769231
4501,1558.3779554286025,88,-8,-26,222690,222659,222747,222680,222726,194.875,46,-3368.0,31,57,6330.0,True,True,bp,3.230769230769231
4502,2763.4896687570385,79,32,-29,222772,222747,222826,222764,222791,281.3092105263158,27,-3668.0,25,54,5532.0,True,True,bp,3.230769230769231
4503,887.7849288983805,67,-10,23,222871,222826,222893,222850,222879,68.05357142857143,29,-1548.0,45,22,804.0,False,False,bp,3.230769230769231
4504,854.0049290869266,36,9,-10,222906,222893,222929,222898,222921,102.54166666666666,23,-2153.0,13,23,2396.0,False,False,bp,3.230769230769231
4505,2896.879582911063,83,12,3,222972,222929,223012,222953,222986,221.50751879699246,33,-5400.0,43,40,8111.0,False,False,bp,3.230769230769231
4506,1930.6812773490728,69,10,-11,223041,223012,223081,223031,223067,163.06923076923078,36,-2662.0,29,40,3072.0,False,False,bp,3.230769230769231
4507,2726.557099391276,83,2,7,223126,223081,223164,223113,223143,246.23303167420812,30,-5867.0,45,38,8479.0,False,False,bp,3.230769230769231
4508,701.6172137987787,50,-12,34,223206,223164,223214,223175,223211,46.60967741935484,36,-136.0,42,8,689.0,False,False,bp,3.230769230769231
4509,820.4602523868542,83,-13,31,223271,223214,223297,223235,223282,138.52651515151516,47,-3235.0,57,26,5072.0,False,False,bp,3.230769230769231
4510,2085.3148712538227,65,23,-3,223328,223297,223362,223316,223345,133.30637254901958,29,-2827.0,31,34,2467.0,True,True,bp,3.230769230769231
4511,2066.3975768605746,89,21,-3,223405,223362,223451,223397,223423,258.7916666666667,26,-4628.0,43,46,8234.0,True,True,bp,3.230769230769231
4512,3205.693727784949,79,0,-5,223488,223451,223530,223470,223502,244.0873015873016,32,-5172.0,37,42,6157.0,False,False,bp,3.230769230769231
4513,1205.4533272770407,66,4,-16,223555,223530,223596,223534,223567,91.92857142857142,33,-1429.0,25,41,2526.0,False,False,bp,3.230769230769231
4514,2723.0353668540324,56,-3,-12,223618,223596,223652,223604,223635,217.47478991596643,31,-4726.0,22,34,7189.0,False,False,bp,3.230769230769231
4515,1929.7042555542291,60,11,-22,223671,223652,223712,223663,223684,199.66346153846158,21,-1328.0,19,41,4317.0,True,True,bp,3.230769230769231
4516,840.512342849615,35,13,-9,223725,223712,223747,223716,223735,97.56666666666668,19,398.0,13,22,747.0,False,False,bp,3.230769230769231
4517,731.1948165845002,50,-12,18,223781,223747,223797,223767,223790,104.37301587301589,23,-1929.0,34,16,2081.0,False,False,bp,3.230769230769231
4518,572.5786222132149,53,-3,-3,223822,223797,223850,223801,223834,81.38095238095238,33,-1329.0,25,28,2118.0,True,True,bp,3.230769230769231
4519,880.6983493249695,63,3,-19,223872,223850,223913,223864,223893,140.88392857142856,29,-2134.0,22,41,3479.0,True,False,bp,3.230769230769231
4520,489.8462110675811,101,-39,17,223972,223913,224014,223925,223991,46.985442329227325,66,-705.0,59,42,2762.0,True,False,bp,3.230769230769231
4521,1092.682695466294,34,-6,14,224038,224014,224048,224018,224042,190.55,24,-1327.0,24,10,2699.0,True,False,bp,3.230769230769231
4522,675.1652578623709,49,-18,31,224088,224048,224097,224060,224093,108.91428571428571,33,-1394.0,40,9,1935.0,True,True,bp,3.230769230769231
4523,381.63930136255937,50,5,-2,224121,224097,224147,224108,224128,92.65384615384615,20,-1073.0,24,26,1783.0,True,True,bp,3.230769230769231
4524,820.3543010457537,50,-1,-2,224171,224147,224197,224153,224185,83.09523809523809,32,-1434.0,24,26,2577.0,True,True,bp,3.230769230769231
4525,114.4364828983607,67,9,15,224238,224197,224264,224216,224250,88.99621212121212,34,-389.0,41,26,1763.0,True,True,bp,3.230769230769231
4526,140.41990242801845,66,0,50,224322,224264,224330,224293,224324,113.39655172413794,31,-299.0,58,8,1111.0,True,True,bp,3.230769230769231
4527,456.7401614541231,99,-35,19,224389,224330,224429,224355,224417,42.35504201680671,62,-901.0,59,40,2547.0,True,True,bp,3.230769230769231
4528,467.5438081717678,37,10,13,224454,224429,224466,224444,224456,179.45,12,-1549.0,25,12,1093.0,False,False,bp,3.230769230769231
4529,201.0276729906469,64,-32,14,224505,224466,224530,224478,224522,48.91503267973856,44,-2806.0,39,25,2100.0,False,False,bp,3.230769230769231
4530,627.1085954484304,31,6,-13,224539,224530,224561,224534,224557,131.95555555555558,23,-2472.0,9,22,2153.0,True,False,bp,3.230769230769231
4531,494.3457420636502,66,-3,22,224605,224561,224627,224586,224615,95.04736842105262,29,-3610.0,44,22,1102.0,False,False,bp,3.230769230769231
4532,438.8062554738459,53,-15,5,224656,224627,224680,224641,224671,115.23333333333332,30,-5454.0,29,24,2055.0,False,False,bp,3.230769230769231
4533,394.78123070356,38,-8,-14,224692,224680,224718,224686,224707,118.13333333333334,21,-5045.0,12,26,2750.0,False,False,bp,3.230769230769231
4534,185.8290522851527,31,-6,-23,224722,224718,224749,224720,224740,188.5,20,-3235.0,4,27,2583.0,False,False,bp,3.230769230769231
4535,822.8055029246922,49,-11,-27,224760,224749,224798,224754,224783,144.04710144927537,29,-2543.0,11,38,2956.0,True,True,bp,3.230769230769231
4536,495.5831391114878,32,-13,-18,224805,224798,224830,224801,224826,147.58928571428572,25,-1623.0,7,25,1582.0,True,True,bp,3.230769230769231
4537,524.9544092954635,46,-12,6,224856,224830,224876,224838,224866,79.10555555555554,28,-3103.0,26,20,924.0,False,False,bp,3.230769230769231
4538,520.9415339544396,44,-9,-18,224889,224876,224920,224882,224911,64.71103896103897,29,-3113.0,13,31,2741.0,False,False,bp,3.230769230769231
4539,967.7517613666513,54,21,-16,224939,224920,224974,224931,224954,111.34166666666668,23,-2246.0,19,35,3500.0,True,True,bp,3.230769230769231
4540,969.2231681143761,50,35,12,225005,224974,225024,224998,225008,254.02380952380955,10,-1429.0,31,19,2054.0,True,True,bp,3.230769230769231
4541,2842.7718334286633,67,16,-15,222373,222347,222414,222364,222389,339.02777777777777,25,-1852.0,26,41,7260.0,True,True,bp,3.230769230769231
4542,2156.799597351579,50,-10,0,222439,222414,222464,222430,222455,246.25,25,192.0,25,25,5086.0,True,True,bp,3.230769230769231
4543,983.3410131948452,49,-25,-11,222483,222464,222513,222470,222506,93.33110367892976,36,2313.0,19,30,2655.0,False,False,bp,3.230769230769231
4544,196.26298737995083,34,12,-14,222523,222513,222547,222517,222534,58.6969696969697,17,4009.0,10,24,1761.0,False,False,bp,3.230769230769231
4545,2373.305364070533,56,-1,-6,222572,222547,222603,222563,222591,207.6520467836257,28,833.0,25,31,4428.0,False,False,bp,3.230769230769231
4546,3889.075782683792,60,3,-10,222628,222603,222663,222618,222643,364.85,25,-2976.0,25,35,8512.0,True,True,bp,3.230769230769231
4547,3490.620873689781,50,0,2,222689,222663,222713,222671,222702,253.7542735042735,31,-2527.0,26,24,7592.0,True,True,bp,3.230769230769231
4548,1441.7814785740366,83,6,1,222755,222713,222796,222733,222765,123.73636363636362,32,618.0,42,41,2976.0,True,False,bp,3.230769230769231
4549,1445.0855003794873,39,-3,-15,222808,222796,222835,222803,222823,202.86666666666667,20,703.0,12,27,3768.0,False,False,bp,3.230769230769231
4550,384.45495113976983,28,11,2,222850,222835,222863,222840,222859,82.03888888888889,19,3036.0,15,13,1566.0,False,False,bp,3.230769230769231
4551,1410.5599074871868,62,13,12,222900,222863,222925,222889,222909,150.64646464646466,20,791.0,37,25,2521.0,False,False,bp,3.230769230769231
4552,756.4404176007097,94,-14,-34,222955,222925,223019,222942,222994,82.12820512820512,52,185.0,30,64,3674.0,True,False,bp,3.230769230769231
4553,1602.213280650257,72,4,-12,223049,223019,223091,223032,223067,105.41503267973856,35,-808.0,30,42,3022.0,True,True,bp,3.230769230769231
4554,1110.7574719764484,75,-32,-5,223126,223091,223166,223106,223155,62.34051724137931,49,-777.0,35,40,4069.0,True,False,bp,3.230769230769231
4555,1210.4227427359829,30,3,12,223187,223166,223196,223172,223191,210.25,19,-664.0,21,9,2379.0,True,False,bp,3.230769230769231
4556,363.45172842901405,34,2,16,223221,223196,223230,223213,223225,209.0,12,-891.0,25,9,2073.0,True,True,bp,3.230769230769231
4557,1457.9476430537889,82,-14,-28,223257,223230,223312,223239,223286,81.3917624521073,47,-1157.0,27,55,5875.0,False,False,bp,3.230769230769231
4558,2700.0258426677296,47,-3,5,223338,223312,223359,223319,223346,222.858552631579,27,-1529.0,26,21,4262.0,True,True,bp,3.230769230769231
4559,1270.851727115361,60,1,-2,223388,223359,223419,223370,223402,144.0079365079365,32,-2298.0,29,31,3073.0,False,False,bp,3.230769230769231
4560,1029.653305650014,44,14,-4,223439,223419,223463,223435,223450,195.6136363636364,15,-498.0,20,24,4667.0,False,False,bp,3.230769230769231
4561,1784.704474500944,64,-4,10,223500,223463,223527,223479,223516,109.07291666666666,37,-609.0,37,27,3302.0,True,True,bp,3.230769230769231
4562,1329.3811364495239,70,-12,18,223571,223527,223597,223549,223580,194.74747474747474,31,-2663.0,44,26,5509.0,False,False,bp,3.230769230769231
4563,343.5915576648956,32,8,-16,223605,223597,223629,223599,223612,190.35714285714286,13,945.0,8,24,2807.0,False,False,bp,3.230769230769231
4564,565.6509084637149,29,9,-9,223639,223629,223658,223633,223645,191.41666666666669,12,1383.0,10,19,2076.0,True,False,bp,3.230769230769231
4565,1245.7750180508735,53,-4,-25,223672,223658,223711,223666,223694,183.98484848484847,28,395.0,14,39,2650.0,True,False,bp,3.230769230769231
4566,804.7348987142308,53,2,3,223739,223711,223764,223718,223748,83.66666666666667,30,-765.0,28,25,1591.0,False,False,bp,3.230769230769231
4567,853.252939168479,83,19,-37,223787,223764,223847,223780,223807,141.09285714285716,27,-1428.0,23,60,4221.0,True,False,bp,3.230769230769231
4568,1074.5365013979865,65,-37,5,223882,223847,223912,223853,223904,63.28996865203762,51,97.0,35,30,3286.0,True,False,bp,3.230769230769231
4569,1842.2338261536459,51,-14,-7,223934,223912,223963,223918,223950,142.65625,32,-1860.0,22,29,3728.0,True,True,bp,3.230769230769231
4570,644.0398130392588,62,14,-42,223973,223963,224025,223968,223993,150.875,25,-372.0,10,52,2446.0,True,True,bp,3.230769230769231
4571,531.9017415637696,39,6,-13,224038,224025,224064,224032,224051,111.80128205128206,19,51.0,13,26,1842.0,True,True,bp,3.230769230769231
4572,1152.9620523063454,49,28,3,224090,224064,224113,224076,224095,183.3357142857143,19,-1596.0,26,23,3398.0,True,True,bp,3.230769230769231
4573,366.7458324458132,50,10,34,224155,224113,224163,224142,224158,125.41025641025641,16,-164.0,42,8,1324.0,True,False,bp,3.230769230769231
4574,1024.5431798077595,57,0,3,224193,224163,224220,224184,224207,134.17857142857144,23,-1420.0,30,27,2858.0,True,False,bp,3.230769230769231
4575,412.0339613263672,26,18,4,224235,224220,224246,224230,224241,179.36666666666667,11,-544.0,15,11,2012.0,True,False,bp,3.230769230769231
4576,700.7306771746539,84,-15,36,224306,224246,224330,224270,224312,144.52777777777774,42,-694.0,60,24,3629.0,True,False,bp,3.230769230769231
4577,1022.5283079815649,50,-23,10,224360,224330,224380,224339,224374,69.69047619047619,35,-1102.0,30,20,1347.0,False,False,bp,3.230769230769231
4578,770.7802418138695,33,6,-9,224392,224380,224413,224386,224404,227.70833333333331,18,-3061.0,12,21,3089.0,False,False,bp,3.230769230769231
4579,753.4440630335289,51,-17,33,224455,224413,224464,224428,224460,94.2074074074074,32,-3063.0,42,9,1518.0,False,False,bp,3.230769230769231
4580,643.5220392151235,50,-18,22,224500,224464,224514,224475,224506,93.53,31,-4137.0,36,14,2053.0,True,False,bp,3.230769230769231
4581,295.5532113190416,48,17,-30,224523,224514,224562,224519,224534,217.0681818181818,15,-3912.0,9,39,3933.0,False,False,bp,3.230769230769231
4582,981.2939445307708,38,21,18,224590,224562,224600,224566,224595,111.475,29,-3475.0,28,10,1739.0,False,False,bp,3.230769230769231
4583,461.3465657129465,128,-29,8,224668,224600,224728,224645,224703,52.68571428571428,58,-5364.0,68,60,3165.0,False,False,bp,3.230769230769231
4584,267.0203550473991,37,4,-17,224738,224728,224765,224732,224752,119.73809523809523,20,-3334.0,10,27,2258.0,False,False,bp,3.230769230769231
4585,1161.4438683767933,65,14,-27,224784,224765,224830,224776,224799,146.77916666666667,23,-3563.0,19,46,4002.0,True,False,bp,3.230769230769231
4586,745.9692621231305,40,-16,12,224856,224830,224870,224836,224863,110.51785714285714,27,-3107.0,26,14,1319.0,False,False,bp,3.230769230769231
4587,460.0989237390128,60,-10,-26,224887,224870,224930,224874,224913,65.84615384615384,39,-2929.0,17,43,3378.0,False,False,bp,3.230769230769231
4588,1068.5696888913053,63,12,-13,224955,224930,224993,224942,224974,72.85222672064776,32,-1827.0,25,38,2570.0,True,True,bp,3.230769230769231
4589,612.7075321282915,54,13,38,225039,224993,225047,225018,225041,94.71428571428572,23,-2192.0,46,8,591.0,False,False,bp,3.230769230769231
4590,579.8223302249305,51,-12,-21,226344,226329,226380,226332,226372,45.125,40,1621.0,15,36,3063.0,False,False,bp,-6.166666666666667
4591,1990.6149258126475,67,-5,-5,226411,226380,226447,226400,226434,152.2193675889328,34,353.0,31,36,4117.0,True,True,bp,-6.166666666666667
4592,2806.633212635256,66,1,-4,226478,226447,226513,226463,226493,226.2,30,-3703.0,31,35,5387.0,False,False,bp,-6.166666666666667
4593,1152.9822741337096,53,15,-3,226538,226513,226566,226524,226546,138.53571428571428,22,-496.0,25,28,3617.0,False,False,bp,-6.166666666666667
4594,440.6654043777716,33,20,11,226588,226566,226599,226583,226591,164.63333333333333,8,1689.0,22,11,1279.0,False,False,bp,-6.166666666666667
4595,357.7641183315517,35,14,13,226623,226599,226634,226619,226627,152.625,8,1973.0,24,11,1478.0,True,False,bp,-6.166666666666667
4596,463.1410199962007,63,3,-19,226656,226634,226697,226649,226677,94.76190476190477,28,1069.0,22,41,1200.0,True,False,bp,-6.166666666666667
4597,370.0402833944872,47,-15,3,226722,226697,226744,226708,226736,55.46428571428571,28,398.0,25,22,996.0,True,True,bp,-6.166666666666667
4598,399.83098615776726,69,-24,-13,226772,226744,226813,226749,226795,47.73913043478261,46,-274.0,28,41,2621.0,True,True,bp,-6.166666666666667
4599,382.8975247244159,51,18,-33,226822,226813,226864,226817,226840,175.65,23,-370.0,9,42,1558.0,True,True,bp,-6.166666666666667
4600,468.0762791759809,50,12,-4,226887,226864,226914,226881,226900,154.00641025641025,19,-1221.0,23,27,1794.0,True,True,bp,-6.166666666666667
4601,173.40354867672661,34,6,14,226938,226914,226948,226931,226941,105.0238095238095,10,-540.0,24,10,904.0,True,True,bp,-6.166666666666667
4602,238.6256865380632,48,-8,0,226972,226948,226996,226957,226983,50.03030303030303,26,-850.0,24,24,1307.0,True,True,bp,-6.166666666666667
4603,574.3555945195743,67,-16,-47,227006,226996,227063,227001,227042,144.40277777777774,41,-1735.0,10,57,2440.0,False,False,bp,-6.166666666666667
4604,265.6377332209543,66,-10,-48,227072,227063,227129,227067,227109,66.14594594594595,42,150.0,9,57,3680.0,False,False,bp,-6.166666666666667
4605,582.0532774708255,50,-11,4,227156,227129,227179,227141,227168,52.49166666666666,27,1318.0,27,23,1484.0,True,False,bp,-6.166666666666667
4606,308.75107332194307,34,3,-14,227189,227179,227213,227184,227200,123.9090909090909,16,1254.0,10,24,2072.0,True,True,bp,-6.166666666666667
4607,480.67802473021584,34,7,18,227239,227213,227247,227219,227243,101.175,24,683.0,26,8,1267.0,False,False,bp,-6.166666666666667
4608,579.1921478527148,66,-6,18,227289,227247,227313,227274,227306,42.33725490196078,32,891.0,42,24,2649.0,False,False,bp,-6.166666666666667
4609,1023.1750856552163,68,-5,6,227350,227313,227381,227332,227367,88.70261437908495,35,-11.0,37,31,2578.0,True,True,bp,-6.166666666666667
4610,768.2986923774289,66,0,-16,227406,227381,227447,227397,227425,67.41812865497076,28,1234.0,25,41,2108.0,True,True,bp,-6.166666666666667
4611,452.5476758998145,66,-19,18,227489,227447,227513,227453,227502,55.681623931623925,49,1065.0,42,24,2268.0,True,True,bp,-6.166666666666667
4612,598.8852231800738,50,19,4,227540,227513,227563,227532,227543,139.16666666666666,11,1125.0,27,23,1014.0,False,False,bp,-6.166666666666667
4613,210.96432043004998,34,-2,10,227585,227563,227597,227573,227592,66.5059523809524,19,700.0,22,12,1051.0,False,False,bp,-6.166666666666667
4614,720.2602924060918,67,-7,15,227638,227597,227664,227609,227646,112.35560344827586,37,-1002.0,41,26,3035.0,False,False,bp,-6.166666666666667
4615,368.4630253878185,33,7,17,227689,227664,227697,227676,227693,74.07692307692308,17,498.0,25,8,1059.0,True,False,bp,-6.166666666666667
4616,256.4345733216004,78,38,-26,227723,227697,227775,227717,227739,96.48958333333331,22,-102.0,26,52,1407.0,True,False,bp,-6.166666666666667
4617,786.6937328626816,52,-5,16,227809,227775,227827,227799,227822,114.78076923076924,23,-1421.0,34,18,2460.0,True,False,bp,-6.166666666666667
4618,160.3173728484865,36,-13,12,227851,227827,227863,227840,227860,41.24242424242424,20,-862.0,24,12,1326.0,True,False,bp,-6.166666666666667
4619,436.2486896532994,37,-4,-19,227872,227863,227900,227867,227888,118.0375,21,-1321.0,9,28,1428.0,True,False,bp,-6.166666666666667
4620,227.4001243439937,30,-6,14,227922,227900,227930,227905,227926,70.14705882352942,21,-1432.0,22,8,825.0,False,False,bp,-6.166666666666667
4621,449.85216047377855,34,1,18,227956,227930,227964,227941,227960,105.43333333333334,19,-2693.0,26,8,1512.0,False,False,bp,-6.166666666666667
4622,339.5468189621518,49,-5,23,228000,227964,228013,227980,228005,100.6,25,-3476.0,36,13,1209.0,True,True,bp,-6.166666666666667
4623,360.815713116629,67,-5,-17,228038,228013,228080,228025,228060,63.64335664335664,35,-4027.0,25,42,2158.0,True,False,bp,-6.166666666666667
4624,534.2972339616857,34,6,16,228105,228080,228114,228090,228108,134.26666666666665,18,-3406.0,25,9,1724.0,True,False,bp,-6.166666666666667
4625,260.2667970869254,35,10,13,228138,228114,228149,228132,228146,178.0,14,-4519.0,24,11,1958.0,True,False,bp,-6.166666666666667
4626,363.2996658903664,80,32,-2,228188,228149,228229,228170,228201,103.09401709401709,31,-5792.0,39,41,4389.0,True,False,bp,-6.166666666666667
4627,565.7038137089384,68,-19,44,228285,228229,228297,228264,228292,95.64285714285714,28,-4522.0,56,12,2078.0,True,False,bp,-6.166666666666667
4628,364.28082522774383,66,27,-38,228311,228297,228363,228301,228321,112.65,20,-4460.0,14,52,2543.0,True,False,bp,-6.166666666666667
4629,416.9407531701395,50,-16,4,228390,228363,228413,228368,228401,79.86363636363637,33,-3829.0,27,23,1492.0,True,False,bp,-6.166666666666667
4630,382.3091626755966,56,27,-38,228422,228413,228469,228418,228439,110.64705882352942,21,-3135.0,9,47,3339.0,False,False,bp,-6.166666666666667
4631,492.17386483955727,61,19,-19,228490,228469,228530,228487,228506,182.61458333333331,19,-831.0,21,40,2928.0,False,False,bp,-6.166666666666667
4632,2365.138262781918,66,2,-6,226360,226330,226396,226344,226376,156.71875,32,-536.0,30,36,7573.0,False,False,bp,-6.166666666666667
4633,4610.207562512249,52,-1,2,226423,226396,226448,226410,226438,344.0717948717948,28,-4831.0,27,25,7319.0,True,True,bp,-6.166666666666667
4634,2011.8788588345112,65,15,-9,226476,226448,226513,226465,226483,237.30519480519482,18,-2731.0,28,37,3297.0,False,False,bp,-6.166666666666667
4635,881.2889648740518,68,-19,-46,226524,226513,226581,226516,226560,96.79166666666666,44,-964.0,11,57,5027.0,False,False,bp,-6.166666666666667
4636,1270.5908994302374,33,-9,11,226603,226581,226614,226585,226607,137.97222222222223,22,-239.0,22,11,1576.0,False,False,bp,-6.166666666666667
4637,510.6278573731746,35,-12,7,226635,226614,226649,226620,226643,102.29166666666666,23,-1639.0,21,14,1487.0,False,False,bp,-6.166666666666667
4638,861.6594022953525,71,-4,-25,226672,226649,226720,226654,226690,90.30555555555556,36,-3580.0,23,48,2536.0,False,False,bp,-6.166666666666667
4639,336.8024625356756,72,-8,-46,226733,226720,226792,226722,226769,49.94570707070707,47,-2063.0,13,59,2618.0,False,False,bp,-6.166666666666667
4640,812.3725288511116,54,-2,6,226822,226792,226846,226808,226840,59.420634920634924,32,-1761.0,30,24,2495.0,True,True,bp,-6.166666666666667
4641,648.0446245649829,68,-23,40,226900,226846,226914,226870,226906,128.53333333333333,36,-1737.0,54,14,2613.0,True,False,bp,-6.166666666666667
4642,278.27773371864,30,11,0,226929,226914,226944,226919,226936,140.62142857142857,17,-1178.0,15,15,1793.0,False,False,bp,-6.166666666666667
4643,1350.7796033733748,54,14,4,226973,226944,226998,226964,226980,251.32539682539684,16,-3170.0,29,25,3765.0,False,False,bp,-6.166666666666667
4644,545.3659632808445,39,0,15,227025,226998,227037,227010,227027,144.86666666666667,17,-1234.0,27,12,1475.0,False,False,bp,-6.166666666666667
4645,109.5294917769587,26,4,10,227055,227037,227063,227044,227059,128.86363636363637,15,-474.0,18,8,1615.0,False,False,bp,-6.166666666666667
4646,522.2408730782165,54,2,-2,227089,227063,227117,227078,227101,91.3030303030303,23,-671.0,26,28,2451.0,True,True,bp,-6.166666666666667
4647,529.9337577617746,46,-13,-2,227139,227117,227163,227126,227158,60.39271255060729,32,397.0,22,24,1821.0,True,True,bp,-6.166666666666667
4648,389.623683865,50,0,34,227205,227163,227213,227177,227207,102.21428571428572,30,-302.0,42,8,1040.0,False,False,bp,-6.166666666666667
4649,1081.2691606105236,68,-16,16,227255,227213,227281,227237,227272,86.6062091503268,35,-1983.0,42,26,3679.0,False,False,bp,-6.166666666666667
4650,1271.769136681322,55,0,-5,227306,227281,227336,227291,227320,106.93571428571428,29,-592.0,25,30,3612.0,True,True,bp,-6.166666666666667
4651,880.9208686274777,40,-2,24,227368,227336,227376,227349,227372,101.42763157894736,23,157.0,32,8,1419.0,False,False,bp,-6.166666666666667
4652,909.751111343616,58,20,4,227407,227376,227434,227393,227415,133.375,22,-1865.0,31,27,2549.0,False,False,bp,-6.166666666666667
4653,921.395330681499,73,8,3,227472,227434,227507,227457,227486,64.3452380952381,29,-2415.0,38,35,3442.0,True,True,bp,-6.166666666666667
4654,777.4965504063573,51,6,19,227542,227507,227558,227523,227546,169.14473684210526,23,-1268.0,35,16,2593.0,True,True,bp,-6.166666666666667
4655,278.4624768704002,72,-26,18,227603,227558,227630,227575,227617,25.375,42,-1169.0,45,27,586.0,False,False,bp,-6.166666666666667
4656,387.81600247840464,47,-27,5,227656,227630,227677,227633,227672,38.400815217391305,39,-2681.0,26,21,1562.0,False,False,bp,-6.166666666666667
4657,797.939283821148,53,12,-25,227691,227677,227730,227684,227702,138.61688311688312,18,-3104.0,14,39,3157.0,False,False,bp,-6.166666666666667
4658,406.4513898461208,62,-27,-46,227738,227730,227792,227732,227779,53.90447154471545,47,-747.0,8,54,2587.0,False,False,bp,-6.166666666666667
4659,377.6623453572702,34,5,-8,227805,227792,227826,227799,227815,134.6,16,95.0,13,21,1639.0,True,False,bp,-6.166666666666667
4660,257.3553156816199,36,15,-10,227839,227826,227862,227836,227849,144.98333333333332,13,364.0,13,23,1375.0,True,True,bp,-6.166666666666667
4661,259.8442154858173,42,-7,16,227891,227862,227904,227877,227899,67.80357142857143,22,-58.0,29,13,1509.0,True,False,bp,-6.166666666666667
4662,125.10819077608812,26,2,2,227918,227904,227930,227914,227927,139.76388888888889,13,111.0,14,12,1025.0,False,False,bp,-6.166666666666667
4663,139.93211590710786,34,-2,16,227955,227930,227964,227942,227957,175.36538461538458,15,-1199.0,25,9,1499.0,False,False,bp,-6.166666666666667
4664,621.5238211818095,66,-22,-6,227994,227964,228030,227970,228015,66.86607142857143,45,-1667.0,30,36,2010.0,True,False,bp,-6.166666666666667
4665,339.70297077539533,50,-18,-6,228052,228030,228080,228038,228069,64.18067226890757,31,-1998.0,22,28,1523.0,True,True,bp,-6.166666666666667
4666,210.5126941037113,70,20,-54,228088,228080,228150,228082,228111,137.93478260869566,29,-2362.0,8,62,2722.0,True,False,bp,-6.166666666666667
4667,396.49265786741273,45,8,-1,228172,228150,228195,228160,228181,82.66666666666667,21,-1234.0,22,23,1675.0,True,False,bp,-6.166666666666667
4668,1034.7607124201108,51,9,1,228221,228195,228246,228210,228225,230.8636363636364,15,-1254.0,26,25,3252.0,True,True,bp,-6.166666666666667
4669,443.91858202933787,23,7,-3,228256,228246,228269,228249,228264,121.35714285714286,15,-372.0,10,13,852.0,False,False,bp,-6.166666666666667
4670,413.9715571875523,93,-24,15,228323,228269,228362,228286,228340,76.63116057233705,54,-3665.0,54,39,3647.0,False,False,bp,-6.166666666666667
4671,626.8156393229533,96,-20,-18,228401,228362,228458,228370,228427,67.8957816377171,57,-2134.0,39,57,5509.0,False,False,bp,-6.166666666666667
4672,674.1614192825723,56,-12,-26,228473,228458,228514,228464,228501,77.00992063492063,37,1281.0,15,41,2047.0,False,False,bp,-6.166666666666667
4673,216.9857286634057,38,5,14,228540,228514,228552,228526,228544,80.25,18,1226.0,26,12,823.0,False,False,bp,-6.166666666666667
4674,2334.266583813015,101,10,19,230240,230180,230281,230230,230258,279.3,28,-2310.0,60,41,6843.0,False,False,bp,0.7659574468085106
4675,2402.1087087338565,66,4,-10,230309,230281,230347,230296,230329,151.18653846153848,33,-7.0,28,38,5233.0,True,True,bp,0.7659574468085106
4676,2478.1614702632182,83,6,-7,230385,230347,230430,230366,230399,186.36466165413532,33,-411.0,38,45,6238.0,True,True,bp,0.7659574468085106
4677,1704.95190019519,84,14,-34,230455,230430,230514,230438,230479,153.875,41,-699.0,25,59,4832.0,True,False,bp,0.7659574468085106
4678,907.9768182739003,94,-28,22,230572,230514,230608,230534,230590,81.22807017543859,56,-1068.0,58,36,3874.0,True,False,bp,0.7659574468085106
4679,1411.0313230585905,39,-10,21,230638,230608,230647,230618,230641,254.5,23,-1196.0,30,9,2869.0,True,False,bp,0.7659574468085106
4680,544.967800785342,67,2,-19,230671,230647,230714,230654,230685,100.63865546218487,31,-1445.0,24,43,2318.0,True,False,bp,0.7659574468085106
4681,536.4163707675009,50,0,-32,230723,230714,230764,230718,230744,142.46190476190475,26,-733.0,9,41,3707.0,False,False,bp,0.7659574468085106
4682,875.4800092601419,50,11,-26,230776,230764,230814,230770,230795,152.13596491228068,25,635.0,12,38,3995.0,True,True,bp,0.7659574468085106
4683,1176.260111798895,83,15,-33,230839,230814,230897,230831,230865,159.53365384615384,34,1680.0,25,58,3071.0,False,False,bp,0.7659574468085106
4684,3279.775659541527,66,33,-12,230924,230897,230963,230914,230934,381.25,20,-1828.0,27,39,7700.0,False,False,bp,0.7659574468085106
4685,1658.3478344821976,83,-14,7,231008,230963,231046,230987,231029,148.83333333333334,42,-1760.0,45,38,5096.0,False,False,bp,0.7659574468085106
4686,444.0256639399942,40,4,12,231072,231046,231086,231057,231077,59.66666666666666,20,2258.0,26,14,1406.0,False,False,bp,0.7659574468085106
4687,1536.797476699129,48,30,-8,231106,231086,231134,231101,231124,190.25555555555556,23,1089.0,20,28,3059.0,True,False,bp,0.7659574468085106
4688,1013.1831256337372,91,-5,19,231189,231134,231225,231177,231212,123.05978260869566,35,204.0,55,36,3573.0,True,False,bp,0.7659574468085106
4689,2073.8099361935183,72,-1,-10,231256,231225,231297,231242,231276,196.75357142857143,34,-2316.0,31,41,7363.0,False,False,bp,0.7659574468085106
4690,682.1733105535208,35,-7,33,231331,231297,231332,231309,231332,-61.13636363636363,23,1781.0,34,1,-197.0,False,False,bp,0.7659574468085106
4691,1204.9729013774631,67,11,13,231372,231332,231399,231348,231377,213.08333333333331,29,-1989.0,40,27,3965.0,False,False,bp,0.7659574468085106
4692,1251.7430488186535,65,-12,13,231438,231399,231464,231417,231456,59.64285714285714,39,434.0,39,26,4271.0,False,False,bp,0.7659574468085106
4693,4081.625125884012,66,1,-6,231494,231464,231530,231483,231509,326.3575757575758,26,-3901.0,30,36,7681.0,False,False,bp,0.7659574468085106
4694,1301.3975338559696,67,-4,-15,231556,231530,231597,231536,231574,78.2722222222222,38,-99.0,26,41,2317.0,True,True,bp,0.7659574468085106
4695,802.5060450629056,51,15,1,231623,231597,231648,231608,231642,46.671929824561396,34,-77.0,26,25,2169.0,True,False,bp,0.7659574468085106
4696,298.0970381347582,98,-5,18,231706,231648,231746,231691,231725,94.12982456140352,34,-734.0,58,40,2695.0,False,False,bp,0.7659574468085106
4697,217.9046567362458,67,-4,-15,231772,231746,231813,231754,231792,30.961111111111112,38,787.0,26,41,1385.0,False,False,bp,0.7659574468085106
4698,125.00436859694814,50,2,34,231855,231813,231863,231826,231858,47.01149425287356,32,-742.0,42,8,367.0,False,False,bp,0.7659574468085106
4699,275.37269373274535,51,16,33,231905,231863,231914,231892,231909,139.86538461538458,17,-2385.0,42,9,1593.0,False,False,bp,0.7659574468085106
4700,706.8377845444252,50,12,32,231955,231914,231964,231942,231959,151.15384615384616,17,-3321.0,41,9,2003.0,True,True,bp,0.7659574468085106
4701,589.6747663600947,57,-3,29,232007,231964,232021,231988,232011,55.151315789473685,23,-3707.0,43,14,695.0,False,False,bp,0.7659574468085106
4702,231.14307199077615,44,3,-6,232040,232021,232065,232031,232051,71.3030303030303,20,-2960.0,19,25,2131.0,False,False,bp,0.7659574468085106
4703,220.1792025688137,33,1,3,232083,232065,232098,232074,232092,47.83333333333334,18,-1938.0,18,15,1353.0,True,True,bp,0.7659574468085106
4704,612.5712673414675,48,15,4,232124,232098,232146,232111,232140,90.7596153846154,29,-2574.0,26,22,2212.0,True,True,bp,0.7659574468085106
4705,432.4262459042741,67,21,17,232188,232146,232213,232184,232198,227.825,14,-2359.0,42,25,1978.0,True,True,bp,0.7659574468085106
4706,464.00812659502594,50,21,2,232239,232213,232263,232233,232244,145.2,11,-1538.0,26,24,1811.0,True,True,bp,0.7659574468085106
4707,509.78140860021415,68,-8,10,232302,232263,232331,232276,232317,30.8,41,-2633.0,39,29,1147.0,False,False,bp,0.7659574468085106
4708,841.6378503992286,85,-14,5,232376,232331,232416,232350,232399,73.47157190635451,49,-4620.0,45,40,4046.0,False,False,bp,0.7659574468085106
4709,1149.816276270476,83,1,1,230238,230196,230279,230216,230252,104.78571428571428,36,-1095.0,42,41,3522.0,True,True,bp,0.7659574468085106
4710,3431.227099810976,66,3,-14,230305,230279,230345,230289,230324,220.96217105263162,35,-3724.0,26,40,9101.0,True,True,bp,0.7659574468085106
4711,5044.225871289209,72,13,-12,230375,230345,230417,230362,230392,401.0180995475112,30,-6448.0,30,42,11513.0,True,True,bp,0.7659574468085106
4712,3505.856614088072,81,-7,-5,230455,230417,230498,230435,230481,235.35384615384612,46,-5369.0,38,43,10335.0,True,True,bp,0.7659574468085106
4713,2695.6207370711445,83,23,-3,230538,230498,230581,230520,230553,167.86666666666667,33,-2488.0,40,43,3522.0,False,False,bp,0.7659574468085106
4714,3337.248519466935,78,-3,2,230621,230581,230659,230609,230641,264.525,32,-6045.0,40,38,9835.0,False,False,bp,0.7659574468085106
4715,2069.504911220572,68,-5,-16,230685,230659,230727,230670,230704,118.55087719298244,34,-348.0,26,42,3218.0,False,False,bp,0.7659574468085106
4716,862.8366574369554,53,4,-27,230740,230727,230780,230733,230764,130.52678571428572,31,147.0,13,40,1456.0,False,False,bp,0.7659574468085106
4717,1253.0299764830004,84,19,-32,230806,230780,230864,230799,230834,196.28571428571428,35,-2510.0,26,58,5991.0,False,False,bp,0.7659574468085106
4718,1716.385393333195,82,-5,2,230906,230864,230946,230888,230923,127.42156862745097,35,-1195.0,42,40,4512.0,True,False,bp,0.7659574468085106
4719,2132.905250532489,48,6,-8,230966,230946,230994,230953,230973,220.74725274725282,20,-2142.0,20,28,3593.0,True,False,bp,0.7659574468085106
4720,1450.2940521868163,53,12,-29,231006,230994,231047,230999,231019,201.63186813186815,20,-1258.0,12,41,4473.0,True,False,bp,0.7659574468085106
4721,1136.6364547933479,50,-27,2,231073,231047,231097,231051,231090,84.92245989304814,39,-501.0,26,24,2816.0,True,False,bp,0.7659574468085106
4722,502.0330370002711,35,-7,-11,231109,231097,231132,231102,231123,116.03571428571428,21,-22.0,12,23,1969.0,True,False,bp,0.7659574468085106
4723,390.33385573823614,99,-44,-53,231155,231132,231231,231137,231209,34.648148148148145,72,174.0,23,76,2344.0,True,False,bp,0.7659574468085106
4724,906.65400923416,50,-2,-2,231255,231231,231281,231237,231269,84.02777777777777,32,-150.0,24,26,1803.0,True,False,bp,0.7659574468085106
4725,915.7630936900281,82,-3,-14,231315,231281,231363,231299,231343,75.66964285714286,44,-1083.0,34,48,3073.0,True,True,bp,0.7659574468085106
4726,558.9142305014112,97,-19,-39,231392,231363,231460,231384,231436,86.2784090909091,52,-139.0,29,68,3057.0,True,True,bp,0.7659574468085106
4727,1485.033240136368,68,-17,12,231500,231460,231528,231469,231512,112.10080645161291,43,-369.0,40,28,4588.0,True,True,bp,0.7659574468085106
4728,1334.8558565688966,53,-23,31,231570,231528,231581,231538,231576,113.921875,38,-541.0,42,11,2231.0,False,False,bp,0.7659574468085106
4729,653.6552296032701,34,7,8,231602,231581,231615,231591,231608,124.87878787878788,17,-1831.0,21,13,1294.0,False,False,bp,0.7659574468085106
4730,810.1700657147986,46,30,2,231639,231615,231661,231632,231644,216.97142857142862,12,-2349.0,24,22,3050.0,True,True,bp,0.7659574468085106
4731,1054.9749477324744,56,-3,10,231694,231661,231717,231686,231707,162.26923076923075,21,-2703.0,33,23,2802.0,True,True,bp,0.7659574468085106
4732,472.21884612503885,31,-5,13,231739,231717,231748,231725,231744,59.15714285714286,19,-2453.0,22,9,1041.0,False,False,bp,0.7659574468085106
4733,513.8431913252778,62,4,-14,231772,231748,231810,231758,231790,31.218253968253972,32,-3012.0,24,38,2135.0,True,False,bp,0.7659574468085106
4734,547.7403795285668,54,-26,36,231855,231810,231864,231826,231860,117.55862068965516,34,-4569.0,45,9,1612.0,False,False,bp,0.7659574468085106
4735,499.7137632992351,50,-5,0,231889,231864,231914,231868,231902,88.96336996336996,34,-5287.0,25,25,1971.0,True,False,bp,0.7659574468085106
4736,338.34953047813286,79,1,1,231954,231914,231993,231931,231965,92.70750988142292,34,-5947.0,40,39,3056.0,False,False,bp,0.7659574468085106
4737,454.45990778427046,33,17,3,232011,231993,232026,232000,232018,80.13636363636364,18,-4234.0,18,15,1905.0,False,False,bp,0.7659574468085106
4738,1012.6532601965182,52,24,10,232057,232026,232078,232053,232065,283.5625,12,-5148.0,31,21,3266.0,True,True,bp,0.7659574468085106
4739,345.8411592332462,69,-13,19,232122,232078,232147,232101,232135,75.64835164835166,34,-4198.0,44,25,3276.0,False,False,bp,0.7659574468085106
4740,267.29552731528986,34,-7,4,232166,232147,232181,232156,232177,39.92272727272727,21,-2058.0,19,15,1888.0,False,False,bp,0.7659574468085106
4741,529.7826858594146,51,2,-3,232205,232181,232232,232191,232212,119.82142857142857,21,-1561.0,24,27,2480.0,True,False,bp,0.7659574468085106
4742,165.81221915199058,18,21,-4,232239,232232,232250,232235,232245,155.41666666666666,10,-515.0,7,11,1127.0,False,False,bp,0.7659574468085106
4743,398.4293730231138,63,-17,39,232301,232250,232313,232276,232310,58.94222222222222,34,-2504.0,51,12,1018.0,False,False,bp,0.7659574468085106
4744,600.3994230886226,46,4,6,232339,232313,232359,232327,232350,114.17045454545456,23,-4054.0,26,20,3049.0,False,False,bp,0.7659574468085106
4745,1355.1014431367364,66,13,16,235072,235031,235097,235056,235082,97.10625,26,-4.0,41,25,3917.0,False,False,bp,-2.263157894736842
4746,1348.9556406660604,80,8,4,235139,235097,235177,235121,235158,86.55555555555556,37,-324.0,42,38,2399.0,True,True,bp,-2.263157894736842
4747,984.1434416361283,87,-7,35,235238,235177,235264,235203,235245,133.62857142857143,42,-1736.0,61,26,3429.0,True,False,bp,-2.263157894736842
4748,1929.4387015717246,50,11,0,235289,235264,235314,235280,235306,185.52941176470588,26,-2332.0,25,25,4728.0,True,False,bp,-2.263157894736842
4749,1002.5169833146884,100,15,6,235367,235314,235414,235343,235377,84.93333333333334,34,-1086.0,53,47,1710.0,False,False,bp,-2.263157894736842
4750,287.37499751682674,34,16,8,235435,235414,235448,235426,235443,89.7013888888889,17,-648.0,21,13,1461.0,True,False,bp,-2.263157894736842
4751,1069.9286474141215,66,27,16,235489,235448,235514,235476,235495,137.5320512820513,19,-946.0,41,25,3449.0,True,False,bp,-2.263157894736842
4752,1846.6799392104328,83,-10,5,235558,235514,235597,235541,235577,153.32352941176467,36,-2737.0,44,39,6376.0,False,False,bp,-2.263157894736842
4753,1170.5065269844142,40,-3,10,235622,235597,235637,235603,235629,106.43609022556393,26,1239.0,25,15,2114.0,False,False,bp,-2.263157894736842
4754,788.7901745155976,43,0,21,235669,235637,235680,235652,235675,66.20098039215686,23,-154.0,32,11,243.0,False,False,bp,-2.263157894736842
4755,462.25803960577497,50,-13,4,235707,235680,235730,235698,235726,87.43567251461988,28,-1880.0,27,23,2422.0,False,False,bp,-2.263157894736842
4756,432.63576116908416,50,-23,0,235755,235730,235780,235741,235775,28.714285714285715,34,-1615.0,25,25,2017.0,True,True,bp,-2.263157894736842
4757,674.2922784749462,50,27,-6,235802,235780,235830,235786,235811,82.68402777777777,25,-1739.0,22,28,1782.0,True,False,bp,-2.263157894736842
4758,620.9788840027883,67,-23,39,235883,235830,235897,235863,235893,83.825,30,-2549.0,53,14,1861.0,True,False,bp,-2.263157894736842
4759,186.47020866122605,50,16,-32,235906,235897,235947,235900,235918,135.91666666666666,18,-2552.0,9,41,2089.0,True,False,bp,-2.263157894736842
4760,723.1663148877307,50,-29,20,235982,235947,235997,235952,235991,59.43888888888888,39,-3511.0,35,15,1574.0,True,False,bp,-2.263157894736842
4761,193.49433209797283,33,5,-9,236009,235997,236030,236001,236018,96.85416666666666,17,-3624.0,12,21,2233.0,True,False,bp,-2.263157894736842
4762,361.5004935114244,67,3,-27,236050,236030,236097,236040,236078,5.567857142857144,38,-2888.0,20,47,2452.0,True,False,bp,-2.263157894736842
4763,356.7159170539026,62,4,22,236139,236097,236159,236119,236143,103.85,24,-2730.0,42,20,1780.0,True,False,bp,-2.263157894736842
4764,190.2288376947567,39,-2,13,236185,236159,236198,236171,236194,58.67460317460318,23,-2325.0,26,13,1167.0,True,True,bp,-2.263157894736842
4765,170.33615221274476,32,7,16,236222,236198,236230,236215,236225,249.28571428571428,10,-3136.0,24,8,2122.0,True,False,bp,-2.263157894736842
4766,226.4159519485944,71,-18,-21,236255,236230,236301,236242,236282,52.135327635327634,40,-2698.0,25,46,3255.0,True,False,bp,-2.263157894736842
4767,188.08790825637058,29,10,-17,236307,236301,236330,236304,236319,192.83333333333331,15,-1281.0,6,23,1782.0,True,False,bp,-2.263157894736842
4768,525.8858074564238,35,16,17,236356,236330,236365,236344,236361,108.925,17,-1724.0,26,9,1646.0,False,False,bp,-2.263157894736842
4769,381.4800587058467,115,-6,31,236438,236365,236480,236394,236448,119.26136363636364,54,-4412.0,73,42,3508.0,False,False,bp,-2.263157894736842
4770,2534.3139384117026,66,1,-6,235027,234997,235063,235017,235043,223.78125,26,-1909.0,30,36,4711.0,False,False,bp,-2.263157894736842
4771,495.91093598140105,40,10,10,235088,235063,235103,235070,235092,97.5,22,1050.0,25,15,1390.0,False,False,bp,-2.263157894736842
4772,1505.6206499850919,61,-9,11,235139,235103,235164,235124,235157,96.50555555555556,33,-780.0,36,25,4860.0,False,False,bp,-2.263157894736842
4773,1389.9834586974405,49,9,1,235189,235164,235213,235181,235200,196.28977272727272,19,-77.0,25,24,1771.0,False,False,bp,-2.263157894736842
4774,796.5515109494423,50,4,10,235243,235213,235263,235228,235252,64.77777777777779,24,588.0,30,20,2341.0,False,False,bp,-2.263157894736842
4775,2283.206297977225,69,4,-17,235289,235263,235332,235280,235309,221.52222222222224,29,-2390.0,26,43,5210.0,False,False,bp,-2.263157894736842
4776,1717.806903323047,48,-9,0,235356,235332,235380,235342,235372,141.4375,30,-1333.0,24,24,4046.0,True,True,bp,-2.263157894736842
4777,1681.6516437334326,50,7,2,235406,235380,235430,235393,235414,201.40865384615384,21,-944.0,26,24,4217.0,True,True,bp,-2.263157894736842
4778,498.1098134557924,33,5,17,235455,235430,235463,235442,235459,115.125,17,202.0,25,8,872.0,False,False,bp,-2.263157894736842
4779,1734.4802094712118,67,5,-15,235489,235463,235530,235481,235509,226.0,28,-2952.0,26,41,6453.0,False,False,bp,-2.263157894736842
4780,978.8398641820197,51,21,-1,235555,235530,235581,235542,235567,65.61217948717949,25,106.0,25,26,1538.0,False,False,bp,-2.263157894736842
4781,1113.5684323131081,78,20,4,235622,235581,235659,235613,235629,209.74603174603172,16,-522.0,41,37,4319.0,True,True,bp,-2.263157894736842
4782,838.8391258533583,71,-24,-33,235678,235659,235730,235665,235718,80.82211538461539,53,703.0,19,52,2334.0,True,True,bp,-2.263157894736842
4783,2010.3638537535853,50,-2,2,235756,235730,235780,235747,235772,210.30555555555557,25,-1368.0,26,24,4328.0,True,True,bp,-2.263157894736842
4784,1001.7969055073717,67,14,-15,235806,235780,235847,235795,235824,137.25252525252523,29,-1270.0,26,41,2932.0,True,False,bp,-2.263157894736842
4785,1160.4890249771674,83,2,3,235890,235847,235930,235867,235901,117.30434782608695,34,-2499.0,43,40,2738.0,True,False,bp,-2.263157894736842
4786,597.8570719589256,34,5,2,235948,235930,235964,235937,235960,75.19318181818181,23,-1642.0,18,16,1477.0,True,False,bp,-2.263157894736842
4787,90.10977901577554,48,13,34,236005,235964,236012,235988,236009,94.66176470588236,21,-2444.0,41,7,1290.0,True,True,bp,-2.263157894736842
4788,451.65457167027216,100,13,20,236072,236012,236112,236043,236078,153.17528735632186,35,-2606.0,60,40,3836.0,False,False,bp,-2.263157894736842
4789,602.7128180638842,83,-12,-37,236135,236112,236195,236126,236171,143.56944444444446,45,-1363.0,23,60,2056.0,True,False,bp,-2.263157894736842
4790,470.35272606109413,24,19,2,236208,236195,236219,236204,236212,309.5,8,-1875.0,13,11,2832.0,True,False,bp,-2.263157894736842
4791,128.66034337962031,45,-9,21,236252,236219,236264,236239,236258,49.89743589743589,19,-678.0,33,12,1137.0,True,False,bp,-2.263157894736842
4792,126.55516632305724,66,7,-48,236273,236264,236330,236268,236297,110.74166666666667,29,-919.0,9,57,1992.0,True,False,bp,-2.263157894736842
4793,50.48044108537275,19,9,-1,236339,236330,236349,236333,236342,153.0,9,-55.0,9,10,1269.0,True,False,bp,-2.263157894736842
4794,228.3657426377837,48,0,6,236376,236349,236397,236360,236391,41.36875,31,274.0,27,21,1396.0,True,False,bp,-2.263157894736842
4795,249.89454913476638,79,0,37,236455,236397,236476,236422,236459,101.1818181818182,37,-942.0,58,21,1340.0,True,False,bp,-2.263157894736842
4796,355.1539273217953,49,-6,35,238306,238264,238313,238282,238310,74.60416666666667,28,154.0,42,7,877.0,False,False,bp,-0.6210526315789474
4797,844.2680307980646,51,43,-1,238338,238313,238364,238332,238344,152.0,12,8.0,25,26,2816.0,False,False,bp,-0.6210526315789474
4798,2287.470465389267,99,25,-15,238406,238364,238463,238399,238424,297.8373015873016,25,-2552.0,42,57,6521.0,True,True,bp,-0.6210526315789474
4799,1563.9964681785834,100,36,-58,238484,238463,238563,238474,238504,177.25,30,-1144.0,21,79,4514.0,True,False,bp,-0.6210526315789474
4800,2850.9145199228333,51,25,-9,238584,238563,238614,238570,238597,212.41483516483515,27,-2422.0,21,30,5293.0,True,False,bp,-0.6210526315789474
4801,2584.6964626450963,100,37,-14,238657,238614,238714,238649,238673,281.46875,24,-3529.0,43,57,4728.0,True,False,bp,-0.6210526315789474
4802,1683.9085151477966,56,6,-4,238740,238714,238770,238734,238750,296.8833333333333,16,-3260.0,26,30,3829.0,False,False,bp,-0.6210526315789474
4803,678.3758880955334,27,12,-21,238773,238770,238797,238772,238787,-10.178571428571429,15,680.0,3,24,3141.0,False,False,bp,-0.6210526315789474
4804,953.1784969964116,95,0,-11,238839,238797,238892,238814,238857,84.86888888888888,43,-135.0,42,53,3187.0,True,True,bp,-0.6210526315789474
4805,1634.9216645192914,71,26,-11,238922,238892,238963,238900,238928,177.4393939393939,28,-232.0,30,41,3501.0,True,True,bp,-0.6210526315789474
4806,1755.1690495398575,67,0,-15,238989,238963,239030,238982,239008,210.85714285714286,26,-756.0,26,41,3962.0,True,False,bp,-0.6210526315789474
4807,808.4221695157894,33,9,-15,239039,239030,239063,239034,239053,168.90714285714287,19,982.0,9,24,1812.0,True,False,bp,-0.6210526315789474
4808,821.4862887883181,68,40,-16,239089,239063,239131,239081,239092,255.54166666666663,11,181.0,26,42,2213.0,True,False,bp,-0.6210526315789474
4809,1263.5334735541999,50,26,4,239158,239131,239181,239143,239175,83.46470588235293,32,-347.0,27,23,2585.0,False,False,bp,-0.6210526315789474
4810,3328.3222941164113,98,8,28,239244,239181,239279,239233,239259,303.95757575757574,26,-5278.0,63,35,8412.0,False,False,bp,-0.6210526315789474
4811,2231.378013267239,65,-3,-1,239311,239279,239344,239293,239325,132.7619047619048,32,-1450.0,32,33,4480.0,True,True,bp,-0.6210526315789474
4812,1090.9233246170377,53,-4,1,239371,239344,239397,239354,239384,109.1787330316742,30,-446.0,27,26,1973.0,True,True,bp,-0.6210526315789474
4813,951.5482669914514,49,5,3,239423,239397,239446,239410,239434,125.46853146853148,24,-1055.0,26,23,3233.0,True,True,bp,-0.6210526315789474
4814,1494.3311246322128,51,24,-3,239470,239446,239497,239463,239478,226.92857142857144,15,-1073.0,24,27,3495.0,True,True,bp,-0.6210526315789474
4815,935.1748912107703,67,-16,17,239539,239497,239564,239517,239550,103.9090909090909,33,-166.0,42,25,2243.0,True,False,bp,-0.6210526315789474
4816,403.86312122749223,34,13,-14,239574,239564,239598,239567,239578,212.39285714285717,11,-197.0,10,24,2151.0,True,False,bp,-0.6210526315789474
4817,480.24254953899566,32,6,-12,239608,239598,239630,239602,239620,104.875,18,-1.0,10,22,1112.0,False,False,bp,-0.6210526315789474
4818,417.37688585424013,82,-27,38,239690,239630,239712,239644,239694,170.61413043478262,50,-2145.0,60,22,2754.0,False,False,bp,-0.6210526315789474
4819,980.1515386634164,53,9,-33,239722,239712,239765,239717,239739,216.4882352941177,22,-2272.0,10,43,2224.0,True,False,bp,-0.6210526315789474
4820,442.95455170384673,35,-1,15,239790,239765,239800,239770,239796,90.03333333333332,26,-3427.0,25,10,1619.0,False,False,bp,-0.6210526315789474
4821,504.4882254710714,79,1,-1,239839,239800,239879,239821,239852,122.21367521367522,31,-5137.0,39,40,3781.0,False,False,bp,-0.6210526315789474
4822,502.7572701769017,52,39,-34,239888,239879,239931,239884,239904,176.125,20,-3543.0,9,43,1332.0,False,False,bp,-0.6210526315789474
4823,530.1174757065451,98,-2,22,239991,239931,240029,239963,239999,149.90178571428572,36,-5993.0,60,38,3744.0,False,False,bp,-0.6210526315789474
4824,898.2085577929114,30,4,22,240055,240029,240059,240033,240056,164.8409090909091,23,-6666.0,26,4,1636.0,False,False,bp,-0.6210526315789474
4825,396.1241930622987,54,0,-2,240085,240059,240113,240083,240099,440.1428571428571,16,-7747.0,26,28,4165.0,False,False,bp,-0.6210526315789474
4826,395.34420638217864,50,36,-36,240120,240113,240163,240115,240136,222.91875,21,-5610.0,7,43,5077.0,False,False,bp,-0.6210526315789474
4827,81.72297136458802,117,-7,1,240222,240163,240280,240193,240242,40.4051724137931,49,-2184.0,59,58,1686.0,False,False,bp,-0.6210526315789474
4828,201.5847466230941,39,20,-23,240288,240280,240319,240284,240302,103.71428571428572,18,-1653.0,8,31,1062.0,False,False,bp,-0.6210526315789474
4829,689.1766251274777,62,9,10,240355,240319,240381,240340,240367,128.44166666666666,27,-3569.0,36,26,2644.0,False,False,bp,-0.6210526315789474
4830,1196.165759670361,66,30,-10,240409,240381,240447,240403,240423,189.73809523809524,20,-3846.0,28,38,2830.0,True,True,bp,-0.6210526315789474
4831,624.1211665295715,63,-7,29,240493,240447,240510,240473,240505,57.33333333333334,32,-2606.0,46,17,2543.0,True,False,bp,-0.6210526315789474
4832,348.13888036587144,37,14,-11,238322,238309,238346,238317,238328,70.63333333333334,11,-923.0,13,24,1408.0,False,False,bp,-0.6210526315789474
4833,571.6772712327142,34,-10,18,238372,238346,238380,238353,238375,141.98245614035088,22,-2350.0,26,8,1811.0,False,False,bp,-0.6210526315789474
4834,1036.1752935733832,50,8,-6,238402,238380,238430,238387,238415,115.46153846153842,28,-3380.0,22,28,3227.0,True,False,bp,-0.6210526315789474
4835,865.3884796619914,50,13,2,238456,238430,238480,238451,238467,146.72727272727272,16,-2156.0,26,24,2434.0,True,True,bp,-0.6210526315789474
4836,1518.7733052649899,50,37,2,238506,238480,238530,238496,238514,190.3875,18,-2472.0,26,24,3666.0,True,False,bp,-0.6210526315789474
4837,1488.986634708051,87,-14,31,238589,238530,238617,238569,238605,127.78125,36,-3471.0,59,28,4546.0,True,False,bp,-0.6210526315789474
4838,560.0112197082534,47,-12,29,238655,238617,238664,238627,238658,103.64285714285714,31,-1348.0,38,9,1452.0,True,False,bp,-0.6210526315789474
4839,720.2351942897499,35,7,13,238688,238664,238699,238677,238693,172.24545454545455,16,-2534.0,24,11,2444.0,True,True,bp,-0.6210526315789474
4840,834.7760125099339,53,-9,-3,238724,238699,238752,238716,238739,101.44583333333333,23,-1939.0,25,28,2184.0,False,False,bp,-0.6210526315789474
4841,176.8884486187449,46,44,-34,238758,238752,238798,238753,238773,88.8,20,-403.0,6,40,2026.0,False,False,bp,-0.6210526315789474
4842,1977.3784892534707,83,-1,25,238852,238798,238881,238837,238862,259.6666666666667,25,-4698.0,54,29,5958.0,False,False,bp,-0.6210526315789474
4843,841.2933209106143,52,-13,-12,238901,238881,238933,238886,238918,76.66470588235293,32,-483.0,20,32,3192.0,False,False,bp,-0.6210526315789474
4844,640.857866719028,47,-1,-33,238940,238933,238980,238937,238966,204.80128205128204,29,841.0,7,40,2215.0,False,False,bp,-0.6210526315789474
4845,1731.7575252713755,39,4,11,239005,238980,239019,238994,239011,253.29545454545456,17,-1873.0,25,14,3645.0,False,False,bp,-0.6210526315789474
4846,918.9893814861567,46,11,-8,239038,239019,239065,239032,239056,138.30555555555554,24,-605.0,19,27,2106.0,True,False,bp,-0.6210526315789474
4847,781.8897208199002,49,7,31,239105,239065,239114,239091,239109,166.875,18,-843.0,40,9,2568.0,True,True,bp,-0.6210526315789474
4848,580.8305712632015,70,-14,46,239172,239114,239184,239134,239176,108.5,42,-167.0,58,12,2028.0,False,False,bp,-0.6210526315789474
4849,1441.3061847457502,59,4,17,239222,239184,239243,239204,239227,210.1888888888889,23,-2471.0,38,21,3074.0,False,False,bp,-0.6210526315789474
4850,1137.6419048982495,54,2,2,239271,239243,239297,239254,239278,132.9579831932773,24,-2163.0,28,26,2804.0,True,True,bp,-0.6210526315789474
4851,1118.4552591128672,48,-11,2,239322,239297,239345,239304,239332,135.69444444444446,28,-1777.0,25,23,3927.0,False,False,bp,-0.6210526315789474
4852,1113.5604312495987,50,-1,-30,239355,239345,239395,239349,239375,131.5,26,303.0,10,40,3651.0,False,False,bp,-0.6210526315789474
4853,1497.1211951329205,52,-1,4,239423,239395,239447,239400,239433,118.57173913043478,33,233.0,28,24,3340.0,True,True,bp,-0.6210526315789474
4854,1949.4638279321155,55,-1,-1,239474,239447,239502,239465,239490,206.30902777777774,25,-1570.0,27,28,4016.0,True,True,bp,-0.6210526315789474
4855,735.4687806125306,45,8,-13,239518,239502,239547,239514,239530,210.29166666666669,16,365.0,16,29,2838.0,True,True,bp,-0.6210526315789474
4856,739.0407389057001,34,0,16,239572,239547,239581,239554,239578,76.3888888888889,24,663.0,25,9,1538.0,True,True,bp,-0.6210526315789474
4857,1244.4402672130302,48,30,8,239609,239581,239629,239602,239618,205.34126984126985,16,-833.0,28,20,3259.0,True,False,bp,-0.6210526315789474
4858,795.0893457601961,70,-16,28,239678,239629,239699,239664,239694,103.65178571428572,30,-1495.0,49,21,2304.0,True,False,bp,-0.6210526315789474
4859,336.7865314928085,32,4,14,239722,239699,239731,239708,239728,100.38095238095238,20,-1403.0,23,9,2124.0,True,False,bp,-0.6210526315789474
4860,472.8774526837335,48,18,2,239756,239731,239779,239752,239767,248.17045454545456,15,-1479.0,25,23,2081.0,True,True,bp,-0.6210526315789474
4861,649.9295462392772,45,-2,7,239805,239779,239824,239800,239816,263.0181818181818,16,-2977.0,26,19,2718.0,True,True,bp,-0.6210526315789474
4862,364.08878679080703,60,-14,2,239855,239824,239884,239830,239868,59.09538461538462,38,-3251.0,31,29,1707.0,True,True,bp,-0.6210526315789474
4863,524.8730126252461,63,7,-21,239905,239884,239947,239892,239923,46.299145299145295,31,-2625.0,21,42,2639.0,False,False,bp,-0.6210526315789474
4864,622.6447443554066,72,-5,14,239990,239947,240019,239961,240000,90.24827586206897,39,-4369.0,43,29,2393.0,True,True,bp,-0.6210526315789474
4865,629.3937766127287,50,-9,24,240056,240019,240069,240034,240059,171.59848484848484,25,-5136.0,37,13,1718.0,True,False,bp,-0.6210526315789474
4866,434.84036322573456,44,-23,-26,240078,240069,240113,240075,240107,126.5,32,-4483.0,9,35,3650.0,False,False,bp,-0.6210526315789474
4867,696.5556617195572,51,-8,-19,240129,240113,240164,240116,240154,57.109230769230756,38,-2636.0,16,35,2193.0,False,False,bp,-0.6210526315789474
4868,944.1040946300619,49,-9,3,240190,240164,240213,240184,240205,177.8,21,-3413.0,26,23,3802.0,True,False,bp,-0.6210526315789474
4869,583.6147938947456,31,22,-11,240223,240213,240244,240217,240228,244.0,11,-2872.0,10,21,2416.0,False,False,bp,-0.6210526315789474
4870,622.099374954001,36,14,8,240266,240244,240280,240261,240275,143.42222222222222,14,-1651.0,22,14,2974.0,False,False,bp,-0.6210526315789474
4871,828.5105143451117,84,40,4,240324,240280,240364,240303,240334,135.38809523809522,31,-1673.0,44,40,2884.0,True,False,bp,-0.6210526315789474
4872,1193.679698434221,84,20,32,240422,240364,240448,240405,240428,178.66176470588238,23,-2798.0,58,26,3357.0,False,False,bp,-0.6210526315789474
4873,290.1923768500368,82,6,-2,240488,240448,240530,240471,240500,34.838235294117645,29,-123.0,40,42,1493.0,False,False,bp,-0.6210526315789474
4874,679.8020974103024,81,-33,-23,241893,241864,241945,241883,241934,128.9268292682927,51,-695.0,29,52,3576.0,False,False,bp,-2.328125
4875,938.9888752041303,35,6,-15,241955,241945,241980,241952,241967,153.875,15,2096.0,10,25,3994.0,False,False,bp,-2.328125
4876,2394.7605961572945,53,6,-1,242006,241980,242033,241988,242025,150.71345029239762,37,-1438.0,26,27,2897.0,False,False,bp,-2.328125
4877,2213.475546740083,96,30,-8,242077,242033,242129,242068,242091,240.57142857142856,23,-3367.0,44,52,6119.0,True,False,bp,-2.328125
4878,2502.3036433801226,51,-5,3,242156,242129,242180,242144,242170,191.56547619047618,26,-1432.0,27,24,6278.0,False,False,bp,-2.328125
4879,656.5894427658519,65,-22,19,242222,242180,242245,242191,242233,44.00733137829912,42,2169.0,42,23,1118.0,False,False,bp,-2.328125
4880,2168.047717988598,69,15,-17,242271,242245,242314,242253,242286,181.7055555555556,33,-1818.0,26,43,6334.0,False,False,bp,-2.328125
4881,3228.7255057034163,51,18,25,242352,242314,242365,242334,242359,255.031746031746,25,-2390.0,38,13,4835.0,True,False,bp,-2.328125
4882,1491.5846515686649,115,6,33,242439,242365,242480,242402,242450,178.47788697788695,48,-4241.0,74,41,6144.0,True,False,bp,-2.328125
4883,2030.0557192433905,83,18,1,242522,242480,242563,242504,242536,159.19047619047618,32,-3343.0,42,41,5247.0,True,True,bp,-2.328125
4884,2244.29807224198,72,14,14,242606,242563,242635,242586,242619,173.5903846153846,33,-3352.0,43,29,5681.0,True,True,bp,-2.328125
4885,1462.3332405950127,111,8,-15,242683,242635,242746,242666,242709,136.41289592760182,43,-3269.0,48,63,5311.0,True,True,bp,-2.328125
4886,1424.1323826337784,84,27,-30,242773,242746,242830,242760,242790,129.52941176470586,30,-1191.0,27,57,3890.0,True,False,bp,-2.328125
4887,1925.2243300153893,50,22,2,242856,242830,242880,242847,242870,176.44444444444446,23,-1770.0,26,24,2813.0,True,False,bp,-2.328125
4888,1311.0194909981176,83,-6,25,242934,242880,242963,242915,242949,112.9157894736842,34,-2607.0,54,29,4099.0,True,True,bp,-2.328125
4889,1432.7704299761624,50,23,2,242989,242963,243013,242977,242996,179.702380952381,19,-1220.0,26,24,3603.0,True,True,bp,-2.328125
4890,1129.1747281843132,68,-5,18,243056,243013,243081,243038,243064,173.83333333333337,26,-2485.0,43,25,3544.0,False,False,bp,-2.328125
4891,277.90400616101573,33,8,-13,243091,243081,243114,243085,243102,91.46969696969695,17,248.0,10,23,2472.0,False,False,bp,-2.328125
4892,1771.965912984227,50,2,0,243139,243114,243164,243127,243150,161.78787878787878,23,-1046.0,25,25,3824.0,True,True,bp,-2.328125
4893,1411.2983065704655,50,16,-2,243188,243164,243214,243175,243195,203.51098901098905,20,-1279.0,24,26,3755.0,False,False,bp,-2.328125
4894,750.0587612450638,50,5,-2,243238,243214,243264,243231,243248,133.65714285714284,17,735.0,24,26,2686.0,False,False,bp,-2.328125
4895,399.1846251320208,49,-5,-1,243288,243264,243313,243270,243300,32.541666666666664,30,1994.0,24,25,1219.0,False,False,bp,-2.328125
4896,1227.5369334380805,51,10,1,243339,243313,243364,243325,243345,187.4642857142857,20,385.0,26,25,3821.0,False,False,bp,-2.328125
4897,624.101508888086,49,8,1,243389,243364,243413,243375,243393,112.03571428571428,18,2300.0,25,24,1440.0,False,False,bp,-2.328125
4898,1259.3297842156426,50,-5,0,243438,243413,243463,243419,243450,110.31359649122808,31,924.0,25,25,2639.0,True,True,bp,-2.328125
4899,1398.566220453327,83,37,-31,243489,243463,243546,243476,243507,139.30341880341882,31,-763.0,26,57,3992.0,True,False,bp,-2.328125
4900,1005.7787166658123,84,12,2,243589,243546,243630,243575,243606,107.86134453781513,31,-1008.0,43,41,2185.0,True,False,bp,-2.328125
4901,588.9958759349902,50,-13,34,243672,243630,243680,243649,243675,167.8840579710145,26,-2528.0,42,8,2297.0,True,False,bp,-2.328125
4902,429.5817864289794,67,3,-17,243705,243680,243747,243688,243726,48.703081232493,38,-1913.0,25,42,2158.0,True,False,bp,-2.328125
4903,470.3627091576719,67,-3,17,243789,243747,243814,243767,243801,46.56439393939394,34,-2795.0,42,25,1239.0,False,False,bp,-2.328125
4904,617.2267378269356,47,12,7,243841,243814,243861,243832,243849,130.22222222222223,17,-4393.0,27,20,1318.0,False,False,bp,-2.328125
4905,517.4776785702999,49,6,5,243888,243861,243910,243878,243896,99.9875,18,-5761.0,27,22,1032.0,False,False,bp,-2.328125
4906,571.4095784437108,54,39,-28,243923,243910,243964,243920,243939,174.09375,19,-5693.0,13,41,3188.0,False,False,bp,-2.328125
4907,175.04095197874057,82,-5,-2,244004,243964,244046,243997,244025,150.42857142857144,28,-6240.0,40,42,2979.0,False,False,bp,-2.328125
4908,286.44064457529913,50,0,-30,244056,244046,244096,244048,244074,91.35416666666666,26,-4569.0,10,40,2575.0,False,False,bp,-2.328125
4909,431.9865629041037,52,1,-34,244105,244096,244148,244100,244127,110.84545454545454,27,-3792.0,9,43,1831.0,True,True,bp,-2.328125
4910,852.163167035553,50,-19,8,244177,244148,244198,244155,244191,76.98051948051949,36,-5323.0,29,21,1926.0,True,True,bp,-2.328125
4911,600.2044349309357,49,6,-1,244222,244198,244247,244208,244228,164.51190476190476,20,-4967.0,24,25,3059.0,False,False,bp,-2.328125
4912,234.96474523044012,33,-7,-5,244261,244247,244280,244254,244274,41.318681318681314,20,-2297.0,14,19,1479.0,False,False,bp,-2.328125
4913,565.1575574147637,68,-14,-18,244305,244280,244348,244287,244327,62.444444444444436,40,-3327.0,25,43,2388.0,False,False,bp,-2.328125
4914,151.8197385582349,34,12,-18,244356,244348,244382,244353,244365,172.66666666666663,12,-2026.0,8,26,1891.0,False,False,bp,-2.328125
4915,741.7249562380533,66,6,-18,244406,244382,244448,244389,244418,94.74754901960785,29,-2436.0,24,42,3666.0,False,False,bp,-2.328125
4916,544.6531633626677,48,18,-28,244458,244448,244496,244453,244476,133.69444444444446,23,-255.0,10,38,1799.0,False,False,bp,-2.328125
4917,2480.52298088234,64,2,6,241868,241833,241897,241848,241880,194.0,32,-3434.0,35,29,5759.0,True,True,bp,-2.328125
4918,2222.636703871984,80,14,-28,241923,241897,241977,241914,241943,220.32777777777775,29,-2359.0,26,54,6738.0,True,True,bp,-2.328125
4919,1140.2912533199606,40,21,16,242005,241977,242017,241986,242008,128.4561403508772,22,576.0,28,12,1043.0,False,False,bp,-2.328125
4920,1056.8273101543891,79,15,19,242066,242017,242096,242051,242075,116.67777777777779,24,-1110.0,49,30,2343.0,False,False,bp,-2.328125
4921,2081.3833146457873,88,30,-34,242123,242096,242184,242114,242141,257.33333333333337,27,-3494.0,27,61,8329.0,False,False,bp,-2.328125
4922,1017.882561611749,46,13,-2,242206,242184,242230,242198,242218,143.83333333333334,20,1624.0,22,24,1524.0,False,False,bp,-2.328125
4923,800.9475645138194,67,-12,17,242272,242230,242297,242251,242282,137.45,31,-1417.0,42,25,1874.0,False,False,bp,-2.328125
4924,367.9486537866107,34,16,-18,242305,242297,242331,242301,242312,195.26785714285717,11,-663.0,8,26,3167.0,False,False,bp,-2.328125
4925,2213.3873583075247,49,1,-1,242355,242331,242380,242339,242367,179.79166666666669,28,-1309.0,24,25,5505.0,True,True,bp,-2.328125
4926,2177.707256654997,50,-2,2,242406,242380,242430,242396,242424,197.16111111111115,28,-1655.0,26,24,4043.0,True,True,bp,-2.328125
4927,1151.4388121069414,51,10,19,242465,242430,242481,242450,242474,94.44444444444444,24,-645.0,35,16,2321.0,True,True,bp,-2.328125
4928,1484.2799868349402,65,0,17,242522,242481,242546,242508,242536,125.14285714285714,28,-852.0,41,24,4504.0,True,True,bp,-2.328125
4929,1765.4608362739975,66,-2,-12,242573,242546,242612,242564,242591,225.52777777777774,27,-1957.0,27,39,3446.0,True,False,bp,-2.328125
4930,272.7715323694427,34,17,-14,242622,242612,242646,242616,242628,151.0,12,-256.0,10,24,2234.0,True,False,bp,-2.328125
4931,738.7170686478826,46,-9,14,242676,242646,242692,242657,242682,90.62719298245615,25,-975.0,30,16,1370.0,False,False,bp,-2.328125
4932,597.6070681176574,50,20,-22,242706,242692,242742,242698,242719,118.38942307692308,21,-1032.0,14,36,3070.0,False,False,bp,-2.328125
4933,784.4021144595332,70,-2,12,242783,242742,242812,242760,242797,78.04813664596273,37,-463.0,41,29,2912.0,True,True,bp,-2.328125
4934,1288.309551062154,68,-5,10,242851,242812,242880,242832,242865,101.77255639097744,33,-1131.0,39,29,2640.0,True,True,bp,-2.328125
4935,1065.1681593915546,83,-27,3,242923,242880,242963,242893,242945,99.14848484848486,52,-3091.0,43,40,5408.0,True,True,bp,-2.328125
4936,1910.3714484700265,66,-14,8,243000,242963,243029,242970,243010,153.78333333333333,40,-2064.0,37,29,4747.0,True,True,bp,-2.328125
4937,1221.1811353406035,47,1,7,243056,243029,243076,243036,243059,179.075,23,-447.0,27,20,2031.0,True,False,bp,-2.328125
4938,972.0008511950416,37,-3,-11,243089,243076,243113,243083,243103,174.46428571428572,20,-635.0,13,24,3643.0,True,True,bp,-2.328125
4939,1190.3756570284504,50,14,4,243140,243113,243163,243120,243144,187.2,24,-601.0,27,23,2579.0,True,True,bp,-2.328125
4940,503.1353110724084,38,22,14,243189,243163,243201,243182,243192,212.07142857142856,10,-746.0,26,12,1845.0,True,True,bp,-2.328125
4941,585.5408872336322,62,3,12,243238,243201,243263,243224,243244,136.2619047619048,20,-961.0,37,25,2347.0,True,True,bp,-2.328125
4942,1106.6565591467638,51,4,-23,243277,243263,243314,243267,243297,152.725,30,-1487.0,14,37,3312.0,True,True,bp,-2.328125
4943,1524.940901475148,49,12,-1,243338,243314,243363,243331,243350,242.1190476190476,19,-2292.0,24,25,3880.0,True,True,bp,-2.328125
4944,772.9958623849777,66,19,-16,243388,243363,243429,243381,243401,151.04395604395603,20,-548.0,25,41,3721.0,True,True,bp,-2.328125
4945,568.8432284052324,40,1,12,243455,243429,243469,243440,243460,86.86666666666667,20,720.0,26,14,1330.0,False,False,bp,-2.328125
4946,1247.0925273575078,48,-3,-8,243489,243469,243517,243481,243508,159.7861842105263,27,-1285.0,20,28,2890.0,False,False,bp,-2.328125
4947,982.8886165875454,63,0,-19,243539,243517,243580,243532,243559,149.125,27,-1193.0,22,41,4157.0,True,False,bp,-2.328125
4948,762.420179382435,34,-7,-14,243590,243580,243614,243586,243610,203.75,24,85.0,10,24,1565.0,False,False,bp,-2.328125
4949,786.3954761500828,50,-5,22,243650,243614,243664,243627,243659,104.81159420289856,32,-1793.0,36,14,2159.0,False,False,bp,-2.328125
4950,757.2521861738162,48,22,4,243690,243664,243712,243686,243699,264.6805555555556,13,-2420.0,26,22,2569.0,True,True,bp,-2.328125
4951,118.58622325878773,35,5,19,243739,243712,243747,243734,243744,174.89999999999995,10,-1942.0,27,8,1425.0,False,False,bp,-2.328125
4952,473.29267522951693,83,-8,3,243790,243747,243830,243759,243800,107.82903225806452,41,-3647.0,43,40,2506.0,False,False,bp,-2.328125
4953,300.5059533360162,35,25,-19,243838,243830,243865,243833,243849,139.2909090909091,16,-2770.0,8,27,1596.0,True,False,bp,-2.328125
4954,356.9238647578952,81,7,-13,243899,243865,243946,243890,243923,63.27083333333333,33,-3214.0,34,47,1823.0,True,False,bp,-2.328125
4955,518.7398285776632,52,-18,24,243984,243946,243998,243963,243994,70.31190476190476,31,-3921.0,38,14,2054.0,True,False,bp,-2.328125
4956,858.9829169832096,64,-2,-26,244017,243998,244062,244007,244043,49.315384615384616,36,-4644.0,19,45,3497.0,True,False,bp,-2.328125
4957,693.5785094904526,69,1,-5,244094,244062,244131,244077,244112,97.16176470588236,35,-3618.0,32,37,2551.0,True,True,bp,-2.328125
4958,667.3048843656461,67,10,3,244166,244131,244198,244148,244177,97.65151515151516,29,-4540.0,35,32,2412.0,True,True,bp,-2.328125
4959,379.03612097528793,65,-18,17,244239,244198,244263,244216,244250,85.36758893280633,34,-4181.0,41,24,2791.0,True,False,bp,-2.328125
4960,172.4608109504684,35,18,-23,244269,244263,244298,244266,244284,202.53333333333333,18,-3109.0,6,29,2232.0,True,False,bp,-2.328125
4961,759.1593004160151,79,-1,-23,244326,244298,244377,244320,244352,138.75641025641025,32,-3018.0,28,51,2874.0,True,False,bp,-2.328125
4962,1195.7922073933007,36,11,-12,244389,244377,244413,244383,244395,231.8333333333333,12,-3308.0,12,24,2943.0,False,False,bp,-2.328125
4963,383.7049197965985,37,16,-19,244422,244413,244450,244418,244434,144.08333333333334,16,-1414.0,9,28,2678.0,False,False,bp,-2.328125
4964,350.66652974228623,129,-37,-11,246272,246213,246342,246243,246314,55.22167487684729,71,-706.0,59,70,2378.0,True,False,bp,2.142857142857143
4965,972.0035224621137,88,13,-28,246372,246342,246430,246348,246391,80.1359649122807,43,-196.0,30,58,4664.0,False,False,bp,2.142857142857143
4966,2458.3479866723164,84,28,-32,246456,246430,246514,246447,246473,257.01307189542484,26,-1374.0,26,58,5131.0,True,True,bp,2.142857142857143
4967,2604.4754622821947,64,41,-18,246537,246514,246578,246527,246547,257.8,20,-110.0,23,41,6655.0,True,True,bp,2.142857142857143
4968,1502.0830382677484,85,7,3,246622,246578,246663,246608,246642,146.38214285714287,34,1033.0,44,41,2100.0,False,False,bp,2.142857142857143
4969,2572.534515374376,68,11,-8,246693,246663,246731,246683,246710,209.62352941176468,27,-1111.0,30,38,6142.0,False,False,bp,2.142857142857143
4970,793.4529199493567,116,-6,-32,246773,246731,246847,246748,246810,104.10432432432432,62,-655.0,42,74,7028.0,True,False,bp,2.142857142857143
4971,4209.347742545672,66,8,8,246884,246847,246913,246866,246894,337.6166666666667,28,-2779.0,37,29,9820.0,True,False,bp,2.142857142857143
4972,1524.8527292734811,84,0,2,246956,246913,246997,246930,246980,100.58012820512822,50,316.0,43,41,3423.0,True,True,bp,2.142857142857143
4973,2251.180793606323,67,4,19,247040,246997,247064,247030,247055,217.05,25,-1955.0,43,24,4358.0,True,True,bp,2.142857142857143
4974,3703.130574751145,66,8,-2,247096,247064,247130,247084,247109,313.39102564102564,25,-5555.0,32,34,7838.0,False,False,bp,2.142857142857143
4975,729.4311004764431,67,-3,-17,247155,247130,247197,247142,247175,56.369230769230775,33,-127.0,25,42,3091.0,False,False,bp,2.142857142857143
4976,422.1772106439479,33,-2,15,247221,247197,247230,247205,247227,83.875,22,37.0,24,9,1009.0,False,False,bp,2.142857142857143
4977,2315.794525294201,67,9,-5,247261,247230,247297,247247,247274,198.07142857142856,27,-3555.0,31,36,6455.0,False,False,bp,2.142857142857143
4978,813.7226861653102,66,3,-14,247323,247297,247363,247310,247344,84.26373626373626,34,635.0,26,40,2344.0,False,False,bp,2.142857142857143
4979,760.3727932635263,67,-9,17,247405,247363,247430,247381,247411,95.60416666666669,30,-438.0,42,25,1372.0,False,False,bp,2.142857142857143
4980,114.88078647924328,34,11,-24,247435,247430,247464,247432,247448,107.58974358974359,16,462.0,5,29,2068.0,False,False,bp,2.142857142857143
4981,341.26980375709087,33,8,9,247485,247464,247497,247475,247491,101.91666666666666,16,1592.0,21,12,1488.0,False,False,bp,2.142857142857143
4982,514.5098948029461,39,34,13,247523,247497,247536,247515,247527,123.125,12,323.0,26,13,557.0,False,False,bp,2.142857142857143
4983,348.78468037506394,78,14,28,247589,247536,247614,247573,247595,88.27083333333331,22,-681.0,53,25,2637.0,False,False,bp,2.142857142857143
4984,808.7048660823785,34,8,14,247638,247614,247648,247631,247643,187.4,12,81.0,24,10,2920.0,True,False,bp,2.142857142857143
4985,732.7210788147661,48,0,2,247673,247648,247696,247663,247683,89.05,20,774.0,25,23,1840.0,True,True,bp,2.142857142857143
4986,537.2431960215923,64,-29,-4,247726,247696,247760,247703,247748,52.71047430830039,45,-7.0,30,34,1235.0,False,False,bp,2.142857142857143
4987,304.6038907737063,53,14,-31,247771,247760,247813,247764,247796,83.7942857142857,32,-22.0,11,42,2228.0,True,False,bp,2.142857142857143
4988,313.69962567903184,79,-19,33,247869,247813,247892,247842,247880,41.65993265993266,38,-511.0,56,23,1225.0,False,False,bp,2.142857142857143
4989,687.1156486736712,39,-16,19,247921,247892,247931,247899,247926,111.23181818181816,27,-2003.0,29,10,1817.0,False,False,bp,2.142857142857143
4990,753.1198206671329,39,3,-11,247945,247931,247970,247937,247958,122.55769230769229,21,-2212.0,14,25,2501.0,True,False,bp,2.142857142857143
4991,439.2126590354857,73,-1,-37,247988,247970,248043,247982,248020,85.41666666666667,38,-1237.0,18,55,3057.0,False,False,bp,2.142857142857143
4992,1043.5982278197944,40,21,16,248071,248043,248083,248057,248076,146.48571428571432,19,-1413.0,28,12,1745.0,True,False,bp,2.142857142857143
4993,560.6383539771697,80,-14,0,248123,248083,248163,248116,248158,146.54285714285714,42,-2959.0,40,40,2365.0,True,False,bp,2.142857142857143
4994,274.56601809940344,102,19,-18,248205,248163,248265,248186,248234,52.896551724137936,48,-2363.0,42,60,2512.0,True,True,bp,2.142857142857143
4995,645.5045455951591,82,-17,44,248328,248265,248347,248301,248342,77.28042328042328,41,-2601.0,63,19,3033.0,True,False,bp,2.142857142857143
4996,601.2896303037099,50,22,4,248374,248347,248397,248366,248377,188.22916666666669,11,-1740.0,27,23,1588.0,True,True,bp,2.142857142857143
4997,576.7957158245466,51,19,-1,248422,248397,248448,248410,248434,74.45833333333333,24,-2305.0,25,26,1679.0,True,True,bp,2.142857142857143
4998,650.2836682878957,82,15,4,248491,248448,248530,248477,248502,101.18831168831171,25,-2870.0,43,39,2693.0,True,True,bp,2.142857142857143
4999,336.39356712664915,67,-23,17,248572,248530,248597,248542,248588,13.475,46,-2124.0,42,25,1144.0,True,True,bp,2.142857142857143
5000,1306.142822426245,94,-1,18,246288,246232,246326,246269,246302,128.41165413533835,33,-2801.0,56,38,3750.0,True,False,bp,2.142857142857143
5001,1353.9258295819282,55,13,-29,246339,246326,246381,246334,246360,195.3809523809524,26,-1769.0,13,42,4668.0,False,False,bp,2.142857142857143
5002,285.07493587229715,38,10,14,246407,246381,246419,246399,246411,158.5625,12,841.0,26,12,1341.0,False,False,bp,2.142857142857143
5003,957.3146961055256,44,-9,0,246441,246419,246463,246433,246455,130.70535714285714,22,-696.0,22,22,2516.0,False,False,bp,2.142857142857143
5004,321.5321231792962,34,9,-14,246473,246463,246497,246468,246483,142.05,15,370.0,10,24,2428.0,True,True,bp,2.142857142857143
5005,1040.3203695567952,56,-13,0,246525,246497,246553,246507,246543,77.77777777777777,36,-647.0,28,28,2285.0,True,True,bp,2.142857142857143
5006,1448.4775444431712,57,4,-19,246572,246553,246610,246566,246589,160.38725490196074,23,-123.0,19,38,4685.0,False,False,bp,2.142857142857143
5007,1177.918156433058,40,-7,-4,246628,246610,246650,246616,246642,98.01785714285714,26,1712.0,18,22,2016.0,True,True,bp,2.142857142857143
5008,1541.1687164256946,52,9,-8,246672,246650,246702,246661,246692,127.17954545454546,31,497.0,22,30,4384.0,True,True,bp,2.142857142857143
5009,2283.1329016491445,61,17,15,246740,246702,246763,246732,246752,278.2916666666667,20,-609.0,38,23,4532.0,True,True,bp,2.142857142857143
5010,3200.785984963021,83,4,3,246806,246763,246846,246789,246819,273.3506787330317,30,-3552.0,43,40,8487.0,True,True,bp,2.142857142857143
5011,3276.575073514275,64,19,-30,246863,246846,246910,246853,246875,390.0,22,-3042.0,17,47,7929.0,False,False,bp,2.142857142857143
5012,1146.4639120644051,38,1,8,246933,246910,246948,246916,246941,88.45220588235294,25,2458.0,23,15,1518.0,False,False,bp,2.142857142857143
5013,2191.2319750811153,50,4,0,246973,246948,246998,246967,246989,271.0,22,-551.0,25,25,5392.0,False,False,bp,2.142857142857143
5014,2038.7095540259686,53,9,21,247035,246998,247051,247015,247041,142.675,26,674.0,37,16,2841.0,False,False,bp,2.142857142857143
5015,2179.1877658875987,93,6,13,247104,247051,247144,247076,247116,229.5773809523809,40,-3495.0,53,40,8037.0,False,False,bp,2.142857142857143
5016,2819.137062000036,54,11,2,247172,247144,247198,247162,247188,245.30625,26,-1847.0,28,26,5289.0,True,False,bp,2.142857142857143
5017,670.0436293232364,99,29,-15,247240,247198,247297,247225,247254,89.9738095238095,29,419.0,42,57,2280.0,True,False,bp,2.142857142857143
5018,1352.66534247752,56,1,-4,247323,247297,247353,247312,247341,129.59595959595958,29,-769.0,26,30,3320.0,True,False,bp,2.142857142857143
5019,697.9294984925089,61,9,11,247389,247353,247414,247371,247399,102.84444444444445,28,124.0,36,25,2403.0,True,True,bp,2.142857142857143
5020,320.08216678611234,65,-10,17,247455,247414,247479,247436,247465,94.6605263157895,29,255.0,41,24,1499.0,True,False,bp,2.142857142857143
5021,796.0893677552403,35,12,-15,247489,247479,247514,247484,247496,245.02857142857138,12,-1148.0,10,25,2643.0,True,False,bp,2.142857142857143
5022,816.9912697609174,64,5,-16,247538,247514,247578,247520,247550,88.54166666666666,30,-897.0,24,40,2299.0,True,False,bp,2.142857142857143
5023,777.500675339951,39,-13,-9,247593,247578,247617,247585,247609,107.78125,24,-741.0,15,24,1917.0,True,True,bp,2.142857142857143
5024,269.31427080581835,35,-3,-3,247633,247617,247652,247620,247644,49.82167832167833,24,110.0,16,19,1109.0,False,False,bp,2.142857142857143
5025,1284.8894400297945,48,-10,-8,247672,247652,247700,247665,247693,157.71428571428572,28,-1888.0,20,28,2881.0,False,False,bp,2.142857142857143
5026,628.5301465687778,43,-6,-1,247721,247700,247743,247711,247734,98.65384615384615,23,-1560.0,21,22,1731.0,True,True,bp,2.142857142857143
5027,1497.522257543427,36,-1,-10,247756,247743,247779,247751,247770,240.20714285714286,19,-3156.0,13,23,3010.0,True,True,bp,2.142857142857143
5028,546.6771329424934,35,3,-3,247795,247779,247814,247788,247810,81.94285714285714,22,-1878.0,16,19,1040.0,False,False,bp,2.142857142857143
5029,1034.7009273937356,50,12,2,247840,247814,247864,247835,247851,279.1363636363636,16,-4146.0,26,24,3018.0,False,False,bp,2.142857142857143
5030,1114.9587027438868,67,-7,15,247905,247864,247931,247879,247912,174.87637362637363,33,-4575.0,41,26,3805.0,True,True,bp,2.142857142857143
5031,971.3855610526747,36,8,-8,247945,247931,247967,247938,247956,193.8636363636364,18,-4721.0,14,22,1686.0,False,False,bp,2.142857142857143
5032,964.0147839312384,66,-13,12,248006,247967,248033,247982,248016,136.15833333333333,34,-6162.0,39,27,4009.0,True,True,bp,2.142857142857143
5033,463.6786188929853,27,-8,17,248055,248033,248060,248037,248057,149.38888888888889,20,-4728.0,22,5,929.0,False,False,bp,2.142857142857143
5034,520.1082490511461,37,-11,21,248089,248060,248097,248069,248092,99.80833333333334,23,-5739.0,29,8,1508.0,False,False,bp,2.142857142857143
5035,157.59005124896544,32,6,-4,248111,248097,248129,248104,248121,109.22142857142856,17,-5929.0,14,18,1657.0,True,False,bp,2.142857142857143
5036,350.18095625108816,74,-13,-8,248162,248129,248203,248144,248181,76.34795321637426,37,-6373.0,33,41,2886.0,False,False,bp,2.142857142857143
5037,358.8891017612786,60,10,-36,248215,248203,248263,248205,248241,74.59615384615384,36,-4827.0,12,48,3737.0,False,False,bp,2.142857142857143
5038,628.4173376955225,67,-11,15,248304,248263,248330,248287,248315,126.97326203208557,28,-4487.0,41,26,2469.0,False,False,bp,2.142857142857143
5039,267.6395740625948,30,-7,-20,248335,248330,248360,248332,248356,125.26190476190477,24,-3118.0,5,25,2653.0,False,False,bp,2.142857142857143
5040,566.3847446398082,66,-17,24,248405,248360,248426,248373,248412,68.84598214285714,39,-2222.0,45,21,3029.0,True,False,bp,2.142857142857143
5041,946.4603906564796,36,-3,-6,248441,248426,248462,248434,248456,117.5,22,-1325.0,15,21,2277.0,True,False,bp,2.142857142857143
5042,378.5321049379748,49,1,5,248489,248462,248511,248475,248500,40.467532467532465,25,-1191.0,27,22,768.0,False,False,bp,2.142857142857143
5043,392.3372229604442,65,-15,33,248560,248511,248576,248526,248568,51.933823529411775,42,-4025.0,49,16,1487.0,False,False,bp,2.142857142857143
5044,583.9061359250287,65,13,-7,248605,248576,248641,248595,248618,108.48461538461538,23,-4317.0,29,36,4108.0,False,False,bp,2.142857142857143
5045,532.4050230751307,29,20,-1,250050,250036,250065,250043,250058,122.0,15,-550.0,14,15,1920.0,True,False,bp,-0.7692307692307693
5046,964.3047321799723,65,-19,21,250108,250065,250130,250093,250123,100.96666666666668,30,-1605.0,43,22,3145.0,True,False,bp,-0.7692307692307693
5047,585.7417769393059,29,14,-13,250138,250130,250159,250134,250145,213.0,11,-204.0,8,21,3040.0,True,False,bp,-0.7692307692307693
5048,1540.6034516535697,55,-12,5,250189,250159,250214,250170,250203,116.57330827067669,33,-504.0,30,25,4008.0,False,False,bp,-0.7692307692307693
5049,1055.932812677464,49,-10,-1,250238,250214,250263,250224,250257,64.85714285714286,33,2092.0,24,25,3035.0,False,False,bp,-0.7692307692307693
5050,2821.3115129394873,67,14,-9,250292,250263,250330,250280,250308,237.1875,28,-1950.0,29,38,4967.0,False,False,bp,-0.7692307692307693
5051,1476.8146793886376,67,-16,17,250372,250330,250397,250350,250388,118.8778409090909,38,-1473.0,42,25,4346.0,False,False,bp,-0.7692307692307693
5052,452.4457426913939,49,7,1,250422,250397,250446,250410,250434,47.79166666666666,24,1303.0,25,24,1289.0,False,False,bp,-0.7692307692307693
5053,1500.8578177722372,67,13,-11,250474,250446,250513,250465,250489,183.38888888888889,24,-1692.0,28,39,3698.0,False,False,bp,-0.7692307692307693
5054,619.0913189867599,46,28,4,250538,250513,250559,250526,250541,159.54166666666666,15,446.0,25,21,1645.0,False,False,bp,-0.7692307692307693
5055,130.81065471793653,37,9,21,250588,250559,250596,250584,250591,257.2916666666667,7,218.0,29,8,1792.0,True,True,bp,-0.7692307692307693
5056,293.85216850606264,36,1,16,250622,250596,250632,250607,250627,73.63333333333333,20,-206.0,26,10,1250.0,True,True,bp,-0.7692307692307693
5057,269.33990389743127,33,17,13,250655,250632,250665,250648,250660,165.9,12,-758.0,23,10,1644.0,True,False,bp,-0.7692307692307693
5058,761.6810050299061,65,16,17,250706,250665,250730,250689,250710,160.8308823529412,21,-841.0,41,24,2401.0,True,False,bp,-0.7692307692307693
5059,485.19755207355996,84,-20,2,250773,250730,250814,250747,250795,56.46853146853147,48,-247.0,43,41,2228.0,True,True,bp,-0.7692307692307693
5060,1192.2592075359958,66,-8,10,250852,250814,250880,250823,250860,112.98922413793105,37,-858.0,38,28,3339.0,True,True,bp,-0.7692307692307693
5061,1490.5935686415826,51,3,1,250906,250880,250931,250889,250924,101.19444444444444,35,-1629.0,26,25,2871.0,True,True,bp,-0.7692307692307693
5062,2116.4235448813397,83,18,-1,250972,250931,251014,250962,250988,180.23125,26,-2670.0,41,42,5715.0,True,True,bp,-0.7692307692307693
5063,2894.0879148319823,66,21,-10,251042,251014,251080,251032,251056,274.25,24,-3949.0,28,38,5824.0,True,True,bp,-0.7692307692307693
5064,2052.7243096706125,67,19,-9,251109,251080,251147,251101,251126,218.5330882352941,25,-2106.0,29,38,5465.0,True,True,bp,-0.7692307692307693
5065,1218.9973039697334,67,-14,17,251189,251147,251214,251170,251209,99.68552631578949,39,-1095.0,42,25,2624.0,True,True,bp,-0.7692307692307693
5066,1539.0787595281192,66,10,-16,251239,251214,251280,251234,251263,186.26666666666665,29,-1255.0,25,41,4611.0,True,False,bp,-0.7692307692307693
5067,1347.872499174209,84,15,8,251326,251280,251364,251302,251341,100.88333333333333,39,-1993.0,46,38,2845.0,True,True,bp,-0.7692307692307693
5068,1604.3443739959348,83,12,11,251411,251364,251447,251395,251424,128.55048076923077,29,-1938.0,47,36,4731.0,True,True,bp,-0.7692307692307693
5069,2930.849947304085,55,10,3,251476,251447,251502,251465,251490,266.4155844155844,25,-4021.0,29,26,5808.0,False,False,bp,-0.7692307692307693
5070,1432.6166899334187,78,-7,-2,251540,251502,251580,251525,251560,108.95,35,-877.0,38,40,4581.0,False,False,bp,-0.7692307692307693
5071,1460.0907308448845,56,23,0,251608,251580,251636,251588,251624,98.06875,36,286.0,28,28,3319.0,True,True,bp,-0.7692307692307693
5072,876.6108556019631,91,-11,47,251705,251636,251727,251683,251713,141.5681818181818,30,-1906.0,69,22,2662.0,False,False,bp,-0.7692307692307693
5073,411.24261401888015,53,25,-29,251739,251727,251780,251732,251759,108.05,27,-1232.0,12,41,1976.0,True,False,bp,-0.7692307692307693
5074,296.69244930906495,66,2,18,251822,251780,251846,251811,251834,40.91287878787879,23,-717.0,42,24,893.0,False,False,bp,-0.7692307692307693
5075,506.3063035545806,51,21,3,251873,251846,251897,251859,251878,131.07857142857142,19,-2824.0,27,24,1303.0,False,False,bp,-0.7692307692307693
5076,744.3563193728813,67,-30,15,251938,251897,251964,251918,251958,71.25,40,-3742.0,41,26,2052.0,True,False,bp,-0.7692307692307693
5077,262.7522910098044,33,7,-15,251973,251964,251997,251968,251985,142.35833333333338,17,-3256.0,9,24,2375.0,True,False,bp,-0.7692307692307693
5078,224.5389490620723,33,4,17,252022,251997,252030,252009,252024,140.09615384615384,15,-2377.0,25,8,1318.0,True,False,bp,-0.7692307692307693
5079,119.98092447774694,95,-40,-11,252072,252030,252125,252043,252108,29.500957854406128,65,-3547.0,42,53,1542.0,True,False,bp,-0.7692307692307693
5080,425.31901823909965,37,14,-11,252138,252125,252162,252133,252144,162.15,11,-2996.0,13,24,2695.0,False,False,bp,-0.7692307692307693
5081,434.7463835698854,35,-7,-13,252173,252162,252197,252169,252190,88.0735294117647,21,-1287.0,11,24,1773.0,False,False,bp,-0.7692307692307693
5082,151.64053739192758,31,-6,-11,252207,252197,252228,252204,252223,127.4375,19,-559.0,10,21,1404.0,False,False,bp,-0.7692307692307693
5083,265.58212307269133,31,12,-5,252241,252228,252259,252236,252250,233.63333333333333,14,-1998.0,13,18,1182.0,False,False,bp,-0.7692307692307693
5084,338.25067691416075,86,-13,-8,252298,252259,252345,252276,252320,65.29545454545455,44,-4890.0,39,47,1751.0,False,False,bp,-0.7692307692307693
5085,193.2917302391262,34,28,-14,252355,252345,252379,252351,252363,147.0,12,-3695.0,10,24,2691.0,False,False,bp,-0.7692307692307693
5086,167.57868449159815,53,4,33,252422,252379,252432,252403,252426,147.0065789473684,23,-3648.0,43,10,1795.0,True,False,bp,-0.7692307692307693
5087,363.90802077728745,116,-28,-4,252488,252432,252548,252453,252516,67.175,63,-5074.0,56,60,3763.0,False,False,bp,-0.7692307692307693
5088,80.97698696930505,83,39,-69,252555,252548,252631,252551,252585,104.075,34,-2569.0,7,76,2573.0,False,False,bp,-0.7692307692307693
5089,699.4186177160393,50,-3,32,252672,252631,252681,252658,252676,135.55357142857142,18,-2988.0,41,9,2202.0,True,False,bp,-0.7692307692307693
5090,501.26755264188597,50,0,-2,252705,252681,252731,252691,252713,64.15178571428572,22,-3188.0,24,26,1366.0,True,True,bp,-0.7692307692307693
5091,317.1161108502046,50,-10,-34,252739,252731,252781,252735,252764,147.72,29,-3583.0,8,42,1167.0,True,True,bp,-0.7692307692307693
5092,1099.3351982313686,50,-8,2,250073,250047,250097,250067,250089,193.79166666666663,22,1039.0,26,24,2423.0,True,True,bp,-0.7692307692307693
5093,734.59207321592,50,-12,0,250122,250097,250147,250103,250141,66.39473684210526,38,1575.0,25,25,3331.0,True,True,bp,-0.7692307692307693
5094,827.7921163525064,67,12,15,250188,250147,250214,250167,250201,60.72893772893773,34,2620.0,41,26,1923.0,True,True,bp,-0.7692307692307693
5095,1378.3984432344096,70,11,14,250256,250214,250284,250247,250268,183.9583333333333,21,1111.0,42,28,3712.0,True,True,bp,-0.7692307692307693
5096,2333.635442066885,50,6,-6,250306,250284,250334,250300,250322,233.9375,22,1201.0,22,28,5300.0,True,True,bp,-0.7692307692307693
5097,2304.705878447908,62,-1,-18,250356,250334,250396,250350,250377,310.15476190476187,27,310.0,22,40,4478.0,True,True,bp,-0.7692307692307693
5098,1528.1996892702384,51,10,-9,250417,250396,250447,250403,250426,153.52380952380952,23,1308.0,21,30,3534.0,True,True,bp,-0.7692307692307693
5099,2361.5400138900964,51,-3,-1,250472,250447,250498,250459,250482,259.5269230769231,23,-920.0,25,26,5989.0,True,True,bp,-0.7692307692307693
5100,1759.175921856198,49,-20,5,250525,250498,250547,250502,250538,129.68394648829428,36,1903.0,27,22,4776.0,True,True,bp,-0.7692307692307693
5101,1142.8870906311806,50,-16,34,250589,250547,250597,250554,250592,168.4,38,1061.0,42,8,1935.0,False,False,bp,-0.7692307692307693
5102,823.2527718734116,56,6,-6,250622,250597,250653,250614,250638,150.65625,24,185.0,25,31,3098.0,True,True,bp,-0.7692307692307693
5103,1064.536698179118,50,6,-4,250676,250653,250703,250668,250691,93.475,23,1691.0,23,27,2510.0,True,True,bp,-0.7692307692307693
5104,1311.6923863027291,67,2,3,250738,250703,250770,250720,250750,127.33333333333331,30,317.0,35,32,3817.0,True,True,bp,-0.7692307692307693
5105,1323.367380025579,55,-6,-17,250789,250770,250825,250782,250812,161.50621118012418,30,884.0,19,36,3930.0,True,True,bp,-0.7692307692307693
5106,2219.064312054849,45,8,5,250850,250825,250870,250836,250861,170.80194805194805,25,580.0,25,20,4036.0,True,False,bp,-0.7692307692307693
5107,2022.6273703287848,77,10,-5,250906,250870,250947,250894,250925,186.61403508771932,31,-1550.0,36,41,4436.0,True,False,bp,-0.7692307692307693
5108,2230.2839083597673,66,3,-12,250974,250947,251013,250966,250995,183.47619047619045,29,-422.0,27,39,6431.0,True,True,bp,-0.7692307692307693
5109,2199.7738895544376,67,4,-13,251040,251013,251080,251027,251058,175.2264957264957,31,250.0,27,40,5008.0,True,True,bp,-0.7692307692307693
5110,1788.5175543957885,68,-17,-16,251106,251080,251148,251093,251140,148.50565610859732,47,-125.0,26,42,5565.0,True,True,bp,-0.7692307692307693
5111,2770.5929889413487,66,-7,16,251189,251148,251214,251170,251204,175.08245614035087,34,-454.0,41,25,5705.0,True,True,bp,-0.7692307692307693
5112,2489.2529949914638,66,24,6,251250,251214,251280,251231,251263,184.65789473684208,32,-1607.0,36,30,4792.0,True,True,bp,-0.7692307692307693
5113,1693.5475153362759,67,-5,29,251328,251280,251347,251319,251341,172.47863247863248,22,-922.0,48,19,3203.0,False,False,bp,-0.7692307692307693
5114,300.5896038371768,33,7,15,251371,251347,251380,251358,251376,71.82307692307694,18,1569.0,24,9,1653.0,False,False,bp,-0.7692307692307693
5115,1570.3428954498286,52,18,32,251422,251380,251432,251401,251426,178.44642857142856,25,-124.0,42,10,2479.0,False,False,bp,-0.7692307692307693
5116,640.0171547655218,71,21,11,251473,251432,251503,251469,251479,248.2083333333333,10,-485.0,41,30,1916.0,False,False,bp,-0.7692307692307693
5117,559.7437790544999,44,13,-6,251522,251503,251547,251510,251536,50.66666666666667,26,601.0,19,25,2948.0,False,False,bp,-0.7692307692307693
5118,924.5974605476204,88,17,-4,251589,251547,251635,251575,251611,104.89935064935064,36,348.0,42,46,4635.0,True,False,bp,-0.7692307692307693
5119,516.2265350505488,95,-50,47,251706,251635,251730,251664,251726,43.11428571428571,62,-132.0,71,24,1896.0,False,False,bp,-0.7692307692307693
5120,1083.407246473734,69,-23,9,251769,251730,251799,251738,251782,121.13151364764269,44,-1915.0,39,30,4587.0,False,False,bp,-0.7692307692307693
5121,645.9083683640737,37,-6,-21,251807,251799,251836,251803,251827,117.0,24,1666.0,8,29,2796.0,False,False,bp,-0.7692307692307693
5122,225.86397895270028,28,14,2,251851,251836,251864,251845,251856,147.45,11,2060.0,15,13,1337.0,False,False,bp,-0.7692307692307693
5123,1328.1944637896636,49,-3,5,251891,251864,251913,251881,251900,240.13333333333333,19,-2264.0,27,22,2215.0,False,False,bp,-0.7692307692307693
5124,368.42137469182364,50,-17,2,251939,251913,251963,251916,251952,44.817725752508366,36,-1820.0,26,24,1465.0,True,True,bp,-0.7692307692307693
5125,912.6275364702318,50,26,-6,251985,251963,252013,251971,251992,133.17857142857142,21,-2485.0,22,28,3171.0,True,False,bp,-0.7692307692307693
5126,285.07544964944236,68,-17,50,252072,252013,252081,252039,252077,59.33333333333334,38,-2690.0,59,9,1202.0,False,False,bp,-0.7692307692307693
5127,159.87543546617908,80,19,-32,252105,252081,252161,252098,252124,109.69548872180452,26,-3347.0,24,56,2666.0,False,False,bp,-0.7692307692307693
5128,467.43782657382815,52,5,-30,252172,252161,252213,252169,252192,150.26666666666668,23,-1818.0,11,41,3190.0,False,False,bp,-0.7692307692307693
5129,608.5252013310076,33,17,19,252239,252213,252246,252220,252240,188.921052631579,20,-1707.0,26,7,738.0,False,False,bp,-0.7692307692307693
5130,326.394333807471,64,3,26,252291,252246,252310,252277,252294,158.5952380952381,17,-3959.0,45,19,1779.0,False,False,bp,-0.7692307692307693
5131,262.857941497498,33,0,-19,252317,252310,252343,252314,252333,157.89583333333331,19,-3239.0,7,26,2527.0,False,False,bp,-0.7692307692307693
5132,524.6623954578304,38,10,20,252372,252343,252381,252352,252375,148.45833333333331,23,-2593.0,29,9,1754.0,True,True,bp,-0.7692307692307693
5133,242.5444389159223,53,21,29,252422,252381,252434,252408,252428,127.75,20,-3654.0,41,12,2098.0,True,True,bp,-0.7692307692307693
5134,250.8410249398654,74,-2,34,252488,252434,252508,252469,252493,130.7421052631579,24,-3982.0,54,20,2137.0,True,False,bp,-0.7692307692307693
5135,294.85635976887534,55,21,-29,252521,252508,252563,252515,252541,95.43333333333334,26,-3017.0,13,42,3103.0,False,False,bp,-0.7692307692307693
5136,225.5967302161261,52,18,34,252606,252563,252615,252588,252610,121.15277777777777,22,-2460.0,43,9,2134.0,True,False,bp,-0.7692307692307693
5137,440.95479448926085,64,24,16,252655,252615,252679,252650,252662,230.78571428571428,12,-2919.0,40,24,1498.0,True,False,bp,-0.7692307692307693
5138,363.2715839814176,35,6,17,252705,252679,252714,252698,252709,187.0892857142857,11,-3834.0,26,9,1718.0,True,False,bp,-0.7692307692307693
5139,240.65971862447518,49,-14,-1,252738,252714,252763,252726,252760,15.147727272727273,34,-3490.0,24,25,1368.0,True,False,bp,-0.7692307692307693
5140,1554.9645309078553,55,13,5,253988,253958,254013,253972,254000,148.89583333333331,28,-1214.0,30,25,4266.0,True,True,bp,0.24489795918367346
5141,1645.685562987944,80,3,8,254057,254013,254093,254041,254077,124.0,36,-461.0,44,36,5671.0,True,True,bp,0.24489795918367346
5142,2415.090038498139,70,11,0,254128,254093,254163,254116,254143,209.85,27,-1286.0,35,35,4646.0,True,True,bp,0.24489795918367346
5143,1458.6673269573514,67,4,-15,254189,254163,254230,254181,254212,194.75271739130437,31,-1431.0,26,41,3384.0,True,True,bp,0.24489795918367346
5144,1068.1162640436473,67,3,-15,254256,254230,254297,254247,254275,153.4005847953216,28,-1136.0,26,41,3933.0,False,False,bp,0.24489795918367346
5145,560.6479779132858,67,-14,-17,254322,254297,254364,254306,254346,37.09375,40,1455.0,25,42,2198.0,False,False,bp,0.24489795918367346
5146,1553.235111331935,67,22,-17,254389,254364,254431,254372,254399,155.20294117647057,27,-101.0,25,42,3776.0,True,True,bp,0.24489795918367346
5147,1337.8245585525194,83,32,-23,254461,254431,254514,254448,254468,149.97252747252747,20,198.0,30,53,2469.0,True,True,bp,0.24489795918367346
5148,1409.810366937321,65,6,-15,254539,254514,254579,254520,254556,94.94582043343651,36,-245.0,25,40,3910.0,True,True,bp,0.24489795918367346
5149,1348.6281794080114,73,9,13,254622,254579,254652,254598,254627,182.3375,29,-2122.0,43,30,2768.0,False,False,bp,0.24489795918367346
5150,1619.4837297922934,60,8,-18,254673,254652,254712,254665,254694,151.5625,29,-1833.0,21,39,4758.0,True,False,bp,0.24489795918367346
5151,1729.5700771516372,101,25,-15,254755,254712,254813,254731,254768,180.9423076923077,37,-2757.0,43,58,6220.0,False,False,bp,0.24489795918367346
5152,1214.9514359308894,51,-10,1,254839,254813,254864,254830,254857,127.7222222222222,27,417.0,26,25,2587.0,False,False,bp,0.24489795918367346
5153,1813.6859770739645,50,-2,4,254891,254864,254914,254874,254906,130.62941176470588,32,-1279.0,27,23,4082.0,True,True,bp,0.24489795918367346
5154,605.7861150406371,66,-10,16,254955,254914,254980,254936,254965,64.6157894736842,29,-14.0,41,25,2206.0,True,True,bp,0.24489795918367346
5155,530.8736683111213,50,6,0,255005,254980,255030,254984,255017,50.029761904761905,33,659.0,25,25,1462.0,False,False,bp,0.24489795918367346
5156,1546.3597772259595,83,27,9,255076,255030,255113,255056,255089,118.42692307692309,33,-2011.0,46,37,3691.0,False,False,bp,0.24489795918367346
5157,1553.8329787419113,84,13,28,255169,255113,255197,255149,255184,138.74166666666667,35,-2565.0,56,28,4758.0,True,True,bp,0.24489795918367346
5158,1354.9621902569695,116,3,2,255256,255197,255313,255232,255273,118.40318627450979,41,-3034.0,59,57,4339.0,False,False,bp,0.24489795918367346
5159,801.0487665265445,35,47,-15,255323,255313,255348,255317,255342,96.40350877192984,25,-51.0,10,25,2351.0,False,False,bp,0.24489795918367346
5160,2070.5359472128735,115,-2,35,255423,255348,255463,255414,255446,189.66183574879227,32,-2244.0,75,40,5633.0,True,False,bp,0.24489795918367346
5161,700.5394195914442,102,-34,-50,255489,255463,255565,255476,255545,121.32005494505495,69,-1561.0,26,76,5860.0,False,False,bp,0.24489795918367346
5162,604.9300468442815,35,28,3,255584,255565,255600,255580,255584,,4,2704.0,19,16,93.0,False,False,bp,0.24489795918367346
5163,489.54769254834457,47,15,-3,255622,255600,255647,255616,255634,159.33333333333334,18,573.0,22,25,1001.0,False,False,bp,0.24489795918367346
5164,122.59387446963831,37,4,15,255673,255647,255684,255667,255678,133.66666666666669,11,-117.0,26,11,1025.0,True,True,bp,0.24489795918367346
5165,340.76731248207614,46,-4,-4,255705,255684,255730,255693,255717,68.54166666666666,24,-341.0,21,25,1536.0,True,True,bp,0.24489795918367346
5166,998.2967313025549,50,6,-8,255751,255730,255780,255737,255766,94.1904761904762,29,-1250.0,21,29,2902.0,True,True,bp,0.24489795918367346
5167,880.3073178712483,67,17,-15,255806,255780,255847,255801,255826,198.525,25,-1582.0,26,41,2526.0,True,True,bp,0.24489795918367346
5168,726.4956769379544,67,-10,-5,255878,255847,255914,255868,255901,72.62608695652173,33,-1517.0,31,36,1466.0,True,True,bp,0.24489795918367346
5169,516.2741121775426,49,9,1,255939,255914,255963,255924,255951,47.225,27,-2743.0,25,24,1629.0,True,True,bp,0.24489795918367346
5170,194.1622271866739,67,8,17,256005,255963,256030,255987,256008,129.61111111111111,21,-3112.0,42,25,1542.0,True,False,bp,0.24489795918367346
5171,90.628959242613,28,8,10,256049,256030,256058,256037,256052,90.83333333333331,15,-2429.0,19,9,911.0,False,False,bp,0.24489795918367346
5172,286.7515267732596,54,-4,14,256092,256058,256112,256075,256102,71.57058823529411,27,-3437.0,34,20,1572.0,False,False,bp,0.24489795918367346
5173,308.4790985604766,52,-20,34,256155,256112,256164,256125,256158,129.41666666666666,33,-4064.0,43,9,1566.0,True,False,bp,0.24489795918367346
5174,246.5378767183415,49,-29,7,256192,256164,256213,256171,256209,34.76330532212885,38,-3371.0,28,21,1506.0,True,True,bp,0.24489795918367346
5175,136.79602822775823,34,11,-16,256222,256213,256247,256218,256234,205.41666666666663,16,-3891.0,9,25,1742.0,True,True,bp,0.24489795918367346
5176,206.96271881572372,46,5,4,256272,256247,256293,256261,256277,138.78181818181818,16,-3780.0,25,21,2086.0,False,False,bp,0.24489795918367346
5177,475.12091582997596,43,10,-15,256307,256293,256336,256298,256318,98.42424242424242,20,-2249.0,14,29,3311.0,False,False,bp,0.24489795918367346
5178,223.97587471336968,28,16,12,256356,256336,256364,256348,256359,189.10416666666663,11,-536.0,20,8,1672.0,False,False,bp,0.24489795918367346
5179,490.53046096616026,83,-21,-1,256405,256364,256447,256386,256429,84.76315789473685,43,-2644.0,41,42,2731.0,False,False,bp,0.24489795918367346
5180,289.98493982167497,34,8,-16,256456,256447,256481,256451,256469,126.79230769230769,18,-1856.0,9,25,1193.0,False,False,bp,0.24489795918367346
5181,1450.4181832088307,63,-2,19,253992,253951,254014,253969,254002,135.0891304347826,33,-1468.0,41,22,4229.0,True,True,bp,0.24489795918367346
5182,1405.3073662748754,80,4,-28,254040,254014,254094,254033,254065,167.30571428571432,32,-323.0,26,54,4006.0,True,False,bp,0.24489795918367346
5183,946.9290527918773,37,-16,21,254123,254094,254131,254101,254126,140.70454545454544,25,316.0,29,8,1321.0,False,False,bp,0.24489795918367346
5184,233.14594434815803,33,6,-15,254140,254131,254164,254135,254156,105.3375,21,137.0,9,24,1308.0,True,False,bp,0.24489795918367346
5185,715.0411653051477,45,28,5,254189,254164,254209,254183,254196,183.452380952381,13,-637.0,25,20,2504.0,True,False,bp,0.24489795918367346
5186,569.5475544481154,72,-10,52,254271,254209,254281,254237,254276,118.90294117647059,39,110.0,62,10,2395.0,True,True,bp,0.24489795918367346
5187,1162.5840364607327,82,22,0,254322,254281,254363,254305,254333,123.1711229946524,28,-1516.0,41,41,3866.0,True,True,bp,0.24489795918367346
5188,625.3975948478293,66,9,-14,254389,254363,254429,254383,254406,141.19607843137254,23,-187.0,26,40,1695.0,False,False,bp,0.24489795918367346
5189,1510.3274360829078,68,13,-16,254455,254429,254497,254438,254473,112.9281045751634,35,-2429.0,26,42,4207.0,False,False,bp,0.24489795918367346
5190,1253.4606989738293,84,2,0,254539,254497,254581,254521,254559,100.2722222222222,38,-882.0,42,42,4738.0,True,True,bp,0.24489795918367346
5191,1615.4143722957258,78,-12,6,254623,254581,254659,254599,254639,119.35416666666669,40,-2219.0,42,36,3451.0,True,False,bp,0.24489795918367346
5192,1042.7247748126686,60,15,-32,254673,254659,254719,254667,254701,142.32738095238096,34,-1008.0,14,46,3702.0,True,True,bp,0.24489795918367346
5193,721.2104937659433,57,15,17,254756,254719,254776,254750,254761,213.06666666666663,11,-363.0,37,20,1836.0,True,False,bp,0.24489795918367346
5194,517.4618133957244,52,16,-20,254792,254776,254828,254787,254807,115.76666666666668,20,112.0,16,36,1919.0,True,False,bp,0.24489795918367346
5195,512.1926249520391,52,7,2,254855,254828,254880,254843,254867,98.04166666666666,24,-355.0,27,25,2038.0,True,True,bp,0.24489795918367346
5196,795.4836052718034,53,4,21,254917,254880,254933,254898,254925,88.42434210526315,27,-867.0,37,16,1862.0,True,True,bp,0.24489795918367346
5197,422.68892669449997,63,22,5,254967,254933,254996,254956,254976,74.78787878787878,20,-31.0,34,29,2228.0,False,False,bp,0.24489795918367346
5198,288.34337812234884,33,17,23,255024,254996,255029,255018,255026,147.91666666666669,8,687.0,28,5,1070.0,False,False,bp,0.24489795918367346
5199,1342.9634440569266,85,5,-13,255065,255029,255114,255051,255084,139.28571428571428,33,-2234.0,36,49,4191.0,False,False,bp,0.24489795918367346
5200,1129.5418391183307,66,-1,-16,255139,255114,255180,255122,255169,79.1921568627451,47,-1240.0,25,41,3848.0,True,True,bp,0.24489795918367346
5201,2706.23457114147,84,14,2,255223,255180,255264,255215,255242,322.4967105263158,27,-4471.0,43,41,5989.0,True,True,bp,0.24489795918367346
5202,1516.7909885191116,55,0,3,255293,255264,255319,255283,255305,141.40833333333333,22,-1571.0,29,26,3075.0,False,False,bp,0.24489795918367346
5203,591.7761446102228,45,-5,-5,255339,255319,255364,255327,255359,65.175,32,72.0,20,25,1465.0,False,False,bp,0.24489795918367346
5204,1567.5611887827442,67,19,15,255405,255364,255431,255386,255411,234.9298245614035,25,-2531.0,41,26,4311.0,False,False,bp,0.24489795918367346
5205,1375.0072860197747,87,12,-3,255473,255431,255518,255455,255490,127.99183006535948,35,-2144.0,42,45,4827.0,True,True,bp,0.24489795918367346
5206,2385.7761468584117,68,22,-4,255550,255518,255586,255537,255561,223.11538461538458,24,-2240.0,32,36,5288.0,True,True,bp,0.24489795918367346
5207,699.1208092997161,82,0,0,255627,255586,255668,255607,255645,48.63888888888889,38,330.0,41,41,2251.0,True,True,bp,0.24489795918367346
5208,1044.724491416474,51,31,-11,255688,255668,255719,255683,255693,296.5,10,-497.0,20,31,2707.0,True,True,bp,0.24489795918367346
5209,1083.559865056703,65,-3,-17,255743,255719,255784,255734,255765,148.28535353535358,31,-2091.0,24,41,1167.0,False,False,bp,0.24489795918367346
5210,652.0149126682971,29,-1,5,255801,255784,255813,255793,255807,211.3125,14,-4311.0,17,12,2475.0,False,False,bp,0.24489795918367346
5211,1107.1194435096056,50,-15,-10,255833,255813,255863,255820,255852,111.67408906882591,32,-3946.0,20,30,5340.0,False,False,bp,0.24489795918367346
5212,2093.2048719768727,46,4,-4,255884,255863,255909,255869,255893,193.2111111111111,24,-4347.0,21,25,3305.0,True,False,bp,0.24489795918367346
5213,569.4182006950529,88,-14,36,255971,255909,255997,255921,255975,191.12,54,-6254.0,62,26,2675.0,True,False,bp,0.24489795918367346
5214,338.3803159168992,79,-28,27,256050,255997,256076,256015,256061,40.457142857142856,46,-5980.0,53,26,1128.0,False,False,bp,0.24489795918367346
5215,584.8510579244669,38,-5,-24,256083,256076,256114,256079,256107,193.83333333333331,28,-6924.0,7,31,2724.0,True,False,bp,0.24489795918367346
5216,689.190001533564,50,-8,12,256145,256114,256164,256130,256160,93.76666666666668,30,-6341.0,31,19,3205.0,True,True,bp,0.24489795918367346
5217,267.38394545198815,81,-22,1,256205,256164,256245,256182,256226,64.99171842650104,44,-5525.0,41,40,3044.0,False,False,bp,0.24489795918367346
5218,626.0128081265623,32,-5,-8,256257,256245,256277,256248,256273,87.20833333333334,25,-3453.0,12,20,3220.0,False,False,bp,0.24489795918367346
5219,519.261392567166,77,-6,-21,256305,256277,256354,256293,256332,69.39351851851852,39,-2605.0,28,49,2780.0,False,False,bp,0.24489795918367346
5220,254.9974924610492,29,10,9,256373,256354,256383,256365,256379,75.54166666666666,14,-821.0,19,10,1242.0,False,False,bp,0.24489795918367346
5221,1142.0803372768746,61,-13,21,256424,256383,256444,256403,256433,106.03174603174602,30,-2475.0,41,20,2595.0,False,False,bp,0.24489795918367346
5222,1128.744498056942,37,-8,-15,256455,256444,256481,256450,256475,220.375,25,-3526.0,11,26,1984.0,True,True,bp,0.24489795918367346
5223,2260.398934802525,67,3,7,258483,258446,258513,258471,258494,219.62121212121207,23,-2595.0,37,30,4299.0,False,False,bp,-0.4782608695652174
5224,488.05953288255483,84,13,-32,258539,258513,258597,258520,258561,55.58373205741628,41,-369.0,26,58,3351.0,False,False,bp,-0.4782608695652174
5225,1867.2653462115256,66,18,-16,258622,258597,258663,258615,258640,208.3015873015873,25,-1271.0,25,41,3484.0,True,True,bp,-0.4782608695652174
5226,1850.4044088853611,67,1,17,258705,258663,258730,258683,258711,241.0378787878788,28,-2101.0,42,25,4834.0,False,False,bp,-0.4782608695652174
5227,543.0004135896795,50,19,0,258755,258730,258780,258740,258760,92.36666666666667,20,1485.0,25,25,1751.0,False,False,bp,-0.4782608695652174
5228,2823.386320335529,55,-1,3,258809,258780,258835,258799,258824,284.0833333333333,25,-3959.0,29,26,6220.0,False,False,bp,-0.4782608695652174
5229,959.4598104870934,61,-14,13,258872,258835,258896,258848,258884,101.10416666666669,36,-1486.0,37,24,2857.0,True,True,bp,-0.4782608695652174
5230,389.0016968341076,51,8,1,258922,258896,258947,258906,258928,64.02083333333334,22,-586.0,26,25,1780.0,False,False,bp,-0.4782608695652174
5231,1841.0681853897454,50,4,0,258972,258947,258997,258958,258981,221.11904761904762,23,-2531.0,25,25,5467.0,False,False,bp,-0.4782608695652174
5232,2115.747725402204,50,31,-6,259019,258997,259047,259008,259029,214.50454545454545,21,-1683.0,22,28,4495.0,True,True,bp,-0.4782608695652174
5233,950.0957004448727,66,12,16,259088,259047,259113,259081,259094,247.8690476190476,13,-695.0,41,25,2749.0,False,False,bp,-0.4782608695652174
5234,488.4299832624279,51,14,-33,259122,259113,259164,259119,259144,86.86363636363636,25,1390.0,9,42,2693.0,False,False,bp,-0.4782608695652174
5235,1905.440569430772,49,1,9,259193,259164,259213,259183,259207,191.70714285714286,24,-1177.0,29,20,3213.0,True,True,bp,-0.4782608695652174
5236,857.184068001592,67,19,-15,259239,259213,259280,259232,259251,187.4940476190476,19,-743.0,26,41,3051.0,True,True,bp,-0.4782608695652174
5237,1689.682922879482,50,35,0,259305,259280,259330,259289,259310,223.36875,21,-782.0,25,25,3884.0,True,True,bp,-0.4782608695652174
5238,2956.624671402427,69,0,19,259374,259330,259399,259366,259390,333.59375,24,-3929.0,44,25,6237.0,True,True,bp,-0.4782608695652174
5239,1072.8213349074952,81,-16,-29,259425,259399,259480,259414,259460,111.93116883116885,46,-1203.0,26,55,3393.0,True,True,bp,-0.4782608695652174
5240,1352.6547250609924,50,29,0,259505,259480,259530,259490,259515,125.05,25,-798.0,25,25,3101.0,True,True,bp,-0.4782608695652174
5241,1451.7667037294598,83,-11,35,259589,259530,259613,259569,259606,114.5735294117647,37,-2217.0,59,24,4145.0,True,True,bp,-0.4782608695652174
5242,1150.4675076304766,68,-5,18,259656,259613,259681,259632,259666,126.0375,34,-2730.0,43,25,2186.0,False,False,bp,-0.4782608695652174
5243,211.4928215849991,82,-13,-32,259706,259681,259763,259695,259747,46.260532150776065,52,-1972.0,25,57,2258.0,True,False,bp,-0.4782608695652174
5244,363.75475203466317,67,-18,41,259817,259763,259830,259786,259823,93.38978494623656,37,-1309.0,54,13,1794.0,True,False,bp,-0.4782608695652174
5245,529.2089361112927,52,-4,0,259856,259830,259882,259842,259866,114.07142857142857,24,-1981.0,26,26,1644.0,True,True,bp,-0.4782608695652174
5246,533.6417328726841,65,-35,-27,259901,259882,259947,259886,259940,80.6076923076923,54,-3275.0,19,46,3530.0,True,False,bp,-0.4782608695652174
5247,636.2128866133237,34,-1,16,259972,259947,259981,259959,259976,112.18269230769229,17,-2236.0,25,9,1811.0,True,False,bp,-0.4782608695652174
5248,434.5609793368097,49,12,-1,260005,259981,260030,259992,260017,65.83333333333333,25,-2121.0,24,25,998.0,True,False,bp,-0.4782608695652174
5249,220.22777188348044,84,3,0,260072,260030,260114,260054,260086,57.66666666666667,32,-2701.0,42,42,2064.0,True,False,bp,-0.4782608695652174
5250,708.4715439393239,66,21,-16,260139,260114,260180,260121,260151,89.70833333333331,30,-3133.0,25,41,2074.0,True,True,bp,-0.4782608695652174
5251,456.5968130982032,51,-9,31,260221,260180,260231,260202,260227,102.80263157894736,25,-3457.0,41,10,1713.0,True,False,bp,-0.4782608695652174
5252,491.9528208699758,49,4,-1,260255,260231,260280,260243,260267,85.54166666666667,24,-4715.0,24,25,1481.0,False,False,bp,-0.4782608695652174
5253,548.429434028132,57,-7,-7,260305,260280,260337,260295,260328,31.791304347826085,33,-4545.0,25,32,2272.0,True,True,bp,-0.4782608695652174
5254,538.3242659681554,93,-19,9,260388,260337,260430,260354,260402,94.73319327731093,48,-6293.0,51,42,3357.0,False,False,bp,-0.4782608695652174
5255,640.284357045745,50,7,-32,260439,260430,260480,260431,260461,78.91477272727272,30,-3768.0,9,41,3048.0,False,False,bp,-0.4782608695652174
5256,280.8038264818542,84,-19,0,260522,260480,260564,260498,260542,62.34166666666667,44,-3967.0,42,42,2346.0,False,False,bp,-0.4782608695652174
5257,97.5643316204577,34,-12,0,260581,260564,260598,260567,260594,44.568681318681314,27,-2603.0,17,17,1571.0,False,False,bp,-0.4782608695652174
5258,459.4209075397285,61,21,-13,260622,260598,260659,260609,260635,74.80769230769229,26,-2823.0,24,37,2285.0,True,False,bp,-0.4782608695652174
5259,1318.5801651758195,72,20,-14,260688,260659,260731,260682,260699,255.37121212121207,17,-3654.0,29,43,5107.0,False,False,bp,-0.4782608695652174
5260,491.353683654048,33,1,17,260756,260731,260764,260736,260758,118.525,22,-431.0,25,8,972.0,False,False,bp,-0.4782608695652174
5261,3311.9386036810097,55,1,5,258476,258446,258501,258464,258490,246.827380952381,26,-2399.0,30,25,6867.0,True,False,bp,-0.4782608695652174
5262,1596.1690835795505,52,0,22,258538,258501,258553,258517,258542,193.3392857142857,25,19.0,37,15,2234.0,True,False,bp,-0.4782608695652174
5263,385.23490322221846,54,14,-16,258572,258553,258607,258567,258586,127.60714285714286,19,542.0,19,35,1505.0,False,False,bp,-0.4782608695652174
5264,2581.8518474772904,56,8,-2,258634,258607,258663,258619,258648,206.48809523809524,29,-2432.0,27,29,7653.0,False,False,bp,-0.4782608695652174
5265,944.2442877986141,67,-23,19,258706,258663,258730,258685,258723,65.76890756302521,38,2180.0,43,24,1989.0,False,False,bp,-0.4782608695652174
5266,1787.7427424685416,50,11,-10,258750,258730,258780,258738,258761,184.1856060606061,23,-44.0,20,30,4293.0,False,False,bp,-0.4782608695652174
5267,4771.848050356028,66,10,-14,258806,258780,258846,258795,258819,479.75874125874117,24,-6292.0,26,40,11615.0,False,False,bp,-0.4782608695652174
5268,2409.425003423349,49,2,5,258873,258846,258895,258853,258879,221.1,26,-985.0,27,22,3599.0,True,True,bp,-0.4782608695652174
5269,556.3208865813657,51,9,3,258922,258895,258946,258907,258927,123.0,20,-513.0,27,24,2299.0,True,True,bp,-0.4782608695652174
5270,1951.7176959662268,54,5,-2,258972,258946,259000,258956,258980,225.75,24,-1316.0,26,28,5938.0,True,True,bp,-0.4782608695652174
5271,1118.3076997134654,63,-3,-19,259022,259000,259063,259009,259040,141.05341880341882,31,213.0,22,41,1951.0,False,False,bp,-0.4782608695652174
5272,859.7327270671741,35,2,-13,259074,259063,259098,259068,259090,138.20833333333331,22,44.0,11,24,3146.0,True,True,bp,-0.4782608695652174
5273,2788.663509402491,49,9,-1,259122,259098,259147,259114,259136,302.3303571428571,22,-2578.0,24,25,6815.0,True,True,bp,-0.4782608695652174
5274,1721.8593054533744,64,26,-12,259173,259147,259211,259167,259180,291.70238095238096,13,102.0,26,38,3207.0,True,True,bp,-0.4782608695652174
5275,741.8560884350467,69,-12,-15,259238,259211,259280,259219,259258,66.00131578947371,39,595.0,27,42,1775.0,True,False,bp,-0.4782608695652174
5276,255.97820448033173,34,-3,-16,259289,259280,259314,259285,259307,125.41666666666669,22,944.0,9,25,1540.0,True,False,bp,-0.4782608695652174
5277,517.9460863575409,50,-8,0,259339,259314,259364,259326,259355,50.95192307692307,29,1498.0,25,25,2267.0,False,False,bp,-0.4782608695652174
5278,215.2379259675657,32,1,16,259388,259364,259396,259376,259392,132.20833333333334,16,1955.0,24,8,1351.0,False,False,bp,-0.4782608695652174
5279,328.8696434692135,30,1,24,259423,259396,259426,259409,259424,78.60714285714286,15,307.0,27,3,137.0,False,False,bp,-0.4782608695652174
5280,1215.9392019643888,39,3,9,259450,259426,259465,259440,259460,110.15,20,-1266.0,24,15,3399.0,False,False,bp,-0.4782608695652174
5281,1064.0354697611297,49,5,3,259491,259465,259514,259483,259498,211.67857142857144,15,-976.0,26,23,3075.0,True,True,bp,-0.4782608695652174
5282,569.5818414695686,51,10,-33,259523,259514,259565,259518,259544,151.9476190476191,26,210.0,9,42,3045.0,True,False,bp,-0.4782608695652174
5283,1796.2577279345346,64,-3,16,259605,259565,259629,259580,259610,191.54,30,-1155.0,40,24,3376.0,True,True,bp,-0.4782608695652174
5284,871.0949072678847,52,-24,26,259668,259629,259681,259637,259675,107.94700460829493,38,-847.0,39,13,2370.0,True,False,bp,-0.4782608695652174
5285,832.5749181870235,49,11,-9,259701,259681,259730,259689,259709,151.70833333333331,20,-1628.0,20,29,2951.0,True,True,bp,-0.4782608695652174
5286,788.888066382189,50,5,0,259755,259730,259780,259740,259760,136.23333333333335,20,-997.0,25,25,2616.0,True,True,bp,-0.4782608695652174
5287,941.0292797508513,50,-18,2,259806,259780,259830,259785,259821,84.28571428571428,36,-632.0,26,24,3082.0,True,True,bp,-0.4782608695652174
5288,1405.9538096123003,56,19,-16,259850,259830,259886,259839,259857,179.01298701298703,18,-1782.0,20,36,2333.0,True,False,bp,-0.4782608695652174
5289,166.44786497654715,30,3,0,259901,259886,259916,259894,259905,99.46428571428572,11,-880.0,15,15,1523.0,True,False,bp,-0.4782608695652174
5290,171.19068380208333,30,16,-10,259926,259916,259946,259919,259931,149.21428571428572,12,-1345.0,10,20,1335.0,False,False,bp,-0.4782608695652174
5291,500.5196818816763,63,-8,-11,259972,259946,260009,259959,259991,98.30769230769229,32,-3050.0,26,37,2009.0,False,False,bp,-0.4782608695652174
5292,247.0149021357899,69,6,-43,260022,260009,260078,260015,260049,106.46825396825398,34,-3160.0,13,56,2212.0,True,True,bp,-0.4782608695652174
5293,481.92750109648637,55,-5,-7,260102,260078,260133,260089,260120,26.482905982905983,31,-2679.0,24,31,2434.0,True,True,bp,-0.4782608695652174
5294,689.9129479478502,63,1,-17,260156,260133,260196,260146,260180,89.375,34,-3064.0,23,40,1052.0,False,False,bp,-0.4782608695652174
5295,148.43723686717266,101,-14,-49,260222,260196,260297,260215,260268,124.90217391304348,53,-4472.0,26,75,3034.0,False,False,bp,-0.4782608695652174
5296,436.90100489477913,33,11,15,260321,260297,260330,260307,260324,210.0476190476191,17,-3915.0,24,9,2328.0,True,False,bp,-0.4782608695652174
5297,943.2333448519099,62,-13,10,260366,260330,260392,260352,260380,115.5,28,-5632.0,36,26,1779.0,False,False,bp,-0.4782608695652174
5298,462.7840185181649,27,14,-13,260399,260392,260419,260395,260408,131.52777777777777,13,-5577.0,7,20,1409.0,True,True,bp,-0.4782608695652174
5299,346.3604840809128,42,10,-4,260438,260419,260461,260435,260445,200.8333333333333,10,-5195.0,19,23,3021.0,False,False,bp,-0.4782608695652174
5300,553.5210628025051,36,7,-14,260472,260461,260497,260465,260484,118.75595238095238,19,-4216.0,11,25,1593.0,True,False,bp,-0.4782608695652174
5301,819.6978006150287,67,-17,-5,260528,260497,260564,260510,260555,74.64814814814815,45,-4677.0,31,36,4077.0,True,False,bp,-0.4782608695652174
5302,962.3873500967552,82,30,-32,260589,260564,260646,260583,260612,144.95652173913044,29,-3015.0,25,57,4130.0,True,True,bp,-0.4782608695652174
5303,413.8581429452115,86,-17,-4,260687,260646,260732,260671,260713,93.6971153846154,42,-1998.0,41,45,3306.0,False,False,bp,-0.4782608695652174
5304,301.0796734827934,32,10,14,260755,260732,260764,260738,260759,80.72794117647058,21,-2.0,23,9,1389.0,False,False,bp,-0.4782608695652174
5305,309.53539044305126,30,19,12,263089,263068,263098,263082,263091,203.0,9,3049.0,21,9,1474.0,False,False,bp,0.49295774647887325
5306,635.546657222406,62,-16,20,263139,263098,263160,263119,263150,59.22954545454545,31,936.0,41,21,755.0,False,False,bp,0.49295774647887325
5307,876.6482912367662,39,0,-19,263170,263160,263199,263165,263190,101.35,25,414.0,10,29,3039.0,False,False,bp,0.49295774647887325
5308,1293.9744858580175,98,18,-10,263243,263199,263297,263215,263257,118.82142857142858,42,-727.0,44,54,4588.0,True,True,bp,0.49295774647887325
5309,2361.464527938348,67,44,3,263332,263297,263364,263317,263345,180.6025641025641,28,-2039.0,35,32,4173.0,True,True,bp,0.49295774647887325
5310,1589.0733211974805,99,29,39,263433,263364,263463,263417,263444,145.57102272727275,27,-1815.0,69,30,3591.0,True,True,bp,0.49295774647887325
5311,1159.165324286623,100,1,18,263522,263463,263563,263500,263534,116.00757575757576,34,-2318.0,59,41,3332.0,True,True,bp,0.49295774647887325
5312,1403.8161341450634,65,15,-15,263588,263563,263628,263569,263595,186.203007518797,26,-3463.0,25,40,3924.0,True,True,bp,0.49295774647887325
5313,1216.579093888315,52,-1,-20,263644,263628,263680,263636,263667,125.44565217391305,31,-1910.0,16,36,3393.0,True,True,bp,0.49295774647887325
5314,1091.300669304293,83,-15,1,263722,263680,263763,263697,263743,77.16190476190476,46,-1885.0,42,41,3392.0,True,True,bp,0.49295774647887325
5315,495.0139952623327,50,-8,6,263791,263763,263813,263774,263807,33.17279411764706,33,-642.0,28,22,1232.0,False,False,bp,0.49295774647887325
5316,415.0250951996656,39,3,11,263838,263813,263852,263832,263845,173.89285714285714,13,-2123.0,25,14,1924.0,False,False,bp,0.49295774647887325
5317,315.1035684660688,39,-5,1,263872,263852,263891,263861,263881,128.99494949494948,20,-2881.0,20,19,905.0,False,False,bp,0.49295774647887325
5318,482.2002934478955,55,-8,-27,263905,263891,263946,263896,263931,73.37393162393163,35,-3243.0,14,41,2930.0,False,False,bp,0.49295774647887325
5319,652.9608349012673,56,21,-4,263972,263946,264002,263958,263984,81.5,26,-2369.0,26,30,1066.0,False,False,bp,0.49295774647887325
5320,838.3066738808109,79,-10,27,264055,264002,264081,264031,264066,147.78787878787878,35,-5423.0,53,26,3564.0,False,False,bp,0.49295774647887325
5321,616.4916585605682,49,-7,33,264122,264081,264130,264091,264125,182.48924731182797,34,-4180.0,41,8,2182.0,True,True,bp,0.49295774647887325
5322,614.6060781050153,62,-16,16,264169,264130,264192,264152,264183,80.97268907563027,31,-4321.0,39,23,1614.0,True,True,bp,0.49295774647887325
5323,615.9167145444426,71,-5,-29,264213,264192,264263,264198,264239,52.828205128205134,41,-5038.0,21,50,3539.0,True,False,bp,0.49295774647887325
5324,681.1759533489233,65,22,-15,264288,264263,264328,264275,264300,98.43269230769229,25,-3959.0,25,40,2547.0,True,True,bp,0.49295774647887325
5325,818.1551695810917,51,-2,3,264355,264328,264379,264347,264367,135.3125,20,-3866.0,27,24,2785.0,True,False,bp,0.49295774647887325
5326,486.80475188959,34,14,-14,264389,264379,264413,264385,264394,332.6,9,-3965.0,10,24,3782.0,False,False,bp,0.49295774647887325
5327,329.2215325432948,29,20,-9,264423,264413,264442,264417,264427,179.41666666666669,10,-1928.0,10,19,1744.0,False,False,bp,0.49295774647887325
5328,477.5337228505042,39,7,19,264471,264442,264481,264457,264474,148.25,17,-1503.0,29,10,2029.0,False,False,bp,0.49295774647887325
5329,263.7924242173069,78,-5,4,264522,264481,264559,264498,264534,76.89583333333333,36,-460.0,41,37,2191.0,False,False,bp,0.49295774647887325
5330,1177.6234628257464,54,-4,-20,264576,264559,264613,264565,264594,108.3409090909091,29,-1440.0,17,37,2491.0,True,True,bp,0.49295774647887325
5331,373.81530689664527,61,-7,35,263122,263074,263135,263093,263122,,29,-136.0,48,13,22.0,False,False,bp,0.49295774647887325
5332,335.89013087245,56,14,-16,263155,263135,263191,263144,263168,48.72727272727273,24,-656.0,20,36,2054.0,False,False,bp,0.49295774647887325
5333,689.0124328072845,56,-14,38,263238,263191,263247,263206,263243,136.178125,37,-815.0,47,9,2409.0,True,False,bp,0.49295774647887325
5334,767.4357357682663,65,12,-15,263272,263247,263312,263266,263287,185.6,21,-1390.0,25,40,3346.0,False,False,bp,0.49295774647887325
5335,366.6543966478503,35,-3,9,263334,263312,263347,263320,263341,56.28571428571429,21,912.0,22,13,1738.0,False,False,bp,0.49295774647887325
5336,967.903658384016,48,10,2,263372,263347,263395,263359,263378,123.48076923076924,19,-458.0,25,23,1760.0,True,True,bp,0.49295774647887325
5337,1177.9388949529296,54,4,0,263422,263395,263449,263407,263429,171.03333333333333,22,-2133.0,27,27,3275.0,True,True,bp,0.49295774647887325
5338,716.6347396424362,51,-7,-7,263471,263449,263500,263455,263482,63.93465909090909,27,-1234.0,22,29,1254.0,False,False,bp,0.49295774647887325
5339,178.3993050726949,30,19,-20,263505,263500,263530,263502,263516,104.56060606060606,14,-512.0,5,25,2208.0,False,False,bp,0.49295774647887325
5340,861.1454315494293,87,-3,-35,263556,263530,263617,263549,263590,115.08403361344536,41,-826.0,26,61,2293.0,True,True,bp,0.49295774647887325
5341,511.9224379046193,67,27,-23,263639,263617,263684,263628,263662,79.2490118577075,34,-1091.0,22,45,1960.0,True,True,bp,0.49295774647887325
5342,1085.9425174375976,90,31,18,263738,263684,263774,263723,263745,137.87619047619046,22,-1699.0,54,36,3094.0,True,True,bp,0.49295774647887325
5343,729.7063643181833,73,0,-11,263805,263774,263847,263798,263832,134.2619047619048,34,-1421.0,31,42,3219.0,True,True,bp,0.49295774647887325
5344,768.357774487951,49,-7,27,263885,263847,263896,263866,263890,99.46842105263157,24,-1318.0,38,11,1557.0,False,False,bp,0.49295774647887325
5345,372.1237230860445,34,-8,16,263921,263896,263930,263907,263924,208.16666666666663,17,-2368.0,25,9,2362.0,True,False,bp,0.49295774647887325
5346,184.28930857057904,33,7,-15,263939,263930,263963,263933,263952,133.21153846153842,19,-1750.0,9,24,2608.0,True,False,bp,0.49295774647887325
5347,685.4121951643906,64,-8,-12,263989,263963,264027,263978,264014,75.46727272727273,36,-1280.0,26,38,2366.0,True,False,bp,0.49295774647887325
5348,663.206649328906,69,-5,-9,264057,264027,264096,264042,264074,98.42941176470586,32,-2782.0,30,39,2724.0,True,False,bp,0.49295774647887325
5349,486.98010276086745,34,10,-16,264105,264096,264130,264101,264117,264.2083333333333,16,-2963.0,9,25,2572.0,True,False,bp,0.49295774647887325
5350,450.3842491240263,48,0,6,264157,264130,264178,264143,264163,159.32142857142856,20,-2690.0,27,21,1846.0,True,False,bp,0.49295774647887325
5351,396.0413231743944,66,-3,-46,264188,264178,264244,264183,264218,139.35,35,-3142.0,10,56,4137.0,True,False,bp,0.49295774647887325
5352,708.0473636140663,33,-3,-11,264255,264244,264277,264250,264267,216.75,17,-1653.0,11,22,2741.0,True,False,bp,0.49295774647887325
5353,126.08872590076295,52,19,-30,264288,264277,264329,264281,264301,87.2967032967033,20,-335.0,11,41,1476.0,False,False,bp,0.49295774647887325
5354,781.5285690711756,84,7,0,264371,264329,264413,264340,264377,169.01075268817206,37,-2271.0,42,42,3777.0,False,False,bp,0.49295774647887325
5355,621.6265560081898,68,3,-28,264433,264413,264481,264421,264455,36.67803030303031,34,287.0,20,48,2632.0,False,False,bp,0.49295774647887325
5356,535.7113099073647,72,7,-24,264505,264481,264553,264492,264526,68.37912087912089,34,925.0,24,48,2888.0,True,True,bp,0.49295774647887325
5357,1034.7530109811212,74,-8,10,266121,266079,266153,266092,266133,115.70833333333331,41,-541.0,42,32,2841.0,True,True,bp,-0.9285714285714286
5358,1318.6335564337714,77,17,-37,266173,266153,266230,266166,266201,161.44642857142856,35,-567.0,20,57,3883.0,True,False,bp,-0.9285714285714286
5359,3302.891866216653,67,6,-5,266261,266230,266297,266253,266277,355.0625,24,-3379.0,31,36,7348.0,False,False,bp,-0.9285714285714286
5360,1477.110131235396,49,28,-11,266316,266297,266346,266307,266325,169.72222222222226,18,316.0,19,30,2601.0,False,False,bp,-0.9285714285714286
5361,1422.370877179947,67,11,17,266388,266346,266413,266371,266394,190.85784313725486,23,-1303.0,42,25,3614.0,True,True,bp,-0.9285714285714286
5362,566.0030307731816,101,0,-17,266455,266413,266514,266428,266481,62.10897435897437,53,31.0,42,59,3058.0,True,False,bp,-0.9285714285714286
5363,920.0410184904416,50,26,0,266539,266514,266564,266534,266550,173.1,16,940.0,25,25,2241.0,False,False,bp,-0.9285714285714286
5364,3464.8523439419623,66,1,12,266603,266564,266630,266592,266612,374.05050505050514,20,-4285.0,39,27,7531.0,False,False,bp,-0.9285714285714286
5365,903.3962259146307,37,-16,3,266650,266630,266667,266633,266663,16.995475113122172,30,2279.0,20,17,242.0,False,False,bp,-0.9285714285714286
5366,1152.5137338680051,63,23,-27,266685,266667,266730,266677,266695,143.425,18,345.0,18,45,3333.0,False,False,bp,-0.9285714285714286
5367,803.1721961898503,48,-1,2,266755,266730,266778,266736,266762,106.28195488721805,26,1792.0,25,23,2160.0,True,True,bp,-0.9285714285714286
5368,1670.0489271288873,52,18,-8,266800,266778,266830,266787,266810,159.9,23,242.0,22,30,3575.0,True,True,bp,-0.9285714285714286
5369,1458.1214319066185,50,26,24,266867,266830,266880,266851,266875,140.5,24,-226.0,37,13,2534.0,True,False,bp,-0.9285714285714286
5370,1214.7102779471136,100,3,18,266939,266880,266980,266925,266957,131.5,32,-1138.0,59,41,4908.0,True,False,bp,-0.9285714285714286
5371,2119.558392424213,50,-2,6,267008,266980,267030,266992,267023,146.35625,31,-767.0,28,22,4605.0,True,False,bp,-0.9285714285714286
5372,1319.0339790891248,66,16,16,267071,267030,267096,267052,267077,168.59649122807016,25,271.0,41,25,3124.0,True,True,bp,-0.9285714285714286
5373,764.1743092124333,67,7,17,267138,267096,267163,267118,267143,118.85,25,1217.0,42,25,1851.0,True,True,bp,-0.9285714285714286
5374,1076.0944585911052,56,-1,-6,267188,267163,267219,267175,267206,111.26495726495727,31,-476.0,25,31,3656.0,True,True,bp,-0.9285714285714286
5375,1393.0880638126896,45,3,19,267251,267219,267264,267236,267258,128.8,22,154.0,32,13,2412.0,True,True,bp,-0.9285714285714286
5376,1262.103808343103,64,7,18,267305,267264,267328,267283,267311,148.57575757575756,28,-931.0,41,23,2783.0,True,True,bp,-0.9285714285714286
5377,554.1855183595093,69,-19,-15,267355,267328,267397,267346,267384,70.89272030651341,38,-39.0,27,42,1986.0,True,True,bp,-0.9285714285714286
5378,792.5859356226898,55,-23,25,267437,267397,267452,267403,267443,115.92156862745098,40,-949.0,40,15,2205.0,True,False,bp,-0.9285714285714286
5379,495.898057007986,61,16,-23,267471,267452,267513,267460,267484,83.94055944055944,24,-505.0,19,42,2281.0,True,False,bp,-0.9285714285714286
5380,229.9152979485489,35,1,15,267538,267513,267548,267524,267541,101.4761904761905,17,379.0,25,10,1226.0,True,False,bp,-0.9285714285714286
5381,430.12907679323695,47,-6,9,267576,267548,267595,267559,267582,76.69117647058823,23,-621.0,28,19,1168.0,True,True,bp,-0.9285714285714286
5382,186.30113040535164,34,12,-14,267605,267595,267629,267599,267609,132.45833333333331,10,-1067.0,10,24,1163.0,True,True,bp,-0.9285714285714286
5383,159.2007526272055,34,-1,-16,267638,267629,267663,267631,267649,56.22727272727273,18,-682.0,9,25,937.0,True,True,bp,-0.9285714285714286
5384,212.61700431018002,36,14,-20,267671,267663,267699,267666,267684,103.05384615384615,18,-1162.0,8,28,1204.0,True,True,bp,-0.9285714285714286
5385,314.18260408514936,48,-2,0,267723,267699,267747,267716,267744,70.54761904761905,28,-1448.0,24,24,1361.0,True,True,bp,-0.9285714285714286
5386,429.1417351055486,66,-31,40,267800,267747,267813,267770,267809,70.91666666666666,39,-2245.0,53,13,1906.0,True,False,bp,-0.9285714285714286
5387,331.86735887356286,37,-13,15,267839,267813,267850,267817,267842,93.95454545454544,25,-2938.0,26,11,986.0,False,False,bp,-0.9285714285714286
5388,117.881245013345,30,10,-14,267858,267850,267880,267854,267869,93.54545454545456,15,-2809.0,8,22,1276.0,True,False,bp,-0.9285714285714286
5389,293.95830939239613,38,3,14,267906,267880,267918,267894,267911,106.69166666666666,17,-2774.0,26,12,1642.0,True,True,bp,-0.9285714285714286
5390,610.6506405246853,46,-11,-4,267939,267918,267964,267931,267958,101.26644736842104,27,-3302.0,21,25,2430.0,True,True,bp,-0.9285714285714286
5391,388.5628886291197,49,8,3,267990,267964,268013,267974,268000,83.74375,26,-2936.0,26,23,2130.0,True,True,bp,-0.9285714285714286
5392,572.0175392608695,68,-26,16,268055,268013,268081,268034,268073,69.5436507936508,39,-3766.0,42,26,2761.0,False,False,bp,-0.9285714285714286
5393,316.6803333045285,48,21,-34,268088,268081,268129,268086,268107,135.43421052631578,21,-1791.0,7,41,2894.0,False,False,bp,-0.9285714285714286
5394,787.9915948621442,48,-15,16,268161,268129,268177,268149,268173,117.45833333333334,24,-2736.0,32,16,1712.0,False,False,bp,-0.9285714285714286
5395,164.4932953402724,36,-21,-2,268194,268177,268213,268182,268209,58.26666666666666,27,-3187.0,17,19,865.0,False,False,bp,-0.9285714285714286
5396,159.03182647977837,30,-10,8,268232,268213,268243,268215,268236,119.1764705882353,21,-4383.0,19,11,966.0,False,False,bp,-0.9285714285714286
5397,218.87041657860507,69,-16,-47,268254,268243,268312,268247,268290,102.42857142857143,43,-5156.0,11,58,4581.0,False,False,bp,-0.9285714285714286
5398,3534.738459642569,67,4,17,266106,266064,266131,266090,266119,253.07451923076923,29,-4876.0,42,25,7347.0,True,True,bp,-0.9285714285714286
5399,2307.749327358748,81,56,-1,266171,266131,266212,266152,266176,268.5631578947369,24,-2895.0,40,41,4432.0,True,True,bp,-0.9285714285714286
5400,1990.8523299805474,84,11,36,266272,266212,266296,266256,266279,254.48214285714286,23,-3190.0,60,24,5231.0,True,False,bp,-0.9285714285714286
5401,1302.6428396893825,52,0,8,266326,266296,266348,266313,266339,109.0,26,-766.0,30,22,2745.0,False,False,bp,-0.9285714285714286
5402,2073.830162938817,65,-5,13,266387,266348,266413,266365,266401,165.11688311688312,36,-3792.0,39,26,5337.0,False,False,bp,-0.9285714285714286
5403,2093.760102672264,67,8,9,266451,266413,266480,266432,266458,245.06766917293237,26,-2714.0,38,29,5720.0,True,True,bp,-0.9285714285714286
5404,661.8988901259029,83,-22,27,266535,266480,266563,266492,266541,103.74806201550388,49,-447.0,55,28,2083.0,True,False,bp,-0.9285714285714286
5405,1451.7213860716154,57,-5,-17,266583,266563,266620,266568,266600,132.24117647058821,32,-2214.0,20,37,4094.0,False,False,bp,-0.9285714285714286
5406,154.61298376448266,30,7,-2,266634,266620,266650,266627,266639,103.18571428571428,12,812.0,14,16,1765.0,False,False,bp,-0.9285714285714286
5407,238.7261413312601,27,-3,5,266666,266650,266677,266658,266672,71.95833333333333,14,1294.0,16,11,1330.0,True,True,bp,-0.9285714285714286
5408,157.75317034854342,36,19,-8,266691,266677,266713,266683,266701,121.1,18,839.0,14,22,1009.0,True,False,bp,-0.9285714285714286
5409,395.93091208745597,51,16,31,266754,266713,266764,266738,266759,77.6875,21,162.0,41,10,1740.0,True,True,bp,-0.9285714285714286
5410,440.1304243537842,50,9,30,266804,266764,266814,266796,266807,228.72916666666669,11,-1232.0,40,10,1825.0,True,True,bp,-0.9285714285714286
5411,525.2975506812675,67,-16,15,266855,266814,266881,266827,266866,65.22240259740259,39,-920.0,41,26,2381.0,False,False,bp,-0.9285714285714286
5412,2333.6634946827285,49,-8,-1,266905,266881,266930,266889,266916,204.8806818181818,27,-3525.0,24,25,5765.0,False,False,bp,-0.9285714285714286
5413,930.0276734677292,47,-15,3,266955,266930,266977,266935,266967,74.19166666666666,32,-1338.0,25,22,1371.0,False,False,bp,-0.9285714285714286
5414,862.0915985227217,55,30,-27,266991,266977,267032,266984,267005,112.60714285714286,21,-1482.0,14,41,3738.0,False,False,bp,-0.9285714285714286
5415,636.957832617105,64,20,16,267072,267032,267096,267056,267083,62.38920454545455,27,-536.0,40,24,2660.0,True,True,bp,-0.9285714285714286
5416,1318.2506334064535,66,10,22,267140,267096,267162,267130,267151,197.04090909090908,21,-2227.0,44,22,3498.0,True,True,bp,-0.9285714285714286
5417,1288.550588762314,68,5,-4,267194,267162,267230,267182,267206,159.41666666666666,24,-3054.0,32,36,2967.0,True,True,bp,-0.9285714285714286
5418,826.2489819894303,34,14,0,267247,267230,267264,267235,267256,107.76388888888887,21,-1612.0,17,17,3200.0,False,False,bp,-0.9285714285714286
5419,735.9821467429769,66,-18,16,267305,267264,267330,267291,267325,66.51785714285714,34,-1093.0,41,25,2187.0,True,True,bp,-0.9285714285714286
5420,887.5215115985345,50,6,6,267358,267330,267380,267341,267361,177.10784313725492,20,-2250.0,28,22,1507.0,False,False,bp,-0.9285714285714286
5421,568.0308233626148,73,-23,11,267422,267380,267453,267387,267439,81.83193277310923,52,-3240.0,42,31,4526.0,False,False,bp,-0.9285714285714286
5422,802.644036111456,46,19,-8,267472,267453,267499,267468,267479,231.42857142857144,11,-527.0,19,27,3042.0,False,False,bp,-0.9285714285714286
5423,491.4597952479908,45,-3,-1,267521,267499,267544,267509,267532,63.58333333333334,23,717.0,22,23,1514.0,False,False,bp,-0.9285714285714286
5424,320.00437807442387,90,-54,54,267616,267544,267634,267552,267628,35.9140625,76,-2392.0,72,18,1082.0,False,False,bp,-0.9285714285714286
5425,1168.3320358473286,45,-12,-3,267655,267634,267679,267650,267674,189.59473684210525,24,-4471.0,21,24,3041.0,False,False,bp,-0.9285714285714286
5426,344.30581727452517,29,-8,-3,267692,267679,267708,267686,267704,165.125,18,-4655.0,13,16,1763.0,True,True,bp,-0.9285714285714286
5427,615.6303240474064,42,12,-14,267722,267708,267750,267714,267733,114.875,19,-5545.0,14,28,1461.0,True,True,bp,-0.9285714285714286
5428,737.8337548930907,39,47,-3,267768,267750,267789,267764,267774,220.04166666666669,10,-5513.0,18,21,2452.0,True,False,bp,-0.9285714285714286
5429,1450.8596788479003,98,7,14,267845,267789,267887,267831,267861,133.07589285714286,30,-6983.0,56,42,4182.0,True,False,bp,-0.9285714285714286
5430,955.6699601101633,43,7,5,267911,267887,267930,267898,267915,212.0480769230769,17,-4970.0,24,19,2794.0,True,False,bp,-0.9285714285714286
5431,412.4059043088193,37,-17,13,267955,267930,267967,267939,267963,67.96875,24,-4650.0,25,12,1923.0,True,False,bp,-0.9285714285714286
5432,287.61573858189024,64,17,-48,267975,267967,268031,267970,268001,82.17692307692306,31,-3843.0,8,56,3509.0,False,False,bp,-0.9285714285714286
5433,1164.7111220420281,71,2,-1,268066,268031,268102,268049,268079,131.65837104072398,30,-3714.0,35,36,4448.0,False,False,bp,-0.9285714285714286
5434,439.4833811566539,28,4,12,268122,268102,268130,268111,268125,250.96969696969697,14,-1205.0,20,8,3030.0,False,False,bp,-0.9285714285714286
5435,476.9020413632158,36,2,16,268156,268130,268166,268143,268160,144.83653846153842,17,-2185.0,26,10,1387.0,False,False,bp,-0.9285714285714286
5436,567.7701706661719,34,4,12,268189,268166,268200,268179,268194,141.75,15,-3056.0,23,11,1677.0,True,True,bp,-0.9285714285714286
5437,611.9245844255111,47,16,3,268225,268200,268247,268213,268235,114.59166666666668,22,-3641.0,25,22,1953.0,True,False,bp,-0.9285714285714286
5438,1058.4039171193008,49,-8,1,274422,274397,274446,274404,274441,81.88450292397661,37,-951.0,25,24,2312.0,True,False,bp,-1.6470588235294117
5439,1053.8456227625522,68,4,6,274483,274446,274514,274470,274499,104.94471153846158,29,-644.0,37,31,3931.0,True,True,bp,-1.6470588235294117
5440,1818.8972765393314,65,3,-15,274539,274514,274579,274532,274557,229.18253968253967,25,-1226.0,25,40,4526.0,True,True,bp,-1.6470588235294117
5441,1355.6548957720522,67,-10,-7,274609,274579,274646,274585,274623,97.42559523809523,38,634.0,30,37,3858.0,True,True,bp,-1.6470588235294117
5442,698.1905728014143,65,13,-45,274656,274646,274711,274651,274682,167.46923076923073,31,1919.0,10,55,1343.0,True,False,bp,-1.6470588235294117
5443,436.432702262968,69,3,-21,274735,274711,274780,274726,274759,63.28472222222222,33,1935.0,24,45,2182.0,False,False,bp,-1.6470588235294117
5444,2122.078979229719,52,-3,-2,274805,274780,274832,274795,274823,212.44444444444446,28,-1268.0,25,27,4763.0,False,False,bp,-1.6470588235294117
5445,944.1873441473593,64,-4,-18,274855,274832,274896,274848,274883,155.60714285714286,35,-36.0,23,41,2342.0,True,True,bp,-1.6470588235294117
5446,765.3230706353318,51,16,1,274922,274896,274947,274914,274932,117.0875,18,495.0,26,25,2065.0,True,True,bp,-1.6470588235294117
5447,195.69533409177663,34,5,16,274972,274947,274981,274966,274977,129.13333333333333,11,951.0,25,9,1169.0,True,False,bp,-1.6470588235294117
5448,356.5662592784369,82,-24,-14,275015,274981,275063,274993,275049,35.55614973262033,56,367.0,34,48,2149.0,True,False,bp,-1.6470588235294117
5449,738.9911477033593,50,19,2,275089,275063,275113,275081,275101,117.20833333333331,20,176.0,26,24,1507.0,True,True,bp,-1.6470588235294117
5450,416.72366994588214,83,10,1,275155,275113,275196,275140,275169,62.711904761904755,29,-317.0,42,41,3167.0,True,True,bp,-1.6470588235294117
5451,600.3718360056597,67,29,-17,275221,275196,275263,275208,275233,36.967948717948715,25,1149.0,25,42,1846.0,False,False,bp,-1.6470588235294117
5452,1326.4770834874075,68,-4,16,275305,275263,275331,275287,275319,114.40079365079364,32,-1054.0,42,26,2993.0,False,False,bp,-1.6470588235294117
5453,1376.891945808192,53,10,-5,275355,275331,275384,275347,275368,198.0817307692308,21,-1699.0,24,29,3485.0,True,True,bp,-1.6470588235294117
5454,751.9589715838489,46,13,-4,275405,275384,275430,275399,275417,156.04166666666666,18,-539.0,21,25,2081.0,True,True,bp,-1.6470588235294117
5455,317.689161459178,67,2,-17,275455,275430,275497,275448,275479,87.84523809523809,31,-191.0,25,42,1816.0,True,True,bp,-1.6470588235294117
5456,1351.460823476118,65,23,-17,275521,275497,275562,275512,275531,180.01111111111112,19,-1405.0,24,41,3771.0,True,True,bp,-1.6470588235294117
5457,2263.102453661161,52,5,2,275589,275562,275614,275573,275601,187.0833333333333,28,-3421.0,27,25,4769.0,True,True,bp,-1.6470588235294117
5458,2178.6949824872604,66,13,4,275649,275614,275680,275634,275661,174.93333333333337,27,-2855.0,35,31,5099.0,True,True,bp,-1.6470588235294117
5459,1495.7135861222666,66,4,16,275721,275680,275746,275701,275727,155.30833333333334,26,-3031.0,41,25,2698.0,False,False,bp,-1.6470588235294117
5460,290.6089032121673,51,3,-1,275771,275746,275797,275757,275778,53.28571428571429,21,-1206.0,25,26,1801.0,False,False,bp,-1.6470588235294117
5461,1098.2864627680117,49,9,-7,275818,275797,275846,275802,275832,88.77232142857143,30,-1668.0,21,28,2847.0,True,True,bp,-1.6470588235294117
5462,877.6263502315284,68,-6,12,275886,275846,275914,275871,275901,93.4,30,-2073.0,40,28,2825.0,True,True,bp,-1.6470588235294117
5463,493.83445424762834,66,-10,20,275957,275914,275980,275925,275960,129.02083333333331,35,-2185.0,43,23,1784.0,True,False,bp,-1.6470588235294117
5464,386.419186348168,33,20,-15,275989,275980,276013,275985,275995,191.16666666666669,10,-2217.0,9,24,1889.0,True,False,bp,-1.6470588235294117
5465,451.919308592856,39,-3,19,276042,276013,276052,276025,276044,114.83823529411764,19,-2974.0,29,10,1031.0,False,False,bp,-1.6470588235294117
5466,651.1250770128953,44,8,-4,276072,276052,276096,276060,276078,123.0,18,-3104.0,20,24,2643.0,False,False,bp,-1.6470588235294117
5467,221.68018172182343,19,16,17,276114,276096,276115,276104,276115,-111.65,11,-795.0,18,1,-153.0,False,False,bp,-1.6470588235294117
5468,202.3069613121606,65,-15,47,276171,276115,276180,276142,276177,44.26724137931035,35,-3626.0,56,9,604.0,False,False,bp,-1.6470588235294117
5469,219.34955684379062,34,2,6,276200,276180,276214,276197,276209,158.16666666666666,12,-4083.0,20,14,1730.0,True,False,bp,-1.6470588235294117
5470,421.96189292769895,83,-22,5,276258,276214,276297,276223,276272,37.91428571428571,49,-4091.0,44,39,1599.0,True,False,bp,-1.6470588235294117
5471,421.96714831675416,50,-7,-36,276304,276297,276347,276299,276328,88.77083333333331,29,-3774.0,7,43,1955.0,True,True,bp,-1.6470588235294117
5472,637.7086422763771,66,-5,-40,276360,276347,276413,276350,276390,77.38333333333333,40,-3905.0,13,53,1840.0,True,True,bp,-1.6470588235294117
5473,1086.5734486641645,67,-4,-17,276438,276413,276480,276425,276457,107.58097165991906,32,-4236.0,25,42,5090.0,False,False,bp,-1.6470588235294117
5474,360.8615394195217,29,-6,9,276499,276480,276509,276485,276506,58.25,21,-1167.0,19,10,532.0,False,False,bp,-1.6470588235294117
5475,915.1782661447096,91,6,-33,276538,276509,276600,276521,276559,96.109243697479,38,-4372.0,29,62,4400.0,False,False,bp,-1.6470588235294117
5476,511.18800186917457,62,8,-16,276623,276600,276662,276603,276635,65.375,32,-1293.0,23,39,2075.0,False,False,bp,-1.6470588235294117
5477,957.68578849089,53,-9,5,276691,276662,276715,276675,276707,80.84375,32,-2317.0,29,24,3273.0,True,True,bp,-1.6470588235294117
5478,776.2679750848238,49,2,-3,276738,276715,276764,276730,276749,136.53977272727272,19,-1708.0,23,26,2069.0,True,True,bp,-1.6470588235294117
5479,528.5976040724456,32,-10,-10,276775,276764,276796,276770,276791,134.875,21,-1528.0,11,21,2499.0,True,False,bp,-1.6470588235294117
5480,1672.3373566755895,50,4,0,274387,274362,274412,274369,274393,175.69444444444446,24,-1579.0,25,25,2635.0,False,False,bp,-1.6470588235294117
5481,1282.505363044487,49,1,1,274437,274412,274461,274421,274445,163.8125,24,-2223.0,25,24,3722.0,True,True,bp,-1.6470588235294117
5482,1186.9562381706135,53,-2,3,274489,274461,274514,274470,274496,190.515037593985,26,-1332.0,28,25,4122.0,True,True,bp,-1.6470588235294117
5483,1589.6752108396024,55,2,-19,274532,274514,274569,274520,274550,145.13888888888889,30,-921.0,18,37,4450.0,True,False,bp,-1.6470588235294117
5484,1888.0110696256797,61,-12,11,274605,274569,274630,274582,274619,120.72826086956522,37,-304.0,36,25,4027.0,True,True,bp,-1.6470588235294117
5485,1667.886213493777,62,-4,14,274668,274630,274692,274644,274673,156.5125,29,-871.0,38,24,2863.0,True,False,bp,-1.6470588235294117
5486,615.0771765350053,38,-5,-12,274705,274692,274730,274698,274723,87.42857142857143,25,295.0,13,25,1995.0,True,True,bp,-1.6470588235294117
5487,1519.8027063288002,49,0,1,274755,274730,274779,274743,274767,142.125,24,537.0,25,24,4999.0,False,False,bp,-1.6470588235294117
5488,3121.946688912304,52,0,0,274805,274779,274831,274791,274821,231.78571428571428,30,-3026.0,26,26,5006.0,True,True,bp,-1.6470588235294117
5489,1707.5891488844766,64,8,8,274867,274831,274895,274851,274874,237.94642857142856,23,-3222.0,36,28,4260.0,True,True,bp,-1.6470588235294117
5490,1349.9562184646088,45,9,1,274918,274895,274940,274905,274926,201.5480769230769,21,-2668.0,23,22,4079.0,True,True,bp,-1.6470588235294117
5491,537.2002946457069,57,-18,7,274972,274940,274997,274956,274991,69.47861842105263,35,-1205.0,32,25,3082.0,True,True,bp,-1.6470588235294117
5492,961.138864468525,49,-13,31,275037,274997,275046,275008,275042,156.74137931034485,34,-1063.0,40,9,2967.0,True,False,bp,-1.6470588235294117
5493,1137.4908711549754,52,1,-2,275071,275046,275098,275063,275092,151.42857142857142,29,-1469.0,25,27,2603.0,True,False,bp,-1.6470588235294117
5494,819.3497280815616,98,29,-18,275138,275098,275196,275122,275148,125.5875,26,-2809.0,40,58,4355.0,False,False,bp,-1.6470588235294117
5495,941.4331665546747,51,-29,3,275223,275196,275247,275203,275243,74.15,40,-448.0,27,24,3620.0,False,False,bp,-1.6470588235294117
5496,1251.1081649179034,54,-8,28,275288,275247,275301,275254,275293,150.06764705882352,39,-456.0,41,13,2807.0,True,True,bp,-1.6470588235294117
5497,1185.617419201124,79,33,-5,275338,275301,275380,275324,275349,139.17532467532467,25,-1483.0,37,42,3669.0,True,True,bp,-1.6470588235294117
5498,1087.5878234807878,64,3,18,275421,275380,275444,275407,275426,187.6642857142857,19,-1724.0,41,23,2872.0,True,True,bp,-1.6470588235294117
5499,641.400634271031,52,1,2,275471,275444,275496,275448,275475,133.67391304347825,27,-1218.0,27,25,1778.0,True,True,bp,-1.6470588235294117
5500,1484.4775308677868,50,20,-20,275511,275496,275546,275503,275526,135.6125,23,-1298.0,15,35,4600.0,False,False,bp,-1.6470588235294117
5501,1781.445260726604,68,5,16,275588,275546,275614,275569,275595,176.40977443609023,26,-1451.0,42,26,3558.0,True,False,bp,-1.6470588235294117
5502,927.2889861945172,32,3,8,275634,275614,275646,275626,275640,214.66666666666669,14,-1417.0,20,12,2328.0,True,False,bp,-1.6470588235294117
5503,205.186356289318,33,7,17,275671,275646,275679,275657,275674,87.82142857142857,17,-579.0,25,8,1160.0,False,False,bp,-1.6470588235294117
5504,969.6229472755637,38,13,12,275704,275679,275717,275698,275709,239.48333333333332,11,-1793.0,25,13,2900.0,False,False,bp,-1.6470588235294117
5505,1901.570035012644,79,20,-15,275749,275717,275796,275733,275761,145.38541666666669,28,-2870.0,32,47,4122.0,True,False,bp,-1.6470588235294117
5506,1976.727244767072,51,36,1,275822,275796,275847,275809,275839,140.9230769230769,30,-2258.0,26,25,4824.0,True,False,bp,-1.6470588235294117
5507,468.4598798828344,101,-16,81,275938,275847,275948,275905,275944,84.2121212121212,39,-256.0,91,10,1824.0,True,False,bp,-1.6470588235294117
5508,819.8518226910157,48,14,0,275972,275948,275996,275967,275978,213.61666666666667,11,-1338.0,24,24,1887.0,True,False,bp,-1.6470588235294117
5509,558.9902009149091,41,-9,11,276022,275996,276037,276003,276026,124.25657894736841,23,-1688.0,26,15,1586.0,False,False,bp,-1.6470588235294117
5510,74.92735299435208,59,-2,-49,276042,276037,276096,276040,276072,101.93333333333334,32,-742.0,5,54,2761.0,False,False,bp,-1.6470588235294117
5511,143.1661166412414,21,11,3,276108,276096,276117,276102,276112,227.4583333333333,10,-292.0,12,9,2085.0,True,False,bp,-1.6470588235294117
5512,328.5237950761485,49,-7,-3,276140,276117,276166,276133,276153,96.64285714285714,20,-354.0,23,26,-91.0,False,False,bp,-1.6470588235294117
5513,108.77246348984914,15,18,-3,276172,276166,276181,276166,276175,97.75,9,-812.0,6,9,1470.0,False,False,bp,-1.6470588235294117
5514,236.47441434321644,55,-4,27,276222,276181,276236,276202,276228,76.31666666666666,26,-1490.0,41,14,1193.0,False,False,bp,-1.6470588235294117
5515,986.9069756419522,66,35,-28,276255,276236,276302,276250,276270,246.76666666666665,20,-3159.0,19,47,4803.0,False,False,bp,-1.6470588235294117
5516,385.5961989315401,66,5,8,276339,276302,276368,276325,276351,73.26785714285714,26,-571.0,37,29,898.0,False,False,bp,-1.6470588235294117
5517,553.7650694247529,29,14,11,276388,276368,276397,276382,276392,260.29166666666663,10,-2842.0,20,9,2231.0,False,False,bp,-1.6470588235294117
5518,396.1589263885624,66,15,-14,276423,276397,276463,276416,276440,106.12184873949579,24,-2647.0,26,40,2290.0,True,False,bp,-1.6470588235294117
5519,414.8866927797212,33,6,17,276488,276463,276496,276479,276491,297.0555555555556,12,-2934.0,25,8,3532.0,True,False,bp,-1.6470588235294117
5520,466.8266427431565,72,-15,12,276538,276496,276568,276509,276547,139.227969348659,38,-3064.0,42,30,2197.0,True,False,bp,-1.6470588235294117
5521,479.29670156161905,46,7,-36,276573,276568,276614,276570,276595,162.6818181818182,25,-2096.0,5,41,3484.0,False,False,bp,-1.6470588235294117
5522,490.7463571739809,56,6,-10,276637,276614,276670,276627,276651,80.25714285714284,24,-278.0,23,33,1537.0,False,False,bp,-1.6470588235294117
5523,548.4971817371838,76,-6,-8,276704,276670,276746,276681,276728,54.07608695652174,47,-1147.0,34,42,2745.0,True,True,bp,-1.6470588235294117
5524,988.268339650334,36,13,16,278388,278362,278398,278368,278393,97.9,25,2865.0,26,10,1455.0,False,False,bp,-2.7313432835820897
5525,654.9557830193423,65,-13,47,278454,278398,278463,278431,278459,134.01739130434785,28,567.0,56,9,1804.0,False,False,bp,-2.7313432835820897
5526,135.91385565831095,34,-10,16,278488,278463,278497,278474,278492,87.92857142857143,18,705.0,25,9,1008.0,True,True,bp,-2.7313432835820897
5527,161.5146040142115,33,-6,7,278517,278497,278530,278500,278527,32.23529411764706,27,635.0,20,13,858.0,False,False,bp,-2.7313432835820897
5528,844.17187923036,51,8,-3,278554,278530,278581,278548,278570,164.98958333333331,22,-1008.0,24,27,3164.0,False,False,bp,-2.7313432835820897
5529,887.125876643864,49,1,-1,278605,278581,278630,278600,278623,133.15555555555557,23,474.0,24,25,2983.0,True,True,bp,-2.7313432835820897
5530,1620.5008713392235,53,2,1,278657,278630,278683,278647,278672,141.18333333333334,25,-323.0,27,26,3010.0,True,True,bp,-2.7313432835820897
5531,634.5914173340278,63,8,-19,278705,278683,278746,278699,278721,122.96875,22,548.0,22,41,1753.0,True,True,bp,-2.7313432835820897
5532,743.5176318421304,49,-19,5,278773,278746,278795,278751,278788,64.68636363636364,37,186.0,27,22,2505.0,True,True,bp,-2.7313432835820897
5533,702.4223769070361,51,-5,3,278822,278795,278846,278806,278838,53.3125,32,-296.0,27,24,2048.0,True,True,bp,-2.7313432835820897
5534,962.7857108345185,50,-6,0,278871,278846,278896,278865,278888,125.31372549019608,23,-324.0,25,25,2849.0,True,True,bp,-2.7313432835820897
5535,1348.5254177199602,50,-2,0,278921,278896,278946,278905,278928,151.42857142857144,23,-1140.0,25,25,2862.0,True,True,bp,-2.7313432835820897
5536,376.04002930570863,34,-14,-18,278954,278946,278980,278949,278976,108.5681818181818,27,1.0,8,26,1665.0,True,True,bp,-2.7313432835820897
5537,206.76622364674301,49,-5,1,279005,278980,279029,278989,279017,12.291666666666664,28,531.0,25,24,907.0,True,True,bp,-2.7313432835820897
5538,715.9448210317413,34,4,16,279054,279029,279063,279040,279058,143.92857142857142,18,-165.0,25,9,2565.0,True,True,bp,-2.7313432835820897
5539,865.0630869876022,50,4,32,279104,279063,279113,279080,279108,155.375,28,-650.0,41,9,2152.0,True,False,bp,-2.7313432835820897
5540,358.81667455988594,100,-23,16,279171,279113,279213,279140,279190,50.044142614601014,50,-813.0,58,42,2289.0,True,False,bp,-2.7313432835820897
5541,522.6174527956036,45,17,-27,279222,279213,279258,279217,279233,118.71818181818182,16,-185.0,9,36,1646.0,True,False,bp,-2.7313432835820897
5542,898.3100401707889,54,20,-4,279283,279258,279312,279266,279297,98.99579831932772,31,-1182.0,25,29,2030.0,True,False,bp,-2.7313432835820897
5543,814.2802259594505,101,-11,17,279371,279312,279413,279348,279389,82.75241545893721,41,-2833.0,59,42,3486.0,True,False,bp,-2.7313432835820897
5544,1542.7516703154415,50,21,-2,279437,279413,279463,279419,279443,221.5555555555556,24,-2295.0,24,26,4245.0,True,False,bp,-2.7313432835820897
5545,428.9684340519317,84,0,2,279506,279463,279547,279488,279523,22.00490196078432,35,-230.0,43,41,1689.0,True,False,bp,-2.7313432835820897
5546,1240.0044206035275,55,19,-7,279571,279547,279602,279558,279578,180.62087912087912,20,-1263.0,24,31,4141.0,True,True,bp,-2.7313432835820897
5547,2779.7317688420644,60,-2,2,279633,279602,279662,279617,279644,200.67329545454544,27,-2925.0,31,29,5199.0,True,True,bp,-2.7313432835820897
5548,1367.3962886062109,51,10,1,279688,279662,279713,279669,279695,171.33458646616543,26,-739.0,26,25,3989.0,True,True,bp,-2.7313432835820897
5549,759.2374084835848,80,-15,4,279755,279713,279793,279731,279772,84.78799019607844,41,40.0,42,38,4001.0,True,False,bp,-2.7313432835820897
5550,903.0761198450067,37,-2,-13,279805,279793,279830,279798,279818,166.38461538461542,20,1012.0,12,25,1818.0,True,False,bp,-2.7313432835820897
5551,404.03006625855136,50,0,-8,279851,279830,279880,279836,279866,59.63333333333333,30,1003.0,21,29,1259.0,False,False,bp,-2.7313432835820897
5552,388.53541788581697,48,9,4,279906,279880,279928,279896,279910,141.8,14,-622.0,26,22,1312.0,False,False,bp,-2.7313432835820897
5553,912.0324725053428,51,-4,-29,279939,279928,279979,279933,279971,112.08854166666669,38,-1115.0,11,40,3449.0,True,False,bp,-2.7313432835820897
5554,369.9028846448795,68,-16,26,280026,279979,280047,280005,280039,37.00183150183151,34,-1654.0,47,21,1163.0,False,False,bp,-2.7313432835820897
5555,368.78204341030363,49,-9,-3,280070,280047,280096,280057,280084,31.673076923076927,27,-960.0,23,26,1700.0,False,False,bp,-2.7313432835820897
5556,532.7709304626399,29,11,-9,280106,280096,280125,280102,280113,223.39285714285717,11,-1679.0,10,19,1153.0,False,False,bp,-2.7313432835820897
5557,369.9217300142688,55,6,-29,280138,280125,280180,280135,280166,167.76785714285714,31,-1886.0,13,42,1488.0,True,False,bp,-2.7313432835820897
5558,492.3834878932872,83,-3,-1,280221,280180,280263,280203,280241,62.775,38,-3186.0,41,42,1738.0,True,True,bp,-2.7313432835820897
5559,375.985381803081,97,-19,-15,280304,280263,280360,280276,280332,58.35714285714286,56,-4705.0,41,56,2514.0,True,False,bp,-2.7313432835820897
5560,757.3035040381752,37,-17,21,280389,280360,280397,280369,280393,150.825,24,-5105.0,29,8,1886.0,True,False,bp,-2.7313432835820897
5561,375.54846847743096,48,-8,-32,280405,280397,280445,280400,280428,89.36521739130434,28,-4308.0,8,40,2983.0,False,False,bp,-2.7313432835820897
5562,762.7441142574904,39,-8,-21,280454,280445,280484,280448,280473,131.78070175438594,25,-3341.0,9,30,2060.0,False,False,bp,-2.7313432835820897
5563,140.8308538019209,45,2,-15,280499,280484,280529,280490,280514,18.733333333333334,24,-1950.0,15,30,1121.0,False,False,bp,-2.7313432835820897
5564,499.98402531519434,51,-10,1,280555,280529,280580,280540,280567,62.83333333333333,27,-3566.0,26,25,2603.0,False,False,bp,-2.7313432835820897
5565,107.0279379177637,66,35,-50,280588,280580,280646,280584,280601,195.33653846153842,17,-2660.0,8,58,3269.0,True,False,bp,-2.7313432835820897
5566,557.1364593823224,66,-19,18,280688,280646,280712,280653,280694,80.40952380952379,41,-2352.0,42,24,1755.0,True,False,bp,-2.7313432835820897
5567,656.2141423487715,33,6,-13,280722,280712,280745,280716,280729,155.67857142857144,13,-2602.0,10,23,1881.0,False,False,bp,-2.7313432835820897
5568,200.98784345493846,34,1,-14,280755,280745,280779,280748,280769,76.17857142857143,21,-1619.0,10,24,2022.0,False,False,bp,-2.7313432835820897
5569,506.9987779557096,67,-6,17,280821,280779,280846,280791,280833,86.25833333333334,42,-1824.0,42,25,2093.0,True,True,bp,-2.7313432835820897
5570,987.9273193200268,66,21,4,280881,280846,280912,280869,280890,114.75,21,-2087.0,35,31,2222.0,True,True,bp,-2.7313432835820897
5571,577.5530664257127,81,9,5,280955,280912,280993,280932,280961,137.56884057971016,29,-1406.0,43,38,2985.0,True,False,bp,-2.7313432835820897
5572,912.1258846530337,85,-14,35,278438,278378,278463,278415,278447,116.6425120772947,32,-4085.0,60,25,1710.0,False,False,bp,-2.7313432835820897
5573,408.7318339006452,33,-6,-25,278467,278463,278496,278465,278485,130.52777777777777,20,-2815.0,4,29,3055.0,False,False,bp,-2.7313432835820897
5574,830.7546898793619,50,-3,2,278522,278496,278546,278499,278528,111.36231884057972,29,-1468.0,26,24,2110.0,True,True,bp,-2.7313432835820897
5575,540.586565884981,46,-5,-20,278559,278546,278592,278554,278580,102.6,26,-750.0,13,33,1074.0,False,False,bp,-2.7313432835820897
5576,1206.7449239050973,38,-8,0,278611,278592,278630,278601,278625,119.92857142857143,24,-3052.0,19,19,2385.0,False,False,bp,-2.7313432835820897
5577,397.90553947815283,67,-34,15,278671,278630,278697,278641,278691,28.78333333333333,50,-2432.0,41,26,1966.0,True,False,bp,-2.7313432835820897
5578,777.8907052590333,49,2,3,278723,278697,278746,278707,278734,70.42613636363636,27,-2552.0,26,23,2307.0,True,True,bp,-2.7313432835820897
5579,171.03911317144951,51,-1,-1,278771,278746,278797,278763,278783,51.41666666666666,20,-1622.0,25,26,652.0,False,False,bp,-2.7313432835820897
5580,290.2240678851952,83,19,-35,278821,278797,278880,278802,278836,57.04736842105264,34,-2944.0,24,59,2713.0,False,False,bp,-2.7313432835820897
5581,381.44830851692063,50,-23,6,278908,278880,278930,278889,278927,37.526315789473685,38,-1593.0,28,22,1501.0,True,True,bp,-2.7313432835820897
5582,331.37454385612745,50,-25,32,278971,278930,278980,278942,278976,92.73448275862069,34,-2015.0,41,9,1814.0,True,False,bp,-2.7313432835820897
5583,351.70173006495935,45,6,-7,278999,278980,279025,278985,279006,97.82142857142858,21,-1554.0,19,26,2120.0,True,True,bp,-2.7313432835820897
5584,842.8251316310124,37,25,-11,279038,279025,279062,279033,279044,278.55,11,-1977.0,13,24,3510.0,True,True,bp,-2.7313432835820897
5585,2035.502710154973,54,18,0,279089,279062,279116,279080,279096,316.0555555555556,16,-3158.0,27,27,4840.0,True,True,bp,-2.7313432835820897
5586,685.7303346504776,80,-4,-4,279154,279116,279196,279130,279167,89.21634615384615,37,-1750.0,38,42,2305.0,False,False,bp,-2.7313432835820897
5587,408.71248061639517,67,4,-43,279208,279196,279263,279200,279233,61.2975,33,-169.0,12,55,2693.0,False,False,bp,-2.7313432835820897
5588,1118.6601631539802,51,-23,21,279299,279263,279314,279270,279309,87.22413793103449,39,-1238.0,36,15,2628.0,True,False,bp,-2.7313432835820897
5589,752.9445483985355,51,4,-3,279338,279314,279365,279325,279350,87.35576923076924,25,-1441.0,24,27,2573.0,True,True,bp,-2.7313432835820897
5590,1164.1814272828994,48,3,-2,279388,279365,279413,279379,279402,153.36904761904762,23,-1642.0,23,25,3554.0,True,True,bp,-2.7313432835820897
5591,1597.5292815026041,66,23,-24,279434,279413,279479,279428,279447,277.9679487179488,19,-2412.0,21,45,4533.0,True,False,bp,-2.7313432835820897
5592,1416.4104142837646,38,-2,12,279504,279479,279517,279489,279511,177.0,22,-2573.0,25,13,2950.0,True,False,bp,-2.7313432835820897
5593,595.8027800288294,79,-7,-39,279537,279517,279596,279531,279570,125.8560606060606,39,-1800.0,20,59,3121.0,True,False,bp,-2.7313432835820897
5594,906.8754407862808,50,5,0,279621,279596,279646,279602,279634,82.53036437246962,32,-2093.0,25,25,1937.0,True,True,bp,-2.7313432835820897
5595,600.9804295463604,67,-11,17,279688,279646,279713,279671,279704,60.6875,33,-1787.0,42,25,2486.0,True,True,bp,-2.7313432835820897
5596,357.56652895717536,50,-14,2,279739,279713,279763,279726,279757,31.655982905982903,31,-733.0,26,24,2068.0,True,True,bp,-2.7313432835820897
5597,685.2320376575964,51,-4,3,279790,279763,279814,279774,279809,49.370065789473685,35,-1478.0,27,24,2561.0,True,True,bp,-2.7313432835820897
5598,509.15443124973433,53,24,29,279855,279814,279867,279840,279860,66.1,20,-1016.0,41,12,1434.0,True,True,bp,-2.7313432835820897
5599,391.23011278462235,79,8,29,279921,279867,279946,279904,279923,202.92647058823533,19,-1796.0,54,25,1732.0,True,False,bp,-2.7313432835820897
5600,753.8613718037843,34,2,-10,279958,279946,279980,279950,279970,134.91666666666669,20,-1718.0,12,22,2955.0,False,False,bp,-2.7313432835820897
5601,220.35691028337925,29,10,13,280001,279980,280009,279992,280005,91.93055555555556,13,12.0,21,8,1588.0,False,False,bp,-2.7313432835820897
5602,412.74769778104735,54,22,4,280038,280009,280063,280028,280050,90.75833333333333,22,483.0,29,25,2153.0,True,False,bp,-2.7313432835820897
5603,265.1950591595969,62,-3,24,280106,280063,280125,280094,280115,76.3611111111111,21,1139.0,43,19,1251.0,False,False,bp,-2.7313432835820897
5604,563.7977140181399,38,-15,26,280157,280125,280163,280133,280159,135.9375,26,-866.0,32,6,1613.0,False,False,bp,-2.7313432835820897
5605,463.3441712793486,48,-2,2,280188,280163,280211,280170,280193,136.72222222222223,23,-868.0,25,23,2612.0,True,True,bp,-2.7313432835820897
5606,595.0093941598761,35,-1,-11,280223,280211,280246,280214,280234,90.88383838383841,20,-240.0,12,23,1202.0,True,True,bp,-2.7313432835820897
5607,350.6968610003448,34,-4,16,280271,280246,280280,280253,280274,123.97222222222223,21,-1294.0,25,9,1178.0,True,True,bp,-2.7313432835820897
5608,576.414351467046,55,14,-7,280304,280280,280335,280291,280310,132.56410256410254,19,-2317.0,24,31,2764.0,True,True,bp,-2.7313432835820897
5609,693.7099013714288,44,11,-8,280353,280335,280379,280343,280358,173.1,15,-1563.0,18,26,2501.0,True,False,bp,-2.7313432835820897
5610,220.2302593222012,19,4,1,280389,280379,280398,280384,280394,213.8,10,-1406.0,10,9,1986.0,True,False,bp,-2.7313432835820897
5611,628.4721641269657,44,4,2,280421,280398,280442,280408,280428,119.64285714285714,20,-1372.0,23,21,2336.0,True,False,bp,-2.7313432835820897
5612,580.6678350591886,37,-3,-9,280456,280442,280479,280452,280474,176.69444444444446,22,-751.0,14,23,2228.0,True,False,bp,-2.7313432835820897
5613,413.1785337921029,65,-17,21,280522,280479,280544,280493,280529,101.41133004926107,36,93.0,43,22,1740.0,True,False,bp,-2.7313432835820897
5614,488.3950283946437,34,3,-14,280554,280544,280578,280548,280565,164.00757575757575,17,-356.0,10,24,1247.0,True,False,bp,-2.7313432835820897
5615,984.7510205727167,35,4,-13,280589,280578,280613,280585,280605,198.5625,20,-1271.0,11,24,2792.0,True,True,bp,-2.7313432835820897
5616,474.66022003139227,52,12,-2,280638,280613,280665,280629,280650,76.09722222222223,21,-767.0,25,27,438.0,False,False,bp,-2.7313432835820897
5617,596.102794683491,48,6,-2,280688,280665,280713,280683,280700,207.225,17,-2610.0,23,25,3093.0,False,False,bp,-2.7313432835820897
5618,406.25241288840414,49,-7,3,280739,280713,280762,280723,280751,53.38541666666666,28,-558.0,26,23,2583.0,False,False,bp,-2.7313432835820897
5619,438.2403902546288,34,8,10,280784,280762,280796,280772,280789,61.59166666666666,17,136.0,22,12,1451.0,True,False,bp,-2.7313432835820897
5620,302.4987002197531,100,19,-16,280838,280796,280896,280814,280851,32.243589743589745,37,-235.0,42,58,1380.0,True,False,bp,-2.7313432835820897
5621,429.1382784997603,63,-22,-13,280921,280896,280959,280907,280949,57.0,42,-56.0,25,38,2870.0,False,False,bp,-2.7313432835820897
5622,377.31865621980035,34,11,18,282988,282962,282996,282979,282992,108.11111111111113,13,947.0,26,8,1093.0,True,True,bp,-4.618181818181818
5623,1321.3451980363602,66,4,-18,283020,282996,283062,283016,283040,202.375,24,181.0,24,42,3942.0,False,False,bp,-4.618181818181818
5624,745.3304618400027,84,-4,2,283105,283062,283146,283068,283116,87.04914004914005,48,1249.0,43,41,2537.0,True,True,bp,-4.618181818181818
5625,1271.7599540637289,55,16,-5,283171,283146,283201,283160,283178,160.8181818181818,18,711.0,25,30,3066.0,False,False,bp,-4.618181818181818
5626,95.36157140657387,28,28,14,283222,283201,283229,283212,283226,82.1,14,2915.0,21,7,731.0,False,False,bp,-4.618181818181818
5627,1858.2970454396936,100,-4,18,283288,283229,283329,283268,283304,154.0875,36,-2561.0,59,41,4858.0,False,False,bp,-4.618181818181818
5628,1108.7196114390388,54,-11,28,283370,283329,283383,283336,283375,149.43823529411762,39,-803.0,41,13,2765.0,True,False,bp,-4.618181818181818
5629,802.0464749802134,81,3,1,283424,283383,283464,283403,283455,43.93932411674348,52,-196.0,41,40,4260.0,True,False,bp,-4.618181818181818
5630,2449.9300701180555,82,14,32,283521,283464,283546,283510,283528,338.32467532467535,18,-1695.0,57,25,5847.0,True,False,bp,-4.618181818181818
5631,1806.4169193324826,54,-9,-2,283572,283546,283600,283560,283586,179.19047619047618,26,-907.0,26,28,4083.0,False,False,bp,-4.618181818181818
5632,565.528234396881,30,-1,4,283617,283600,283630,283603,283626,94.07142857142857,23,1781.0,17,13,2339.0,False,False,bp,-4.618181818181818
5633,690.6598653814757,49,1,1,283655,283630,283679,283648,283666,99.85064935064936,18,1792.0,25,24,1262.0,False,False,bp,-4.618181818181818
5634,803.2920206274637,37,10,15,283705,283679,283716,283685,283709,104.775,24,-800.0,26,11,1008.0,False,False,bp,-4.618181818181818
5635,181.59405795402242,130,-27,-20,283771,283716,283846,283743,283815,45.52435064935065,72,-1118.0,55,75,3844.0,False,False,bp,-4.618181818181818
5636,628.7687144803123,45,7,5,283871,283846,283891,283860,283881,94.71818181818182,21,-38.0,25,20,931.0,False,False,bp,-4.618181818181818
5637,177.31072199523987,38,-8,22,283921,283891,283929,283909,283924,97.33333333333331,15,-1197.0,30,8,1113.0,False,False,bp,-4.618181818181818
5638,108.03329901900258,34,2,-18,283937,283929,283963,283931,283950,68.92948717948717,19,-1417.0,8,26,1428.0,True,False,bp,-4.618181818181818
5639,889.7297979218671,49,-16,3,283989,283963,284012,283971,284005,81.35416666666666,34,-2518.0,26,23,2914.0,True,True,bp,-4.618181818181818
5640,197.65292962162357,35,13,17,284038,284012,284047,284023,284042,70.70833333333333,19,-1241.0,26,9,1034.0,True,False,bp,-4.618181818181818
5641,334.1088659266498,70,6,14,284089,284047,284117,284074,284100,68.66363636363637,26,-1673.0,42,28,1653.0,True,False,bp,-4.618181818181818
5642,821.1753269607428,46,2,20,284150,284117,284163,284132,284157,98.24603174603176,25,-2190.0,33,13,1963.0,True,True,bp,-4.618181818181818
5643,120.17850888418094,49,16,33,284204,284163,284212,284184,284207,54.3,23,-2417.0,41,8,295.0,False,False,bp,-4.618181818181818
5644,172.67083826310338,84,-12,34,284271,284212,284296,284246,284283,54.02333333333333,37,-4135.0,59,25,2309.0,False,False,bp,-4.618181818181818
5645,412.8944429173253,34,17,20,284323,284296,284330,284308,284325,171.95,17,-4702.0,27,7,1372.0,False,False,bp,-4.618181818181818
5646,1086.5085985794303,55,5,29,284372,284330,284385,284359,284376,213.72115384615384,17,-7268.0,42,13,2844.0,False,False,bp,-4.618181818181818
5647,335.6333508040438,31,21,7,284404,284385,284416,284398,284408,199.5,10,-6495.0,19,12,1718.0,True,False,bp,-4.618181818181818
5648,1013.412048049982,63,13,-9,284443,284416,284479,284439,284455,224.25,16,-6877.0,27,36,4253.0,False,False,bp,-4.618181818181818
5649,177.7507489963074,50,-2,-32,284488,284479,284529,284484,284511,134.7663043478261,27,-4122.0,9,41,1599.0,False,False,bp,-4.618181818181818
5650,322.49748560063773,39,4,13,284555,284529,284568,284536,284561,94.40789473684212,25,-4617.0,26,13,1626.0,True,False,bp,-4.618181818181818
5651,468.84679702164055,78,26,-6,284604,284568,284646,284590,284609,176.1214285714286,19,-4814.0,36,42,3272.0,False,False,bp,-4.618181818181818
5652,286.74709177228806,34,8,18,284672,284646,284680,284654,284676,87.2638888888889,22,-3091.0,26,8,1719.0,False,False,bp,-4.618181818181818
5653,473.3880734407808,61,7,19,284720,284680,284741,284706,284725,125.66428571428571,19,-2843.0,40,21,2153.0,True,False,bp,-4.618181818181818
5654,342.90464661468013,41,-8,-13,284755,284741,284782,284751,284776,134.375,25,-2517.0,14,27,897.0,False,False,bp,-4.618181818181818
5655,801.2837713784758,63,8,-19,284804,284782,284845,284793,284824,87.72272727272725,31,-3355.0,22,41,3999.0,False,False,bp,-4.618181818181818
5656,940.0490806553616,100,-21,16,283021,282963,283063,283007,283049,91.875,42,-2750.0,58,42,3889.0,True,False,bp,-4.618181818181818
5657,1172.3087444083071,55,-16,-1,283090,283063,283118,283070,283108,77.99444444444444,38,-2625.0,27,28,2264.0,True,False,bp,-4.618181818181818
5658,644.4707807187144,61,5,-21,283138,283118,283179,283130,283157,101.06578947368422,27,-1916.0,20,41,4107.0,False,False,bp,-4.618181818181818
5659,882.6980341680946,66,0,18,283221,283179,283245,283189,283232,75.88210227272728,43,-659.0,42,24,1508.0,False,False,bp,-4.618181818181818
5660,888.213952919609,68,-26,18,283288,283245,283313,283275,283308,100.59807692307692,33,-2885.0,43,25,2223.0,False,False,bp,-4.618181818181818
5661,171.88081852853603,66,14,-46,283323,283313,283379,283315,283343,87.775,28,-1664.0,10,56,3864.0,False,False,bp,-4.618181818181818
5662,1161.9241897666075,49,-5,5,283406,283379,283428,283385,283416,100.40476190476191,31,-946.0,27,22,2493.0,True,True,bp,-4.618181818181818
5663,1135.3020248936639,69,1,-11,283457,283428,283497,283442,283475,94.88888888888887,33,-1331.0,29,40,3654.0,True,True,bp,-4.618181818181818
5664,2031.552954804838,50,-11,-2,283521,283497,283547,283509,283538,159.5343137254902,29,-2161.0,24,26,4521.0,False,False,bp,-4.618181818181818
5665,678.0404133723381,49,4,1,283572,283547,283596,283556,283583,88.49147727272727,27,668.0,25,24,2097.0,False,False,bp,-4.618181818181818
5666,780.1364363324809,39,8,13,283622,283596,283635,283614,283627,195.075,13,31.0,26,13,2383.0,True,True,bp,-4.618181818181818
5667,1242.7529452898848,58,-3,2,283665,283635,283693,283648,283677,92.89705882352942,29,-172.0,30,28,2979.0,True,True,bp,-4.618181818181818
5668,934.6993950669294,60,0,-4,283721,283693,283753,283703,283732,78.67929292929294,29,-1388.0,28,32,1061.0,False,False,bp,-4.618181818181818
5669,666.8477605726308,38,6,-10,283767,283753,283791,283761,283774,161.72619047619048,13,-2171.0,14,24,2891.0,False,False,bp,-4.618181818181818
5670,343.9247961541332,25,16,1,283804,283791,283816,283793,283805,99.95454545454544,12,67.0,13,12,711.0,False,False,bp,-4.618181818181818
5671,444.0631260223542,37,16,7,283838,283816,283853,283833,283840,162.65,7,-232.0,22,15,1345.0,False,False,bp,-4.618181818181818
5672,1261.7246013081715,43,0,19,283884,283853,283896,283863,283889,127.3047619047619,26,-2312.0,31,12,1903.0,False,False,bp,-4.618181818181818
5673,157.11361932288537,33,8,15,283920,283896,283929,283915,283924,156.3,9,-1722.0,24,9,1486.0,True,True,bp,-4.618181818181818
5674,123.40040412867424,34,7,16,283954,283929,283963,283941,283959,47.369230769230775,18,-1561.0,25,9,829.0,False,False,bp,-4.618181818181818
5675,707.2371003785754,66,-1,24,284008,283963,284029,283984,284013,139.4875,29,-2946.0,45,21,2506.0,False,False,bp,-4.618181818181818
5676,572.8407325932782,82,-21,-32,284054,284029,284111,284041,284092,54.615384615384606,51,-1532.0,25,57,3315.0,False,False,bp,-4.618181818181818
5677,1142.6433640631758,52,7,-4,284135,284111,284163,284122,284157,90.21328671328672,35,-1666.0,24,28,2265.0,True,True,bp,-4.618181818181818
5678,828.3664947224527,73,-9,43,284221,284163,284236,284199,284227,109.46969696969695,28,-3712.0,58,15,1378.0,False,False,bp,-4.618181818181818
5679,406.12291148719453,28,3,8,284254,284236,284264,284246,284259,170.9875,13,-4055.0,18,10,3106.0,True,True,bp,-4.618181818181818
5680,692.4183364818605,65,24,-17,284288,284264,284329,284275,284302,81.5412087912088,27,-2785.0,24,41,3711.0,False,False,bp,-4.618181818181818
5681,1251.868708140969,68,22,18,284372,284329,284397,284353,284377,178.3842105263158,24,-3061.0,43,25,2566.0,True,True,bp,-4.618181818181818
5682,1346.2485446348105,79,0,13,284443,284397,284476,284423,284457,106.35357142857143,34,-4335.0,46,33,3935.0,False,False,bp,-4.618181818181818
5683,593.2302360600597,53,-7,25,284515,284476,284529,284491,284522,68.38392857142857,31,-2335.0,39,14,1511.0,False,False,bp,-4.618181818181818
5684,332.49712981541734,83,-7,1,284571,284529,284612,284546,284592,54.16952380952381,46,-3856.0,42,41,2026.0,False,False,bp,-4.618181818181818
5685,195.01158428089374,37,-1,13,284637,284612,284649,284631,284642,168.25,11,-2927.0,25,12,2539.0,False,False,bp,-4.618181818181818
5686,182.095868296091,30,13,-18,284655,284649,284679,284652,284668,292.89743589743586,16,-2594.0,6,24,2431.0,True,False,bp,-4.618181818181818
5687,528.567826552301,83,-12,-5,284718,284679,284762,284697,284738,54.19285714285714,41,-1548.0,39,44,2844.0,False,False,bp,-4.618181818181818
5688,539.9107779048371,68,19,-50,284771,284762,284830,284767,284795,148.27083333333334,28,-492.0,9,59,2531.0,True,False,bp,-4.618181818181818
5689,1073.5917780711536,102,-9,-16,286621,286578,286680,286606,286651,124.11666666666666,45,-696.0,43,59,5406.0,False,False,bp,-3.8076923076923075
5690,1737.9792370070081,49,-3,-9,286700,286680,286729,286687,286711,153.55244755244757,24,1139.0,20,29,3474.0,False,False,bp,-3.8076923076923075
5691,260.5494524659895,35,12,-17,286738,286729,286764,286732,286751,82.16666666666666,19,3400.0,9,26,1957.0,False,False,bp,-3.8076923076923075
5692,1912.534877185911,65,15,7,286800,286764,286829,286782,286810,157.21666666666667,28,1430.0,36,29,4732.0,False,False,bp,-3.8076923076923075
5693,1911.1418435791406,83,9,3,286872,286829,286912,286853,286889,133.92569659442725,36,351.0,43,40,4539.0,True,True,bp,-3.8076923076923075
5694,1467.044657870582,83,27,3,286955,286912,286995,286934,286972,133.12885154061624,38,-756.0,43,40,4622.0,True,True,bp,-3.8076923076923075
5695,2041.5216613786752,117,13,1,287054,286995,287112,287037,287072,172.31045751633988,35,-3491.0,59,58,4995.0,True,False,bp,-3.8076923076923075
5696,1723.5782975954269,50,-14,2,287138,287112,287162,287120,287152,118.78571428571428,32,-2079.0,26,24,3950.0,False,False,bp,-3.8076923076923075
5697,419.77262614892237,67,-28,-27,287182,287162,287229,287170,287215,61.68560606060606,45,-42.0,20,47,2732.0,False,False,bp,-3.8076923076923075
5698,824.8076239030887,66,18,-50,287237,287229,287295,287232,287263,123.76923076923076,31,1253.0,8,58,3936.0,False,False,bp,-3.8076923076923075
5699,1355.5986347829598,84,38,-32,287321,287295,287379,287312,287333,238.01388888888889,21,-28.0,26,58,2822.0,True,False,bp,-3.8076923076923075
5700,883.435225032758,50,8,0,287404,287379,287429,287392,287412,130.625,20,777.0,25,25,2611.0,True,False,bp,-3.8076923076923075
5701,679.3241017855054,50,15,2,287455,287429,287479,287440,287458,137.5,18,733.0,26,24,1537.0,True,True,bp,-3.8076923076923075
5702,574.1243971351405,67,-6,-17,287504,287479,287546,287491,287530,53.5,39,883.0,25,42,2773.0,True,True,bp,-3.8076923076923075
5703,1112.7372852484802,68,8,-10,287575,287546,287614,287563,287601,116.16987179487178,38,-203.0,29,39,2602.0,True,True,bp,-3.8076923076923075
5704,913.4620511099464,99,2,-17,287655,287614,287713,287647,287689,172.30514705882354,42,-1590.0,41,58,1971.0,False,False,bp,-3.8076923076923075
5705,470.88656985421403,94,-23,22,287771,287713,287807,287733,287785,52.62593984962406,52,-1873.0,58,36,2002.0,True,False,bp,-3.8076923076923075
5706,223.76869176940826,23,16,5,287821,287807,287830,287814,287823,190.17857142857144,9,-1537.0,14,9,1134.0,True,False,bp,-3.8076923076923075
5707,228.75958570728264,67,0,-19,287854,287830,287897,287848,287875,85.65476190476191,27,-2078.0,24,43,2422.0,True,False,bp,-3.8076923076923075
5708,291.4806949626153,65,-18,-19,287920,287897,287962,287902,287942,50.39393939393939,40,-1265.0,23,42,2374.0,True,True,bp,-3.8076923076923075
5709,279.1967000746368,46,23,-28,287971,287962,288008,287964,287983,133.375,19,-856.0,9,37,2041.0,True,True,bp,-3.8076923076923075
5710,441.2109540576496,71,9,-11,288038,288008,288079,288025,288060,65.11363636363636,35,-621.0,30,41,1569.0,True,True,bp,-3.8076923076923075
5711,136.3054437743148,52,13,34,288122,288079,288131,288104,288125,99.63888888888887,21,-1348.0,43,9,1269.0,True,False,bp,-3.8076923076923075
5712,446.4122021204099,98,-7,20,288190,288131,288229,288159,288206,46.813508064516135,47,-2437.0,59,39,2187.0,True,False,bp,-3.8076923076923075
5713,799.4866869596234,67,13,-17,288254,288229,288296,288246,288274,103.55,28,-2557.0,25,42,2593.0,True,True,bp,-3.8076923076923075
5714,813.2465149439453,49,4,1,288321,288296,288345,288315,288330,239.05555555555557,15,-3587.0,25,24,2137.0,True,False,bp,-3.8076923076923075
5715,590.9625278213423,51,-2,-31,288355,288345,288396,288349,288390,99.3904761904762,41,-3351.0,10,41,2728.0,True,False,bp,-3.8076923076923075
5716,1119.4245064280667,99,17,-15,288438,288396,288495,288429,288455,146.19934640522874,26,-3273.0,42,57,4764.0,False,False,bp,-3.8076923076923075
5717,909.6107290575807,35,-15,-17,288504,288495,288530,288498,288523,109.49561403508771,25,-239.0,9,26,2247.0,False,False,bp,-3.8076923076923075
5718,341.1343455769686,32,-1,-14,288539,288530,288562,288533,288557,83.0277777777778,24,721.0,9,23,1318.0,False,False,bp,-3.8076923076923075
5719,1132.8235112914965,67,-2,-13,288589,288562,288629,288580,288614,167.4688888888889,34,-2219.0,27,40,2173.0,False,False,bp,-3.8076923076923075
5720,742.3961001929907,66,16,-16,288654,288629,288695,288646,288676,87.4715909090909,30,-1679.0,25,41,2166.0,True,True,bp,-3.8076923076923075
5721,588.3927620472451,68,-10,26,288742,288695,288763,288722,288758,35.8125,36,-2123.0,47,21,1357.0,True,True,bp,-3.8076923076923075
5722,743.3828502391182,66,-1,10,288801,288763,288829,288784,288809,110.0,25,-3411.0,38,28,2588.0,False,False,bp,-3.8076923076923075
5723,167.17218544677533,33,-1,-15,288838,288829,288862,288833,288850,94.34166666666668,17,-2050.0,9,24,1525.0,False,False,bp,-3.8076923076923075
5724,591.3385080810334,34,-5,-16,288871,288862,288896,288866,288890,104.13157894736842,24,-2069.0,9,25,1916.0,True,False,bp,-3.8076923076923075
5725,569.837756339564,67,0,-17,288921,288896,288963,288909,288947,91.08653846153842,38,-1707.0,25,42,2703.0,True,False,bp,-3.8076923076923075
5726,994.4354538743304,50,10,32,289004,288963,289013,288985,289008,169.5065789473684,23,-2355.0,41,9,2164.0,True,True,bp,-3.8076923076923075
5727,1341.0721124795955,59,-7,11,286637,286602,286661,286615,286644,180.87337662337663,29,-1888.0,35,24,4476.0,False,False,bp,-3.8076923076923075
5728,1298.19168459787,54,-15,0,286688,286661,286715,286666,286705,81.63770053475936,39,506.0,27,27,4239.0,False,False,bp,-3.8076923076923075
5729,1508.5951140994794,59,8,-23,286733,286715,286774,286729,286756,198.11413043478265,27,1991.0,18,41,2402.0,True,True,bp,-3.8076923076923075
5730,1624.013227372865,71,0,-9,286805,286774,286845,286791,286823,142.3293650793651,32,-258.0,31,40,3894.0,True,True,bp,-3.8076923076923075
5731,2108.3026613579223,68,2,-16,286871,286845,286913,286855,286889,147.12152777777774,34,-1689.0,26,42,4565.0,True,True,bp,-3.8076923076923075
5732,1824.548607737128,67,8,-17,286938,286913,286980,286925,286966,133.19368131868129,41,-1160.0,25,42,5710.0,True,True,bp,-3.8076923076923075
5733,1589.5398006841672,83,0,31,287037,286980,287063,287015,287055,135.24494949494948,40,-2121.0,57,26,4474.0,True,True,bp,-3.8076923076923075
5734,1970.3420477352408,83,5,1,287105,287063,287146,287095,287124,163.53421052631575,29,-1787.0,42,41,4557.0,True,True,bp,-3.8076923076923075
5735,2793.3904745684144,66,5,-16,287171,287146,287212,287158,287186,221.9435897435897,28,-3339.0,25,41,6316.0,True,True,bp,-3.8076923076923075
5736,811.1821698259391,83,-15,-31,287238,287212,287295,287219,287279,73.75673940949936,60,-415.0,26,57,4640.0,True,False,bp,-3.8076923076923075
5737,1299.255605796512,85,-6,33,287354,287295,287380,287324,287364,137.53333333333333,40,-816.0,59,26,3910.0,True,False,bp,-3.8076923076923075
5738,1358.513870197488,49,3,1,287405,287380,287429,287398,287417,198.45833333333331,19,-1218.0,25,24,1854.0,False,False,bp,-3.8076923076923075
5739,378.32944527323855,34,1,6,287449,287429,287463,287439,287459,38.2,20,32.0,20,14,1761.0,False,False,bp,-3.8076923076923075
5740,1115.0629259889142,51,14,31,287504,287463,287514,287480,287508,187.14583333333331,28,-1108.0,41,10,2495.0,True,True,bp,-3.8076923076923075
5741,1157.133369456558,82,-8,22,287566,287514,287596,287550,287583,103.16176470588236,33,-1529.0,52,30,3933.0,True,True,bp,-3.8076923076923075
5742,788.3647782398515,67,0,-17,287621,287596,287663,287608,287646,65.13538461538461,38,88.0,25,42,2912.0,True,True,bp,-3.8076923076923075
5743,1043.0887743707692,49,7,33,287704,287663,287712,287684,287708,134.25,24,231.0,41,8,1913.0,True,True,bp,-3.8076923076923075
5744,553.7537975489863,73,-18,45,287771,287712,287785,287739,287775,155.34375,36,-1151.0,59,14,2269.0,False,False,bp,-3.8076923076923075
5745,318.78694697577293,31,11,-3,287799,287785,287816,287793,287807,42.708333333333336,14,1.0,14,17,1402.0,False,False,bp,-3.8076923076923075
5746,881.3729365169493,46,-1,-2,287838,287816,287862,287832,287855,122.01960784313728,23,-287.0,22,24,2449.0,True,True,bp,-3.8076923076923075
5747,1123.6326872547895,48,9,2,287887,287862,287910,287877,287892,189.0,15,-1510.0,25,23,2088.0,True,True,bp,-3.8076923076923075
5748,545.0547747350523,37,5,-17,287920,287910,287947,287916,287933,168.48076923076925,17,-1291.0,10,27,2687.0,True,True,bp,-3.8076923076923075
5749,1581.2138756983227,54,-11,-8,287970,287947,288001,287955,287989,109.71403508771928,34,-1602.0,23,31,4862.0,True,True,bp,-3.8076923076923075
5750,1648.8485047435888,46,4,-6,288021,288001,288047,288012,288039,157.63888888888889,27,-1264.0,20,26,2739.0,True,True,bp,-3.8076923076923075
5751,320.67885916673595,50,-3,30,288087,288047,288097,288070,288090,217.83333333333331,20,-1923.0,40,10,2570.0,True,False,bp,-3.8076923076923075
5752,114.0107528989402,32,-8,12,288119,288097,288129,288107,288124,98.475,17,-1340.0,22,10,1440.0,True,True,bp,-3.8076923076923075
5753,96.00755473050735,32,16,-8,288141,288129,288161,288133,288150,97.31944444444444,17,-1545.0,12,20,1138.0,True,False,bp,-3.8076923076923075
5754,1115.0936067549912,51,17,3,288188,288161,288212,288183,288197,200.57777777777775,14,-2459.0,27,24,3445.0,True,True,bp,-3.8076923076923075
5755,343.6399042999487,33,-3,17,288237,288212,288245,288228,288241,161.80555555555554,13,-1148.0,25,8,1609.0,True,True,bp,-3.8076923076923075
5756,410.44573726168363,35,-7,9,288267,288245,288280,288251,288275,72.25,24,-1678.0,22,13,1210.0,True,True,bp,-3.8076923076923075
5757,371.4155298028977,84,-30,-26,288309,288280,288364,288292,288350,38.670731707317074,58,-1667.0,29,55,2512.0,False,False,bp,-3.8076923076923075
5758,1838.9419053174813,49,-7,-1,288388,288364,288413,288378,288406,162.35555555555555,28,-2996.0,24,25,4358.0,True,True,bp,-3.8076923076923075
5759,814.8589276579082,49,-2,25,288450,288413,288462,288427,288456,88.83333333333334,29,-965.0,37,12,1407.0,True,False,bp,-3.8076923076923075
5760,313.2403680033143,62,16,-12,288487,288462,288524,288483,288499,179.125,16,-1448.0,25,37,2642.0,True,True,bp,-3.8076923076923075
5761,382.88208541017525,38,16,-12,288537,288524,288562,288531,288542,149.68333333333334,11,-709.0,13,25,1460.0,True,False,bp,-3.8076923076923075
5762,339.6225936115567,67,-10,9,288600,288562,288629,288569,288614,56.66705069124424,45,-2044.0,38,29,2049.0,True,False,bp,-3.8076923076923075
5763,318.9109994352682,67,-1,17,288671,288629,288696,288649,288684,45.84265734265735,35,-1091.0,42,25,2415.0,False,False,bp,-3.8076923076923075
5764,441.3388365780975,67,-16,41,288750,288696,288763,288718,288757,91.20535714285714,39,-1484.0,54,13,2018.0,True,True,bp,-3.8076923076923075
5765,330.40408601442675,70,-9,12,288804,288763,288833,288780,288815,61.00189393939394,35,-2476.0,41,29,2056.0,True,True,bp,-3.8076923076923075
5766,329.40665734543836,46,-11,-4,288854,288833,288879,288841,288868,20.30494505494505,27,-1779.0,21,25,1290.0,True,True,bp,-3.8076923076923075
5767,599.647456673606,49,2,-31,288888,288879,288928,288884,288908,156.475,24,-2441.0,9,40,2704.0,False,False,bp,-3.8076923076923075
5768,73.82206218032246,51,6,-31,288938,288928,288979,288934,288957,125.28289473684212,23,-983.0,10,41,2455.0,False,False,bp,-3.8076923076923075
5769,283.474924431126,33,-11,5,288998,288979,289012,288986,289007,107.125,21,-1135.0,19,14,1663.0,True,False,bp,-3.8076923076923075
5770,926.1013342866161,67,-17,-5,290593,290562,290629,290585,290618,123.965,33,-2084.0,31,36,2953.0,True,True,bp,0.7887323943661971
5771,1052.0730597611284,40,-3,-22,290638,290629,290669,290634,290659,169.08928571428572,25,-853.0,9,31,3679.0,False,False,bp,0.7887323943661971
5772,1308.047245742088,59,13,-23,290687,290669,290728,290681,290709,137.71969696969697,28,384.0,18,41,2728.0,False,False,bp,0.7887323943661971
5773,1482.8576995100836,85,22,1,290771,290728,290813,290750,290779,236.74702380952382,29,-2932.0,43,42,5650.0,False,False,bp,0.7887323943661971
5774,903.698833859702,83,-27,-33,290838,290813,290896,290830,290879,142.3125,49,-956.0,25,58,3556.0,True,True,bp,0.7887323943661971
5775,715.3705152477974,83,-14,-33,290921,290896,290979,290901,290959,51.33815789473685,58,192.0,25,58,3112.0,True,True,bp,0.7887323943661971
5776,1723.6695512309238,84,14,0,291021,290979,291063,291003,291040,142.24561403508773,37,-2197.0,42,42,4836.0,True,True,bp,0.7887323943661971
5777,901.335729084498,72,11,12,291105,291063,291135,291091,291117,88.2738095238095,26,-9.0,42,30,2096.0,False,False,bp,0.7887323943661971
5778,1402.5391022529514,61,-14,11,291171,291135,291196,291154,291188,103.08823529411764,34,-2121.0,36,25,3226.0,False,False,bp,0.7887323943661971
5779,1144.5785917814053,68,22,-20,291220,291196,291264,291208,291233,141.63461538461542,25,-2356.0,24,44,3676.0,True,True,bp,0.7887323943661971
5780,1623.008330193064,66,-1,-10,291292,291264,291330,291280,291311,131.2828947368421,31,-1702.0,28,38,5383.0,True,True,bp,0.7887323943661971
5781,905.3039012188524,66,-31,16,291371,291330,291396,291341,291390,50.11315789473685,49,-421.0,41,25,1275.0,False,False,bp,0.7887323943661971
5782,985.1965395488107,66,-15,8,291433,291396,291462,291408,291444,106.1018181818182,36,-1726.0,37,29,3826.0,False,False,bp,0.7887323943661971
5783,822.0666442077762,38,9,-8,291477,291462,291500,291465,291488,96.4659090909091,23,79.0,15,23,2186.0,False,False,bp,0.7887323943661971
5784,1544.0576498235687,66,19,0,291533,291500,291566,291520,291545,164.10576923076925,25,-2510.0,33,33,3320.0,False,False,bp,0.7887323943661971
5785,570.6051038775993,63,14,13,291604,291566,291629,291589,291609,96.8,20,-785.0,38,25,1600.0,False,False,bp,0.7887323943661971
5786,370.46056850853694,33,7,19,291655,291629,291662,291643,291659,95.125,16,-1266.0,26,7,904.0,False,False,bp,0.7887323943661971
5787,900.4703245826541,66,-14,-14,291688,291662,291728,291682,291714,196.3782051282051,32,-4046.0,26,40,3887.0,False,False,bp,0.7887323943661971
5788,915.633875110491,40,11,-20,291738,291728,291768,291732,291756,146.38888888888889,24,-2464.0,10,30,3451.0,True,True,bp,0.7887323943661971
5789,1166.5229128421581,61,-8,21,291809,291768,291829,291791,291816,143.98809523809524,25,-3395.0,41,20,1292.0,False,False,bp,0.7887323943661971
5790,376.3019312624559,34,2,-18,291837,291829,291863,291833,291849,133.08333333333334,16,-3235.0,8,26,3004.0,False,False,bp,0.7887323943661971
5791,432.8412173688112,34,-13,-16,291872,291863,291897,291867,291891,78.51052631578945,24,-1233.0,9,25,2096.0,False,False,bp,0.7887323943661971
5792,585.3855243677639,32,-10,16,291921,291897,291929,291902,291926,105.7578947368421,24,-1559.0,24,8,1507.0,True,False,bp,0.7887323943661971
5793,387.8256477240727,67,-6,-17,291954,291929,291996,291940,291977,68.73447204968943,37,-2870.0,25,42,2053.0,True,False,bp,0.7887323943661971
5794,496.2880274187049,50,-4,0,292021,291996,292046,292008,292035,69.91758241758242,27,-2124.0,25,25,2648.0,False,False,bp,0.7887323943661971
5795,307.894921669852,46,10,4,292071,292046,292092,292058,292075,93.58653846153842,17,-274.0,25,21,1464.0,False,False,bp,0.7887323943661971
5796,576.3681684154595,37,9,19,292120,292092,292129,292102,292123,134.83333333333331,21,-1224.0,28,9,1423.0,False,False,bp,0.7887323943661971
5797,441.4127785329765,79,16,5,292171,292129,292208,292153,292184,85.73076923076924,31,-3458.0,42,37,2242.0,False,False,bp,0.7887323943661971
5798,246.242094941614,55,-6,39,292255,292208,292263,292231,292259,82.91666666666667,28,-2955.0,47,8,1343.0,True,False,bp,0.7887323943661971
5799,392.13595000702117,35,16,15,292288,292263,292298,292281,292292,185.07142857142856,11,-3911.0,25,10,1883.0,True,True,bp,0.7887323943661971
5800,615.0439917095482,48,-6,30,292337,292298,292346,292319,292339,230.80555555555557,20,-5245.0,39,9,2012.0,True,True,bp,0.7887323943661971
5801,703.713921512898,50,14,0,292371,292346,292396,292353,292376,192.22222222222226,23,-5204.0,25,25,3789.0,False,False,bp,0.7887323943661971
5802,773.8352568535713,50,-1,0,292421,292396,292446,292413,292435,110.41964285714286,22,-3034.0,25,25,2668.0,False,False,bp,0.7887323943661971
5803,824.7922982339649,39,14,3,292467,292446,292485,292456,292479,108.41666666666666,23,-3003.0,21,18,1941.0,True,False,bp,0.7887323943661971
5804,616.2162912338865,73,10,3,292523,292485,292558,292516,292535,122.125,19,-3755.0,38,35,2423.0,False,False,bp,0.7887323943661971
5805,205.1483836629942,67,6,-43,292570,292558,292625,292564,292597,80.3611111111111,33,-2082.0,12,55,2379.0,False,False,bp,0.7887323943661971
5806,777.5216955165226,55,-27,-3,292651,292625,292680,292636,292673,70.05,37,-1823.0,26,29,2886.0,True,True,bp,0.7887323943661971
5807,237.06718429893203,28,0,16,292702,292680,292708,292683,292706,79.86184210526315,23,-1042.0,22,6,880.0,False,False,bp,0.7887323943661971
5808,359.2582489750495,38,14,14,292734,292708,292746,292729,292739,192.5,10,-2515.0,26,12,1474.0,False,False,bp,0.7887323943661971
5809,802.3972748176037,53,0,5,290605,290576,290629,290589,290611,155.10416666666669,22,-2998.0,29,24,3370.0,True,True,bp,0.7887323943661971
5810,1094.0697203317295,46,2,-16,290644,290629,290675,290633,290657,116.8986013986014,24,-1662.0,15,31,3325.0,True,True,bp,0.7887323943661971
5811,1387.7456779524607,53,39,-19,290692,290675,290728,290683,290703,143.64646464646466,20,-1201.0,17,36,3059.0,True,True,bp,0.7887323943661971
5812,2350.9490643975987,71,-2,17,290772,290728,290799,290762,290789,205.77352941176468,27,-3088.0,44,27,5620.0,True,True,bp,0.7887323943661971
5813,2241.6990955385872,43,21,3,290822,290799,290842,290814,290829,383.00892857142856,15,-3581.0,23,20,4725.0,True,True,bp,0.7887323943661971
5814,1430.9415798297046,70,14,-8,290873,290842,290912,290865,290889,186.0,24,-2552.0,31,39,4006.0,True,True,bp,0.7887323943661971
5815,1855.5811290798404,66,6,-14,290938,290912,290978,290927,290954,175.3409090909091,27,-2408.0,26,40,5758.0,True,True,bp,0.7887323943661971
5816,2480.7100694541355,57,-2,-3,291005,290978,291035,290987,291016,192.01262626262627,29,-3318.0,27,30,4442.0,True,False,bp,0.7887323943661971
5817,561.9182200703125,31,10,1,291051,291035,291066,291043,291058,108.08928571428572,15,-1150.0,16,15,1430.0,True,False,bp,0.7887323943661971
5818,413.9151927226122,63,17,13,291104,291066,291129,291083,291113,86.73015873015873,30,-1973.0,38,25,1740.0,True,False,bp,0.7887323943661971
5819,1581.0926050858886,66,0,16,291170,291129,291195,291160,291184,163.1857142857143,24,-3357.0,41,25,5037.0,True,True,bp,0.7887323943661971
5820,969.4606327460808,40,8,12,291221,291195,291235,291208,291224,131.0128205128205,16,-841.0,26,14,995.0,False,False,bp,0.7887323943661971
5821,661.9335668563716,44,14,-6,291254,291235,291279,291248,291260,129.16666666666669,12,-1158.0,19,25,2225.0,True,True,bp,0.7887323943661971
5822,1599.289622418025,55,0,-13,291300,291279,291334,291286,291319,114.02819548872179,33,-2013.0,21,34,4499.0,True,True,bp,0.7887323943661971
5823,1441.17548196957,62,-1,12,291371,291334,291396,291352,291381,142.25263157894742,29,-2593.0,37,25,1713.0,False,False,bp,0.7887323943661971
5824,369.80096727332494,50,2,2,291422,291396,291446,291409,291432,90.27692307692308,23,-2325.0,26,24,2452.0,True,True,bp,0.7887323943661971
5825,1398.1843532060416,45,11,-7,291465,291446,291491,291457,291476,142.76704545454544,19,-1625.0,19,26,4575.0,False,False,bp,0.7887323943661971
5826,1755.7604899639425,55,4,13,291525,291491,291546,291506,291533,161.0296052631579,27,-1813.0,34,21,3518.0,True,True,bp,0.7887323943661971
5827,281.5945674780432,79,13,5,291588,291546,291625,291564,291591,103.39583333333334,27,-386.0,42,37,1320.0,True,False,bp,0.7887323943661971
5828,134.92235927395552,21,0,3,291637,291625,291646,291631,291641,195.91666666666669,10,-1025.0,12,9,1835.0,True,False,bp,0.7887323943661971
5829,188.70419985808869,32,13,-14,291655,291646,291678,291651,291664,160.22222222222226,13,-974.0,9,23,1289.0,True,False,bp,0.7887323943661971
5830,350.3030884567871,50,4,2,291704,291678,291728,291690,291710,88.19047619047619,20,-871.0,26,24,1888.0,True,True,bp,0.7887323943661971
5831,1217.644816826452,35,13,-7,291742,291728,291763,291734,291756,152.0625,22,-2496.0,14,21,2586.0,True,False,bp,0.7887323943661971
5832,765.967156159726,66,-10,18,291805,291763,291829,291791,291822,83.55882352941177,31,-2436.0,42,24,3312.0,True,False,bp,0.7887323943661971
5833,577.138083537655,67,-2,-15,291855,291829,291896,291843,291876,51.44642857142857,33,-808.0,26,41,1863.0,False,False,bp,0.7887323943661971
5834,640.1383731648017,79,-16,5,291938,291896,291975,291907,291955,80.42789373814044,48,-3567.0,42,37,2923.0,False,False,bp,0.7887323943661971
5835,426.72640535921755,54,-15,6,292005,291975,292029,291987,292026,29.932539682539684,39,-3411.0,30,24,1265.0,False,False,bp,0.7887323943661971
5836,1383.5711641198764,50,0,22,292065,292029,292079,292050,292074,162.72222222222226,24,-5364.0,36,14,3996.0,False,False,bp,0.7887323943661971
5837,966.818476201764,50,-5,24,292116,292079,292129,292098,292123,95.4126984126984,25,-4761.0,37,13,1230.0,False,False,bp,0.7887323943661971
5838,352.63159127489035,50,-10,2,292155,292129,292179,292143,292168,47.814102564102576,25,-5659.0,26,24,2602.0,True,True,bp,0.7887323943661971
5839,523.0069979797274,33,24,-11,292190,292179,292212,292183,292195,273.61428571428576,12,-6857.0,11,22,2894.0,True,True,bp,0.7887323943661971
5840,635.5920747381463,50,35,-6,292234,292212,292262,292231,292239,311.93333333333334,8,-5875.0,22,28,2450.0,True,False,bp,0.7887323943661971
5841,262.700583183847,103,-28,-11,292308,292262,292365,292282,292343,45.49175824175824,61,-5939.0,46,57,2907.0,True,False,bp,0.7887323943661971
5842,989.047180131382,41,10,3,292387,292365,292406,292376,292394,135.64285714285714,18,-5396.0,22,19,3468.0,True,False,bp,0.7887323943661971
5843,373.9631319141021,87,18,-23,292438,292406,292493,292422,292450,49.36458333333334,28,-4258.0,32,55,3313.0,True,False,bp,0.7887323943661971
5844,666.1821982130956,41,-17,-19,292504,292493,292534,292496,292526,115.42613636363636,30,-2620.0,11,30,2782.0,True,False,bp,0.7887323943661971
5845,995.3777684347763,57,-10,-25,292550,292534,292591,292539,292573,103.69565217391305,34,-2616.0,16,41,3431.0,True,True,bp,0.7887323943661971
5846,461.9074811444272,37,-20,21,292620,292591,292628,292597,292624,139.17391304347825,27,-1177.0,29,8,2053.0,True,False,bp,0.7887323943661971
5847,121.43504740579228,35,23,-15,292638,292628,292663,292631,292641,196.57142857142856,10,-1974.0,10,25,1545.0,True,False,bp,0.7887323943661971
5848,616.5881388056885,49,28,3,292689,292663,292712,292674,292694,129.36666666666667,20,-2129.0,26,23,2060.0,False,False,bp,0.7887323943661971
5849,209.50036038849987,33,-4,15,294187,294163,294196,294174,294190,132.17948717948718,16,53.0,24,9,1503.0,False,False,bp,-6.60377358490566
5850,487.02647920807897,66,-4,-16,294221,294196,294262,294202,294243,46.53468899521531,41,852.0,25,41,3294.0,False,False,bp,-6.60377358490566
5851,941.398584131142,51,31,1,294288,294262,294313,294280,294292,205.75,12,1238.0,26,25,1860.0,True,True,bp,-6.60377358490566
5852,949.8994631467492,67,-12,41,294367,294313,294380,294335,294374,108.86830357142857,39,-75.0,54,13,2717.0,True,True,bp,-6.60377358490566
5853,538.5679738813611,96,-34,20,294438,294380,294476,294401,294459,38.891248391248396,58,255.0,58,38,2483.0,True,False,bp,-6.60377358490566
5854,976.4328024166111,37,8,-11,294489,294476,294513,294483,294505,135.89583333333331,22,420.0,13,24,1694.0,False,False,bp,-6.60377358490566
5855,1592.855577680667,83,9,-11,294549,294513,294596,294535,294572,131.7996894409938,37,-1887.0,36,47,5077.0,False,False,bp,-6.60377358490566
5856,2449.279196772784,67,-2,11,294635,294596,294663,294618,294648,217.11085972850682,30,-3606.0,39,28,5536.0,False,False,bp,-6.60377358490566
5857,800.6985149697275,100,7,-48,294689,294663,294763,294676,294724,61.68571428571428,48,104.0,26,74,3599.0,False,False,bp,-6.60377358490566
5858,1065.1133402534856,48,46,0,294787,294763,294811,294779,294793,165.64583333333331,14,1408.0,24,24,2691.0,False,False,bp,-6.60377358490566
5859,1378.4518156561905,102,9,18,294871,294811,294913,294853,294890,126.4502923976608,37,-1827.0,60,42,3293.0,False,False,bp,-6.60377358490566
5860,877.4552903362005,66,-12,16,294954,294913,294979,294936,294970,81.9826388888889,34,-1513.0,41,25,2745.0,True,True,bp,-6.60377358490566
5861,337.30407600530447,50,0,0,295004,294979,295029,294992,295013,126.51388888888887,21,-835.0,25,25,1650.0,True,True,bp,-6.60377358490566
5862,1260.7085991771255,50,50,-32,295038,295029,295079,295034,295056,196.75,22,-1301.0,9,41,4357.0,False,False,bp,-6.60377358490566
5863,2265.582541982331,84,2,36,295139,295079,295163,295128,295146,373.7922077922078,18,-5945.0,60,24,5306.0,False,False,bp,-6.60377358490566
5864,794.999147145729,49,33,-31,295172,295163,295212,295166,295190,152.77777777777774,24,-2155.0,9,40,5314.0,False,False,bp,-6.60377358490566
5865,1661.7622208751127,100,24,4,295264,295212,295312,295247,295272,167.49632352941177,25,-1384.0,52,48,3486.0,False,False,bp,-6.60377358490566
5866,2788.9008744958446,99,39,-57,295333,295312,295411,295321,295349,282.75,28,-5763.0,21,78,6969.0,False,False,bp,-6.60377358490566
5867,977.0242107127783,39,-3,-17,295422,295411,295450,295416,295441,102.69736842105264,25,-618.0,11,28,1814.0,False,False,bp,-6.60377358490566
5868,1534.9977903548336,62,28,-18,295472,295450,295512,295463,295483,193.3939393939394,20,-3222.0,22,40,3279.0,False,False,bp,-6.60377358490566
5869,483.5124535728488,56,2,28,295554,295512,295568,295531,295559,88.24347826086957,28,-1378.0,42,14,1650.0,False,False,bp,-6.60377358490566
5870,535.6838057957376,47,-6,25,295604,295568,295615,295589,295607,100.76666666666668,18,-1430.0,36,11,1076.0,False,False,bp,-6.60377358490566
5871,273.96083437589056,30,4,-18,295621,295615,295645,295619,295640,60.98684210526316,21,-645.0,6,24,748.0,False,False,bp,-6.60377358490566
5872,551.4064636077245,83,-6,1,295687,295645,295728,295665,295701,66.6396103896104,36,-3358.0,42,41,2019.0,False,False,bp,-6.60377358490566
5873,489.982596545228,34,33,-14,295738,295728,295762,295731,295744,125.65476190476191,13,-2350.0,10,24,2447.0,False,False,bp,-6.60377358490566
5874,223.76373459245013,67,8,49,295820,295762,295829,295790,295824,78.025,34,-933.0,58,9,1368.0,False,False,bp,-6.60377358490566
5875,289.1478322939799,100,-12,52,295905,295829,295929,295866,295918,55.551282051282044,52,-3233.0,76,24,1702.0,False,False,bp,-6.60377358490566
5876,525.3990364924141,117,20,-39,295968,295929,296046,295958,295998,115.78333333333332,40,-4247.0,39,78,4502.0,True,False,bp,-6.60377358490566
5877,590.6157867361952,83,-20,-19,296078,296046,296129,296058,296110,65.5875,52,-2852.0,32,51,2205.0,True,True,bp,-6.60377358490566
5878,933.2529043550624,67,-5,-5,296160,296129,296196,296142,296174,83.26190476190476,32,-3276.0,31,36,2806.0,True,False,bp,-6.60377358490566
5879,306.149662199058,88,48,-66,296207,296196,296284,296201,296234,87.17592592592592,33,-1914.0,11,77,3309.0,False,False,bp,-6.60377358490566
5880,177.49240512743424,49,1,33,294205,294164,294213,294197,294209,142.75,12,1655.0,41,8,1671.0,False,False,bp,-6.60377358490566
5881,376.33431878301684,50,5,6,294241,294213,294263,294222,294255,47.50375939849625,33,2505.0,28,22,2438.0,False,False,bp,-6.60377358490566
5882,515.1078707273516,53,20,31,294305,294263,294316,294293,294310,103.01666666666668,17,2753.0,42,11,1445.0,False,False,bp,-6.60377358490566
5883,955.5725387080021,63,28,13,294354,294316,294379,294347,294360,245.5833333333333,13,714.0,38,25,2996.0,False,False,bp,-6.60377358490566
5884,575.2210304922952,65,3,-11,294406,294379,294444,294401,294422,165.64375,21,1526.0,27,38,3070.0,False,False,bp,-6.60377358490566
5885,692.4344710477734,47,-7,-21,294457,294444,294491,294446,294477,47.31818181818181,31,3581.0,13,34,1827.0,False,False,bp,-6.60377358490566
5886,1903.2391714139053,55,-14,-17,294510,294491,294546,294501,294533,197.6256038647343,32,-185.0,19,36,3759.0,False,False,bp,-6.60377358490566
5887,482.59639568625937,56,18,-30,294559,294546,294602,294551,294582,74.32065217391305,31,1777.0,13,43,2432.0,False,False,bp,-6.60377358490566
5888,2271.7341766151003,64,1,14,294641,294602,294666,294631,294655,194.99285714285716,24,-201.0,39,25,5395.0,True,False,bp,-6.60377358490566
5889,1171.9453620173392,63,16,-19,294688,294666,294729,294680,294708,180.8375,28,801.0,22,41,3167.0,True,False,bp,-6.60377358490566
5890,1091.9411092240823,82,-19,0,294770,294729,294811,294752,294792,95.88383838383841,40,-234.0,41,41,3310.0,False,False,bp,-6.60377358490566
5891,733.2939693061603,37,0,-17,294821,294811,294848,294813,294837,101.5625,24,1607.0,10,27,3022.0,False,False,bp,-6.60377358490566
5892,2094.35900735699,64,23,-18,294871,294848,294912,294861,294884,220.76153846153846,23,-811.0,23,41,4205.0,True,True,bp,-6.60377358490566
5893,1700.5885833755947,100,9,-46,294939,294912,295012,294930,294972,206.4090909090909,42,-2179.0,27,73,5733.0,True,True,bp,-6.60377358490566
5894,1639.825745227433,61,-11,-9,295038,295012,295073,295023,295059,93.58571428571429,36,-79.0,26,35,3527.0,True,True,bp,-6.60377358490566
5895,2045.887675680654,56,1,4,295103,295073,295129,295084,295110,210.70676691729324,26,-1739.0,30,26,4305.0,True,True,bp,-6.60377358490566
5896,2402.753945608068,55,-7,-5,295154,295129,295184,295137,295170,173.34375,33,-1875.0,25,30,7161.0,True,True,bp,-6.60377358490566
5897,2056.9668208082903,51,5,-11,295204,295184,295235,295196,295222,199.95833333333331,26,394.0,20,31,3555.0,True,True,bp,-6.60377358490566
5898,1341.7776151740045,61,-6,-1,295265,295235,295296,295253,295282,128.95343137254903,29,587.0,30,31,3257.0,True,True,bp,-6.60377358490566
5899,528.1750973127788,38,2,12,295321,295296,295334,295305,295326,99.575,21,984.0,25,13,1420.0,False,False,bp,-6.60377358490566
5900,1577.1914434595526,62,5,10,295370,295334,295396,295349,295381,127.58008658008656,32,-930.0,36,26,4028.0,False,False,bp,-6.60377358490566
5901,4201.633969662715,66,10,-6,295426,295396,295462,295418,295441,420.79583333333335,23,-5206.0,30,36,10173.0,False,False,bp,-6.60377358490566
5902,1422.072094762805,38,3,14,295488,295462,295500,295474,295493,194.4857142857143,19,477.0,26,12,2444.0,False,False,bp,-6.60377358490566
5903,774.8877130004761,62,-29,34,295548,295500,295562,295515,295557,114.8232323232323,42,-1564.0,48,14,2883.0,True,True,bp,-6.60377358490566
5904,1250.9959515918847,56,32,-6,295587,295562,295618,295570,295601,123.73739495798321,31,-2357.0,25,31,3682.0,True,False,bp,-6.60377358490566
5905,1084.5669080361695,79,7,59,295687,295618,295697,295664,295691,181.04891304347825,27,-2496.0,69,10,2730.0,True,False,bp,-6.60377358490566
5906,853.1388577543622,76,11,6,295738,295697,295773,295725,295751,121.34615384615385,26,-3157.0,41,35,2514.0,True,True,bp,-6.60377358490566
5907,1064.9862140153632,61,24,-7,295800,295773,295834,295788,295814,150.20833333333334,26,-3223.0,27,34,2740.0,True,True,bp,-6.60377358490566
5908,600.6827923877363,79,3,5,295876,295834,295913,295864,295892,93.625,28,-3982.0,42,37,2325.0,True,False,bp,-6.60377358490566
5909,331.93634147303413,33,-3,17,295938,295913,295946,295923,295942,126.78333333333332,19,-3329.0,25,8,1858.0,True,False,bp,-6.60377358490566
5910,703.082588404791,66,2,-16,295971,295946,296012,295958,295987,91.11778846153842,29,-2650.0,25,41,3653.0,False,False,bp,-6.60377358490566
5911,683.3715392976212,34,-6,18,296038,296012,296046,296018,296041,143.19166666666666,23,-1795.0,26,8,1757.0,True,False,bp,-6.60377358490566
5912,396.2969885965608,78,13,-32,296069,296046,296124,296058,296093,108.42803030303033,35,-2248.0,23,55,2488.0,True,False,bp,-6.60377358490566
5913,1164.4552191189025,68,-7,-6,296155,296124,296192,296141,296172,121.57563025210085,31,-3275.0,31,37,3249.0,False,False,bp,-6.60377358490566
5914,340.16330917500693,21,0,-5,296200,296192,296213,296196,296209,116.79166666666669,13,-1003.0,8,13,1165.0,False,False,bp,-6.60377358490566
5915,745.4035432513475,47,-3,-5,296234,296213,296260,296222,296246,109.41666666666666,24,-1193.0,21,26,2637.0,True,False,bp,-6.60377358490566
5916,631.2211882964127,36,-7,18,296287,296260,296296,296267,296294,41.075,27,-1131.0,27,9,561.0,False,False,bp,-6.60377358490566
5917,300.66667081627514,24,19,6,297804,297789,297813,297796,297807,174.22916666666669,11,34.0,15,9,1613.0,False,False,bp,-0.7307692307692307
5918,331.42717665719226,66,-26,38,297865,297813,297879,297837,297873,86.17857142857143,36,-2310.0,52,14,2096.0,False,False,bp,-0.7307692307692307
5919,1322.9065666187053,51,24,-29,297890,297879,297930,297883,297909,162.03383458646618,26,-2631.0,11,40,5844.0,False,False,bp,-0.7307692307692307
5920,2191.3606224722957,82,-2,32,297987,297930,298012,297959,297994,276.8392857142857,35,-2405.0,57,25,6143.0,True,False,bp,-0.7307692307692307
5921,1341.3617379962911,65,-7,-7,298041,298012,298077,298027,298058,140.7668067226891,31,-3639.0,29,36,500.0,False,False,bp,-0.7307692307692307
5922,1876.2617114542013,53,20,-31,298088,298077,298130,298082,298106,201.02777777777774,24,-5160.0,11,42,8464.0,False,False,bp,-0.7307692307692307
5923,1163.083681045198,82,-12,34,298188,298130,298212,298150,298199,70.88875598086125,49,23.0,58,24,1900.0,False,False,bp,-0.7307692307692307
5924,3486.7135927044897,67,14,9,298250,298212,298279,298236,298262,310.6488095238095,26,-4885.0,38,29,9223.0,False,False,bp,-0.7307692307692307
5925,1710.9446461616026,79,1,5,298321,298279,298358,298302,298333,125.0701754385965,31,-837.0,42,37,3198.0,True,False,bp,-0.7307692307692307
5926,833.757292758769,35,6,-9,298371,298358,298393,298365,298379,217.04166666666669,14,94.0,13,22,3241.0,True,False,bp,-0.7307692307692307
5927,1692.2426050901156,37,2,-13,298405,298393,298430,298399,298423,165.11111111111111,24,531.0,12,25,3230.0,False,False,bp,-0.7307692307692307
5928,2592.0839376758195,82,14,-24,298459,298430,298512,298449,298476,259.5205882352941,27,-3470.0,29,53,5250.0,False,False,bp,-0.7307692307692307
5929,407.6196121674236,51,-8,-7,298534,298512,298563,298517,298550,20.371323529411768,33,1679.0,22,29,1909.0,False,False,bp,-0.7307692307692307
5930,931.0890457950716,66,14,-16,298588,298563,298629,298575,298605,86.31447963800905,30,2382.0,25,41,2985.0,False,False,bp,-0.7307692307692307
5931,2209.581014315697,51,3,3,298656,298629,298680,298649,298672,311.86160714285717,23,-1961.0,27,24,2601.0,False,False,bp,-0.7307692307692307
5932,428.88997068198995,49,2,-1,298704,298680,298729,298698,298715,122.80303030303033,17,-376.0,24,25,2580.0,False,False,bp,-0.7307692307692307
5933,358.2885289896838,33,-9,-13,298739,298729,298762,298734,298755,124.4125,21,560.0,10,23,1871.0,True,True,bp,-0.7307692307692307
5934,1002.5571676174136,50,13,0,298787,298762,298812,298767,298794,123.69285714285714,27,185.0,25,25,3180.0,True,True,bp,-0.7307692307692307
5935,1572.0362935133494,67,25,-13,298839,298812,298879,298834,298857,168.7,23,1099.0,27,40,3753.0,True,True,bp,-0.7307692307692307
5936,2145.4814752956945,67,14,17,298921,298879,298946,298905,298928,248.97767857142856,23,-1960.0,42,25,4005.0,True,True,bp,-0.7307692307692307
5937,1521.2698397069266,83,29,-1,298987,298946,299029,298965,299000,149.63286713286718,35,-2878.0,41,42,4141.0,True,True,bp,-0.7307692307692307
5938,840.6568029017816,100,-6,16,299087,299029,299129,299064,299108,77.15942028985508,44,-2714.0,58,42,2235.0,False,False,bp,-0.7307692307692307
5939,3081.039100973601,65,14,-15,299154,299129,299194,299146,299165,394.0965909090909,19,-6623.0,25,40,7658.0,False,False,bp,-0.7307692307692307
5940,697.9450707349042,51,7,-31,299204,299194,299245,299198,299222,123.05555555555556,24,-545.0,10,41,2631.0,False,False,bp,-0.7307692307692307
5941,1018.5387125164003,51,-6,1,299271,299245,299296,299253,299287,92.21180555555556,34,-1175.0,26,25,3058.0,True,True,bp,-0.7307692307692307
5942,1491.0680076437259,50,2,0,299321,299296,299346,299315,299338,172.23039215686276,23,-901.0,25,25,3014.0,False,False,bp,-0.7307692307692307
5943,1264.5060776611874,69,-34,7,299384,299346,299415,299363,299408,121.125,45,-5432.0,38,31,2825.0,False,False,bp,-0.7307692307692307
5944,1330.4520028917275,63,14,-49,299422,299415,299478,299419,299448,183.3974358974359,29,-3891.0,7,56,7832.0,False,False,bp,-0.7307692307692307
5945,1403.8480799694114,67,-12,-11,299506,299478,299545,299491,299531,99.29333333333334,40,-96.0,28,39,1984.0,False,False,bp,-0.7307692307692307
5946,2551.491951634202,67,28,-17,299570,299545,299612,299559,299578,333.75,19,-4736.0,25,42,5698.0,False,False,bp,-0.7307692307692307
5947,844.4077410578793,51,-16,-1,299637,299612,299663,299625,299655,77.69444444444444,30,-1050.0,25,26,2540.0,False,False,bp,-0.7307692307692307
5948,753.1455158516327,66,-20,-18,299687,299663,299729,299669,299715,84.40476190476191,46,-1958.0,24,42,2335.0,True,False,bp,-0.7307692307692307
5949,319.1079357039328,34,-9,16,299754,299729,299763,299741,299759,149.48461538461538,18,-2084.0,25,9,2166.0,True,False,bp,-0.7307692307692307
5950,118.52462132910608,32,-16,-6,299776,299763,299795,299768,299792,83.90625,24,-2060.0,13,19,1190.0,False,False,bp,-0.7307692307692307
5951,430.4069908169537,68,10,-38,299810,299795,299863,299800,299835,82.14,35,-3455.0,15,53,2436.0,False,False,bp,-0.7307692307692307
5952,631.7362183345027,50,-2,32,299904,299863,299913,299880,299908,128.0,28,-2698.0,41,9,2216.0,True,False,bp,-0.7307692307692307
5953,596.4853459241455,49,-2,1,299938,299913,299962,299934,299955,128.33823529411765,21,-1805.0,25,24,2300.0,True,False,bp,-0.7307692307692307
5954,305.7268228815408,67,-35,9,300000,299962,300029,299974,300024,29.690705128205128,50,-1951.0,38,29,1379.0,True,True,bp,-0.7307692307692307
5955,184.31760574885325,50,-18,32,300070,300029,300079,300039,300074,68.97983870967742,35,-2423.0,41,9,1338.0,True,False,bp,-0.7307692307692307
5956,514.6361249423526,50,-20,0,300104,300079,300129,300091,300122,77.15384615384616,31,-2290.0,25,25,2816.0,False,False,bp,-0.7307692307692307
5957,543.5328007841357,50,10,-34,300137,300129,300179,300133,300157,174.275,24,-1590.0,8,42,1587.0,True,False,bp,-0.7307692307692307
5958,514.518277948484,65,8,-15,300204,300179,300244,300191,300215,165.84965034965037,24,-2815.0,25,40,2303.0,True,True,bp,-0.7307692307692307
5959,433.6095510514036,51,-32,-31,300254,300244,300295,300247,300289,83.64285714285714,42,-2025.0,10,41,2615.0,True,True,bp,-0.7307692307692307
5960,329.56562938105253,34,12,-14,300305,300295,300329,300299,300309,145.29166666666669,10,-1382.0,10,24,1044.0,True,True,bp,-0.7307692307692307
5961,329.5581764566542,34,-12,-18,300337,300329,300363,300331,300359,40.24242424242424,28,-940.0,8,26,1429.0,False,False,bp,-0.7307692307692307
5962,856.274493018426,49,-8,-1,300387,300363,300412,300375,300401,106.91071428571428,26,-1894.0,24,25,2737.0,True,False,bp,-0.7307692307692307
5963,511.2151003296527,100,-18,-48,300438,300412,300512,300419,300476,71.59210526315789,57,-2961.0,26,74,3358.0,False,False,bp,-0.7307692307692307
5964,90.99290310045023,34,-9,-6,300526,300512,300546,300515,300540,27.548701298701296,25,-234.0,14,20,889.0,False,False,bp,-0.7307692307692307
5965,581.0416532273571,49,-10,-1,300570,300546,300595,300556,300582,87.43452380952381,26,-1085.0,24,25,3021.0,False,False,bp,-0.7307692307692307
5966,515.1086217116798,34,-3,-14,300605,300595,300629,300598,300625,77.92142857142856,27,496.0,10,24,1270.0,False,False,bp,-0.7307692307692307
5967,1074.152700688817,50,-2,34,300671,300629,300679,300649,300675,157.0681818181818,26,-1716.0,42,8,2226.0,False,False,bp,-0.7307692307692307
5968,727.1728044932453,67,3,23,300724,300679,300746,300699,300728,171.34,29,-2825.0,45,22,2287.0,True,True,bp,-0.7307692307692307
5969,469.0574960332485,49,20,3,300772,300746,300795,300760,300777,124.575,17,-2229.0,26,23,1527.0,False,False,bp,-0.7307692307692307
5970,624.8170196490156,84,-18,2,300838,300795,300879,300814,300860,74.14962121212122,46,-4681.0,43,41,3019.0,False,False,bp,-0.7307692307692307
5971,771.4060220008241,64,14,-14,300904,300879,300943,300888,300911,117.59821428571428,23,-3262.0,25,39,3315.0,False,False,bp,-0.7307692307692307
5972,702.3248307972134,36,-8,-14,300954,300943,300979,300948,300974,108.88333333333333,26,-1466.0,11,25,2441.0,False,False,bp,-0.7307692307692307
5973,513.1973643454203,50,-19,0,301004,300979,301029,300992,301022,59.20833333333333,30,-1287.0,25,25,1577.0,True,True,bp,-0.7307692307692307
5974,566.4487208629523,46,22,-26,301039,301029,301075,301033,301048,142.5,15,-1589.0,10,36,2353.0,True,False,bp,-0.7307692307692307
5975,466.6744401956757,81,-23,-25,301103,301075,301156,301085,301138,34.95793650793651,53,-759.0,28,53,1980.0,True,False,bp,-0.7307692307692307
5976,2074.2872831231284,54,9,6,297804,297774,297828,297784,297809,224.95,25,-2145.0,30,24,3910.0,True,True,bp,-0.7307692307692307
5977,1662.3224211492036,51,8,3,297855,297828,297879,297843,297864,223.69444444444446,21,-2921.0,27,24,4140.0,True,True,bp,-0.7307692307692307
5978,2486.9233894232048,50,22,0,297904,297879,297929,297893,297911,333.38961038961037,18,-1964.0,25,25,7821.0,False,False,bp,-0.7307692307692307
5979,4358.570241039288,66,18,6,297965,297929,297995,297951,297977,294.72023809523813,26,-2242.0,36,30,6934.0,True,True,bp,-0.7307692307692307
5980,2057.4628901511437,91,-17,29,298055,297995,298086,298021,298073,164.20098039215685,52,-5353.0,60,31,6621.0,False,False,bp,-0.7307692307692307
5981,706.2921062563872,59,3,11,298121,298086,298145,298108,298127,110.44230769230771,19,161.0,35,24,2342.0,False,False,bp,-0.7307692307692307
5982,1217.8856302245151,50,3,2,298171,298145,298195,298149,298178,139.95454545454544,29,300.0,26,24,3425.0,True,True,bp,-0.7307692307692307
5983,2455.2666584342965,64,16,-14,298220,298195,298259,298210,298243,231.04130434782607,33,-2803.0,25,39,6785.0,False,False,bp,-0.7307692307692307
5984,880.3924179948758,87,0,37,298321,298259,298346,298292,298327,140.72126436781608,35,713.0,62,25,2833.0,False,False,bp,-0.7307692307692307
5985,2331.441182744126,83,6,-33,298371,298346,298429,298362,298396,219.50444444444446,34,-2098.0,25,58,6155.0,True,True,bp,-0.7307692307692307
5986,1471.5734117374705,51,-11,-1,298454,298429,298480,298436,298467,131.44230769230768,31,-848.0,25,26,2798.0,False,False,bp,-0.7307692307692307
5987,652.5240128066206,50,2,-26,298492,298480,298530,298487,298515,100.98260869565216,28,826.0,12,38,3627.0,False,False,bp,-0.7307692307692307
5988,2289.749603168108,77,-10,11,298574,298530,298607,298545,298588,179.17364532019704,43,-129.0,44,33,8035.0,True,True,bp,-0.7307692307692307
5989,3429.1229844210143,60,-9,0,298637,298607,298667,298621,298655,223.79861111111111,34,-1896.0,30,30,5244.0,True,True,bp,-0.7307692307692307
5990,2857.9150030899323,62,8,12,298704,298667,298729,298680,298712,277.625,32,-2189.0,37,25,7281.0,True,True,bp,-0.7307692307692307
5991,3839.6516806115733,66,15,16,298770,298729,298795,298752,298778,315.6388888888889,26,-2606.0,41,25,7382.0,True,True,bp,-0.7307692307692307
5992,2011.5065826642199,84,6,2,298838,298795,298879,298819,298848,236.39736842105262,29,-2422.0,43,41,5761.0,False,False,bp,-0.7307692307692307
5993,559.2414876495682,36,13,-18,298888,298879,298915,298883,298898,172.3,15,1452.0,9,27,2532.0,False,False,bp,-0.7307692307692307
5994,1248.9946267476362,48,21,-10,298934,298915,298963,298926,298942,174.625,16,1044.0,19,29,2996.0,True,True,bp,-0.7307692307692307
5995,2506.2700050957656,66,17,2,298997,298963,299029,298979,299008,189.770202020202,29,-718.0,34,32,5754.0,True,True,bp,-0.7307692307692307
5996,3475.562464074889,66,13,18,299071,299029,299095,299054,299078,340.74789915966386,24,-4308.0,42,24,6117.0,True,True,bp,-0.7307692307692307
5997,1019.7144231751507,85,-30,1,299138,299095,299180,299115,299172,89.35038363171356,57,-2673.0,43,42,5790.0,True,True,bp,-0.7307692307692307
5998,1167.0405371979546,65,0,15,299220,299180,299245,299199,299231,77.71861471861472,32,-173.0,40,25,1405.0,False,False,bp,-0.7307692307692307
5999,586.1618365692196,68,2,-18,299270,299245,299313,299263,299292,145.25974025974025,29,-1423.0,25,43,3774.0,True,False,bp,-0.7307692307692307
6000,1954.690531642474,38,6,10,299337,299313,299351,299323,299342,310.7857142857143,19,-601.0,24,14,5341.0,True,False,bp,-0.7307692307692307
6001,2603.880176619493,61,10,1,299382,299351,299412,299367,299395,196.66410256410256,28,-1818.0,31,30,4207.0,True,True,bp,-0.7307692307692307
6002,2406.079914371499,67,7,15,299453,299412,299479,299433,299461,218.3625,28,-2720.0,41,26,4884.0,True,True,bp,-0.7307692307692307
6003,1297.9920236252412,84,-26,10,299526,299479,299563,299496,299545,123.36403508771929,49,-4006.0,47,37,5427.0,True,False,bp,-0.7307692307692307
6004,1207.4468877074314,37,1,-11,299576,299563,299600,299568,299593,134.56617647058823,25,-1320.0,13,24,2422.0,False,False,bp,-0.7307692307692307
6005,1583.7228279311498,56,-1,18,299637,299600,299656,299619,299642,253.65,23,-4048.0,37,19,3896.0,False,False,bp,-0.7307692307692307
6006,2564.1352682955912,50,6,-12,299675,299656,299706,299664,299690,187.99090909090907,26,-3933.0,19,31,5926.0,True,True,bp,-0.7307692307692307
6007,3202.613093092351,56,12,4,299736,299706,299762,299722,299745,294.2857142857143,23,-4705.0,30,26,6333.0,True,True,bp,-0.7307692307692307
6008,1133.6776876079691,47,-7,9,299790,299762,299809,299780,299805,186.2,25,-3173.0,28,19,3107.0,True,True,bp,-0.7307692307692307
6009,1216.5700948728709,64,-26,0,299841,299809,299873,299823,299865,107.40972222222223,42,-5054.0,32,32,3573.0,True,True,bp,-0.7307692307692307
6010,773.8166083682655,41,15,-13,299887,299873,299914,299881,299892,290.16666666666663,11,-5301.0,14,27,3360.0,True,True,bp,-0.7307692307692307
6011,938.9186512912853,48,-6,-22,299927,299914,299962,299918,299950,105.42995169082123,32,-4081.0,13,35,2778.0,True,True,bp,-0.7307692307692307
6012,1427.3265677900927,49,20,1,299987,299962,300011,299976,299993,212.45454545454544,17,-4994.0,25,24,3332.0,True,True,bp,-0.7307692307692307
6013,782.2875310421912,42,10,4,300034,300011,300053,300030,300041,257.67857142857144,11,-3788.0,23,19,2916.0,True,True,bp,-0.7307692307692307
6014,1028.1335792281943,46,5,-10,300071,300053,300099,300062,300083,121.15277777777777,21,-3695.0,18,28,2173.0,True,True,bp,-0.7307692307692307
6015,785.0491818809871,31,47,1,300115,300099,300130,300109,300122,223.47619047619045,13,-4314.0,16,15,2793.0,True,False,bp,-0.7307692307692307
6016,620.5637253202359,116,3,40,300208,300130,300246,300182,300224,74.21875,42,-5809.0,78,38,2221.0,True,False,bp,-0.7307692307692307
6017,482.2292429069201,81,-12,3,300288,300246,300327,300269,300306,76.55847953216373,37,-5319.0,42,39,3831.0,False,False,bp,-0.7307692307692307
6018,290.89341317436384,35,4,-3,300343,300327,300362,300331,300352,36.736111111111114,21,-3032.0,16,19,999.0,False,False,bp,-0.7307692307692307
6019,804.6010685344189,50,-8,12,300393,300362,300412,300377,300406,99.40384615384615,29,-4242.0,31,19,2364.0,False,False,bp,-0.7307692307692307
6020,225.4761993737384,33,1,11,300434,300412,300445,300427,300439,200.5,12,-4160.0,22,11,2492.0,True,False,bp,-0.7307692307692307
6021,314.87444416814867,35,-11,-15,300455,300445,300480,300452,300473,283.5555555555556,21,-3784.0,10,25,3820.0,True,True,bp,-0.7307692307692307
6022,140.2953946806114,32,1,-18,300487,300480,300512,300483,300500,246.75,17,-1932.0,7,25,3441.0,False,False,bp,-0.7307692307692307
6023,199.3157335446864,37,-10,-11,300525,300512,300549,300518,300540,48.99523809523809,22,238.0,13,24,1893.0,False,False,bp,-0.7307692307692307
6024,576.3067152810215,32,29,-12,300559,300549,300581,300552,300562,260.38095238095235,10,-453.0,10,22,1916.0,True,False,bp,-0.7307692307692307
6025,404.3823130547688,60,-21,24,300623,300581,300641,300601,300634,70.02272727272728,33,-765.0,42,18,2057.0,True,False,bp,-0.7307692307692307
6026,512.8004459460557,37,-10,13,300666,300641,300678,300646,300674,96.8,28,-1084.0,25,12,2094.0,True,True,bp,-0.7307692307692307
6027,193.35814419603912,40,-11,18,300707,300678,300718,300692,300716,16.566666666666666,24,-917.0,29,11,1074.0,False,False,bp,-0.7307692307692307
6028,574.8043588244462,38,5,10,300742,300718,300756,300729,300748,157.51923076923075,19,-2052.0,24,14,2060.0,False,False,bp,-0.7307692307692307
6029,819.6293425745563,44,10,18,300787,300756,300800,300772,300793,124.35,21,-1960.0,31,13,2154.0,True,True,bp,-0.7307692307692307
6030,215.334331192412,62,16,14,300838,300800,300862,300824,300845,128.85714285714286,21,-2674.0,38,24,1825.0,True,True,bp,-0.7307692307692307
6031,859.1584609619133,50,25,8,300891,300862,300912,300882,300895,259.06944444444446,13,-3679.0,29,21,2750.0,False,False,bp,-0.7307692307692307
6032,450.25144859060487,67,3,27,300959,300912,300979,300933,300969,94.62307692307692,36,-2059.0,47,20,3050.0,False,False,bp,-0.7307692307692307
6033,450.5198852198812,83,7,35,301038,300979,301062,301008,301042,161.64166666666662,34,-1799.0,59,24,2802.0,True,False,bp,-0.7307692307692307
6034,874.5484795902847,42,2,14,301090,301062,301104,301083,301093,329.8571428571429,10,-1952.0,28,14,2811.0,False,False,bp,-0.7307692307692307
6035,269.156078344545,25,19,19,301126,301104,301129,301105,301126,,21,525.0,22,3,36.0,False,False,bp,-0.7307692307692307
6036,1092.209600199313,50,-15,-32,302671,302662,302712,302665,302706,124.83333333333331,41,1745.0,9,41,2456.0,False,False,bp,-1.5272727272727273
6037,900.1084121529267,84,-22,34,302771,302712,302796,302732,302785,97.88003663003664,53,-1076.0,59,25,3664.0,False,False,bp,-1.5272727272727273
6038,1060.1620866609044,83,1,-1,302837,302796,302879,302816,302859,73.58766233766234,43,-201.0,41,42,3819.0,True,True,bp,-1.5272727272727273
6039,1529.5382713234706,83,38,-1,302920,302879,302962,302903,302932,167.41911764705884,29,-1075.0,41,42,4727.0,True,True,bp,-1.5272727272727273
6040,1571.092491043521,103,-7,15,303021,302962,303065,302999,303043,141.45454545454544,44,-2780.0,59,44,5569.0,True,False,bp,-1.5272727272727273
6041,2648.508976045788,52,-1,-8,303087,303065,303117,303080,303105,261.45238095238096,25,-2263.0,22,30,5139.0,False,False,bp,-1.5272727272727273
6042,652.7850239649597,79,-4,-39,303137,303117,303196,303129,303173,88.0625,44,708.0,20,59,1959.0,False,False,bp,-1.5272727272727273
6043,1363.4053440278808,67,9,-19,303220,303196,303263,303213,303241,185.09523809523807,28,-996.0,24,43,3767.0,True,True,bp,-1.5272727272727273
6044,2053.126463830408,66,23,-18,303287,303263,303329,303278,303305,157.75,27,-646.0,24,42,4982.0,True,True,bp,-1.5272727272727273
6045,1503.5633949711926,78,16,8,303372,303329,303407,303355,303379,268.0042016806723,24,-2625.0,43,35,5057.0,True,True,bp,-1.5272727272727273
6046,2593.838827780617,56,5,6,303438,303407,303463,303419,303450,185.48245614035088,31,-2809.0,31,25,5456.0,True,True,bp,-1.5272727272727273
6047,2609.221527443929,66,9,8,303500,303463,303529,303486,303513,216.478021978022,27,-3182.0,37,29,5698.0,True,True,bp,-1.5272727272727273
6048,1013.4831029040166,67,-1,-15,303555,303529,303596,303549,303583,155.1547619047619,34,-474.0,26,41,1663.0,True,True,bp,-1.5272727272727273
6049,594.3241091959741,66,-17,-8,303625,303596,303662,303616,303649,111.20138888888887,33,-1523.0,29,37,2158.0,True,False,bp,-1.5272727272727273
6050,381.69129089307364,34,-7,16,303687,303662,303696,303665,303690,128.4848484848485,25,-1260.0,25,9,1692.0,True,False,bp,-1.5272727272727273
6051,478.5707516173447,51,-1,-1,303721,303696,303747,303708,303735,39.89010989010988,27,-1280.0,25,26,1686.0,True,False,bp,-1.5272727272727273
6052,492.4426661458445,48,-17,26,303784,303747,303795,303761,303788,75.63586956521739,27,-1757.0,37,11,1423.0,True,False,bp,-1.5272727272727273
6053,111.3500066480398,31,6,-9,303806,303795,303826,303798,303816,92.3125,18,-1704.0,11,20,1035.0,True,False,bp,-1.5272727272727273
6054,644.6606978010776,48,1,8,303854,303826,303874,303840,303860,110.09523809523809,20,-2022.0,28,20,2291.0,True,True,bp,-1.5272727272727273
6055,978.0194908122952,38,25,-8,303889,303874,303912,303881,303905,115.5625,24,-1938.0,15,23,2786.0,True,False,bp,-1.5272727272727273
6056,184.5128089656893,73,-5,47,303972,303912,303985,303954,303979,70.22619047619048,25,-1883.0,60,13,658.0,False,False,bp,-1.5272727272727273
6057,733.1469837865325,74,1,-12,304016,303985,304059,303999,304033,91.47058823529413,34,-3755.0,31,43,2158.0,False,False,bp,-1.5272727272727273
6058,1064.8315576195232,47,5,9,304087,304059,304106,304068,304091,180.01315789473685,23,-3432.0,28,19,2768.0,True,True,bp,-1.5272727272727273
6059,845.7466690824835,73,-5,-13,304136,304106,304179,304119,304155,69.60061919504643,36,-3045.0,30,43,2942.0,True,True,bp,-1.5272727272727273
6060,786.0430665725395,44,3,-6,304198,304179,304223,304186,304207,80.625,21,-1678.0,19,25,1663.0,True,True,bp,-1.5272727272727273
6061,180.02051485003628,27,3,25,304249,304223,304250,304231,304250,-14.194444444444445,19,-1863.0,26,1,-88.0,False,False,bp,-1.5272727272727273
6062,544.0612918383251,96,-23,-22,304287,304250,304346,304272,304326,85.11794871794872,54,-5298.0,37,59,4121.0,False,False,bp,-1.5272727272727273
6063,496.23241701148834,48,-13,0,304370,304346,304394,304357,304387,31.538461538461537,30,-2408.0,24,24,1827.0,False,False,bp,-1.5272727272727273
6064,492.3858230291195,85,-3,-31,304421,304394,304479,304404,304456,51.659663865546214,52,-2894.0,27,58,2620.0,True,False,bp,-1.5272727272727273
6065,671.1847997750616,50,-1,32,304520,304479,304529,304505,304524,182.075,19,-3027.0,41,9,2243.0,True,False,bp,-1.5272727272727273
6066,467.14307895268126,52,8,-2,304554,304529,304581,304542,304560,110.875,18,-2928.0,25,27,1838.0,True,True,bp,-1.5272727272727273
6067,557.0927211658441,47,6,-31,304589,304581,304628,304586,304605,138.04166666666669,19,-2238.0,8,39,2500.0,False,False,bp,-1.5272727272727273
6068,413.11535678654013,52,-6,-22,304643,304628,304680,304630,304667,59.006410256410255,37,-1410.0,15,37,1573.0,True,True,bp,-1.5272727272727273
6069,1803.136866680156,59,7,-15,302691,302669,302728,302680,302705,150.1883116883117,25,844.0,22,37,3230.0,True,True,bp,-1.5272727272727273
6070,1952.1048226785572,55,-8,-3,302754,302728,302783,302737,302771,141.67647058823533,34,-178.0,26,29,4753.0,True,True,bp,-1.5272727272727273
6071,2311.4001173445677,79,15,-15,302815,302783,302862,302797,302825,183.5888888888889,28,-332.0,32,47,4865.0,True,True,bp,-1.5272727272727273
6072,1434.5131385215025,50,20,-12,302881,302862,302912,302868,302888,123.45054945054945,20,1718.0,19,31,2127.0,False,False,bp,-1.5272727272727273
6073,1570.5702266058026,57,19,-3,302939,302912,302969,302928,302954,179.73939393939395,26,-763.0,27,30,4152.0,False,False,bp,-1.5272727272727273
6074,654.5556463137541,59,-4,33,303015,302969,303028,302999,303022,115.73660714285714,23,383.0,46,13,2562.0,True,False,bp,-1.5272727272727273
6075,1368.3827165610953,64,13,-10,303055,303028,303092,303041,303072,119.40336134453779,31,-275.0,27,37,3460.0,True,False,bp,-1.5272727272727273
6076,1929.6921053438905,76,19,-14,303123,303092,303168,303116,303140,236.9831932773109,24,-1026.0,31,45,6181.0,True,True,bp,-1.5272727272727273
6077,2304.9352163148915,57,-1,-9,303192,303168,303225,303183,303208,198.05555555555557,25,486.0,24,33,3933.0,True,True,bp,-1.5272727272727273
6078,1155.0166556581664,37,12,-11,303238,303225,303262,303232,303250,224.16666666666663,18,1071.0,13,24,3616.0,True,False,bp,-1.5272727272727273
6079,1869.1707417294253,67,6,-5,303293,303262,303329,303280,303308,154.45128205128202,28,-3.0,31,36,3213.0,True,False,bp,-1.5272727272727273
6080,2271.464399248265,50,7,0,303354,303329,303379,303342,303366,208.66666666666669,24,-2009.0,25,25,4443.0,True,True,bp,-1.5272727272727273
6081,1236.735656495336,63,18,-13,303404,303379,303442,303397,303415,211.5779220779221,18,-862.0,25,38,3329.0,True,True,bp,-1.5272727272727273
6082,701.1538587618152,55,8,-23,303458,303442,303497,303451,303473,132.2904761904762,22,403.0,16,39,3526.0,True,False,bp,-1.5272727272727273
6083,904.8822223624684,32,7,2,303514,303497,303529,303503,303522,119.64772727272728,19,1387.0,17,15,2696.0,True,False,bp,-1.5272727272727273
6084,1987.0494910788,51,3,1,303555,303529,303580,303548,303572,216.83613445378154,24,7.0,26,25,3597.0,True,True,bp,-1.5272727272727273
6085,898.5508861624992,64,2,-6,303609,303580,303644,303599,303627,114.12222222222223,28,290.0,29,35,2134.0,True,True,bp,-1.5272727272727273
6086,715.2862351584297,51,8,1,303670,303644,303695,303657,303674,192.5673076923077,17,-1131.0,26,25,2623.0,True,False,bp,-1.5272727272727273
6087,649.9316575333347,47,21,-27,303705,303695,303742,303699,303715,170.9,16,-782.0,10,37,2883.0,True,False,bp,-1.5272727272727273
6088,339.1054434849801,36,-14,20,303770,303742,303778,303752,303775,133.97777777777782,23,-18.0,28,8,2167.0,True,False,bp,-1.5272727272727273
6089,317.87495062023703,67,-46,25,303824,303778,303845,303784,303841,39.96544117647059,57,-550.0,46,21,1506.0,True,False,bp,-1.5272727272727273
6090,189.51483266967426,33,-7,-5,303859,303845,303878,303852,303873,86.35714285714285,21,-599.0,14,19,723.0,False,False,bp,-1.5272727272727273
6091,532.3444815363038,51,3,-7,303900,303878,303929,303887,303914,83.83241758241758,27,-1779.0,22,29,2069.0,False,False,bp,-1.5272727272727273
6092,409.7323719823906,66,13,-16,303954,303929,303995,303944,303966,136.83333333333334,22,-2440.0,25,41,3349.0,True,False,bp,-1.5272727272727273
6093,800.928266259646,36,2,6,304016,303995,304031,304001,304021,129.1,20,-1757.0,21,15,2104.0,True,False,bp,-1.5272727272727273
6094,985.6062154929758,45,-13,3,304055,304031,304076,304043,304070,65.08333333333334,27,-1689.0,24,21,3143.0,True,True,bp,-1.5272727272727273
6095,408.2602241110369,34,14,-10,304088,304076,304110,304084,304099,220.17045454545456,15,-1138.0,12,22,1991.0,True,True,bp,-1.5272727272727273
6096,1029.180568474926,52,8,2,304137,304110,304162,304128,304149,126.77777777777777,21,-2654.0,27,25,2352.0,True,True,bp,-1.5272727272727273
6097,680.2658522675765,79,-3,-23,304190,304162,304241,304178,304214,83.77083333333334,36,-3310.0,28,51,2530.0,True,False,bp,-1.5272727272727273
6098,514.4517167343223,38,4,-16,304252,304241,304279,304247,304267,80.63333333333333,20,-2223.0,11,27,1279.0,False,False,bp,-1.5272727272727273
6099,505.7349682938309,51,-7,27,304318,304279,304330,304291,304325,73.61904761904762,34,-4411.0,39,12,1285.0,False,False,bp,-1.5272727272727273
6100,487.8541044698985,82,-20,0,304371,304330,304412,304352,304398,72.30409356725147,46,-4616.0,41,41,4569.0,False,False,bp,-1.5272727272727273
6101,666.0828438485931,50,-3,-2,304436,304412,304462,304424,304447,51.29924242424243,23,-2763.0,24,26,2544.0,True,True,bp,-1.5272727272727273
6102,331.58591301061927,35,-6,21,304490,304462,304497,304467,304493,96.67391304347828,26,-2718.0,28,7,1055.0,False,False,bp,-1.5272727272727273
6103,277.07965505415365,48,2,-10,304516,304497,304545,304513,304531,218.4333333333333,18,-3052.0,19,29,2476.0,True,True,bp,-1.5272727272727273
6104,411.313766078887,35,22,-15,304555,304545,304580,304551,304565,180.4,14,-2423.0,10,25,2475.0,True,True,bp,-1.5272727272727273
6105,929.5021759529698,50,29,8,304609,304580,304630,304601,304619,158.4625,18,-3037.0,29,21,1702.0,False,False,bp,-1.5272727272727273
6106,755.5041477177479,70,-13,46,304688,304630,304700,304666,304690,192.75,24,-5082.0,58,12,1965.0,False,False,bp,-1.5272727272727273
6107,872.5538933967442,33,-1,3,306964,306946,306979,306949,306974,88.55,25,1318.0,18,15,2517.0,False,False,bp,3.983050847457627
6108,1621.8403812012625,66,13,-16,307004,306979,307045,306998,307025,191.3690476190476,27,267.0,25,41,3674.0,True,False,bp,3.983050847457627
6109,3094.020198288257,62,0,10,307081,307045,307107,307065,307091,269.81875,26,-3393.0,36,26,6222.0,False,False,bp,3.983050847457627
6110,1248.6386104263374,55,15,-27,307121,307107,307162,307117,307144,174.17391304347825,27,745.0,14,41,3615.0,False,False,bp,3.983050847457627
6111,1868.2582794654568,83,13,3,307205,307162,307245,307186,307219,183.31015037593983,33,-2759.0,43,40,4762.0,True,True,bp,3.983050847457627
6112,2680.024061514631,66,4,-14,307271,307245,307311,307265,307290,336.9561403508772,25,-4580.0,26,40,4930.0,True,True,bp,3.983050847457627
6113,1410.0842125370373,67,-9,-19,307335,307311,307378,307319,307356,121.3988095238095,37,-2704.0,24,43,6203.0,False,False,bp,3.983050847457627
6114,2436.735576729549,63,0,-1,307409,307378,307441,307384,307421,151.84333333333333,37,-261.0,31,32,6354.0,True,True,bp,3.983050847457627
6115,1698.4103333107178,88,16,-28,307471,307441,307529,307458,307500,167.5026525198939,42,-423.0,30,58,3688.0,True,True,bp,3.983050847457627
6116,495.49007305259187,66,-7,18,307571,307529,307595,307558,307583,84.96474358974359,25,850.0,42,24,1705.0,True,False,bp,3.983050847457627
6117,922.9631340821562,50,-3,0,307620,307595,307645,307601,307627,107.79323308270676,26,284.0,25,25,2690.0,True,True,bp,3.983050847457627
6118,964.9367236322673,51,7,-33,307654,307645,307696,307650,307678,180.97916666666663,28,658.0,9,42,2354.0,True,False,bp,3.983050847457627
6119,903.8530310847863,50,27,0,307721,307696,307746,307713,307726,209.15,13,633.0,25,25,2692.0,True,True,bp,3.983050847457627
6120,404.4862579115385,49,1,1,307771,307746,307795,307766,307782,152.5909090909091,16,1434.0,25,24,1973.0,True,True,bp,3.983050847457627
6121,494.8835787485028,34,-4,16,307820,307795,307829,307799,307825,74.58571428571429,26,1068.0,25,9,903.0,False,False,bp,3.983050847457627
6122,575.9561332745337,38,14,14,307855,307829,307867,307847,307859,135.3125,12,174.0,26,12,1651.0,False,False,bp,3.983050847457627
6123,430.5885509272037,62,-14,44,307920,307867,307929,307885,307923,146.9904761904762,38,-2554.0,53,9,1607.0,False,False,bp,3.983050847457627
6124,429.8807061344257,62,1,-12,307954,307929,307991,307947,307971,90.31092436974792,24,-2758.0,25,37,2789.0,False,False,bp,3.983050847457627
6125,411.5570423918879,41,-6,-15,308004,307991,308032,307996,308023,77.86842105263158,27,-1313.0,13,28,1914.0,False,False,bp,3.983050847457627
6126,623.1995695283591,47,15,-1,308055,308032,308079,308044,308067,103.08712121212122,23,-2199.0,23,24,1100.0,False,False,bp,3.983050847457627
6127,249.0148984340749,83,14,-1,308120,308079,308162,308105,308133,72.28461538461539,28,-3914.0,41,42,2889.0,False,False,bp,3.983050847457627
6128,563.0717085377929,49,-8,1,308187,308162,308211,308175,308200,90.87820512820512,25,-2795.0,25,24,1921.0,True,False,bp,3.983050847457627
6129,495.54880644911043,40,-12,12,308237,308211,308251,308217,308243,77.15,26,-2982.0,26,14,1615.0,True,False,bp,3.983050847457627
6130,47.277464704268034,27,-5,1,308265,308251,308278,308257,308270,135.05,13,-2259.0,14,13,1921.0,False,False,bp,3.983050847457627
6131,177.78895683019658,52,15,-22,308293,308278,308330,308278,308316,16.968115942028987,38,-429.0,15,37,1780.0,False,False,bp,3.983050847457627
6132,624.3350133407697,67,3,47,308387,308330,308397,308369,308391,115.45833333333334,22,-2216.0,57,10,1211.0,False,False,bp,3.983050847457627
6133,1996.3262162997266,48,-2,10,306954,306925,306973,306934,306961,174.12142857142857,27,417.0,29,19,3506.0,True,True,bp,3.983050847457627
6134,1686.9602161510752,72,-16,-2,307008,306973,307045,306986,307026,131.16919191919192,40,-1875.0,35,37,4498.0,True,True,bp,3.983050847457627
6135,1146.5818159190492,50,1,-30,307055,307045,307095,307050,307084,204.92068965517242,34,-653.0,10,40,3511.0,True,False,bp,3.983050847457627
6136,1392.1961537617526,51,5,31,307136,307095,307146,307119,307141,215.12352941176468,22,105.0,41,10,3487.0,True,True,bp,3.983050847457627
6137,1381.9626659329192,82,-7,8,307191,307146,307228,307168,307205,114.360248447205,37,-1309.0,45,37,3323.0,True,True,bp,3.983050847457627
6138,1829.0839619238695,51,-10,3,307255,307228,307279,307235,307270,119.70833333333334,35,-1102.0,27,24,4699.0,True,False,bp,3.983050847457627
6139,779.6488401785026,117,10,-67,307304,307279,307396,307295,307346,147.91666666666666,51,-841.0,25,92,2654.0,True,False,bp,3.983050847457627
6140,1207.8509844372936,50,20,-2,307420,307396,307446,307407,307426,228.20512820512818,19,-31.0,24,26,4908.0,False,False,bp,3.983050847457627
6141,2880.631856454157,66,7,-8,307475,307446,307512,307465,307493,244.50555555555556,28,-1610.0,29,37,5366.0,True,True,bp,3.983050847457627
6142,1113.5925866267996,51,-17,1,307538,307512,307563,307528,307556,110.56666666666666,28,897.0,26,25,2908.0,True,True,bp,3.983050847457627
6143,429.65851597428116,55,-21,27,307604,307563,307618,307567,307613,55.2027027027027,46,1135.0,41,14,1668.0,True,True,bp,3.983050847457627
6144,165.0411608678874,44,-13,24,307652,307618,307662,307638,307659,18.214285714285715,21,865.0,34,10,368.0,False,False,bp,3.983050847457627
6145,617.1906386434259,50,13,-32,307671,307662,307712,307667,307685,188.82142857142856,18,-949.0,9,41,3310.0,False,False,bp,3.983050847457627
6146,1235.0436494702062,34,-16,-14,307722,307712,307746,307716,307741,176.84210526315792,25,-588.0,10,24,2322.0,True,True,bp,3.983050847457627
6147,248.19809791561138,30,-2,10,307766,307746,307776,307750,307773,55.058035714285715,23,214.0,20,10,768.0,False,False,bp,3.983050847457627
6148,730.1818775704432,68,-20,16,307818,307776,307844,307794,307831,98.84775641025641,37,-3008.0,42,26,1407.0,False,False,bp,3.983050847457627
6149,339.61672786170084,33,2,-15,307853,307844,307877,307848,307865,95.19166666666668,17,-2889.0,9,24,1835.0,True,True,bp,3.983050847457627
6150,980.2672844680667,52,-12,2,307904,307877,307929,307884,307917,92.74807692307692,33,-4714.0,27,25,3253.0,True,True,bp,3.983050847457627
6151,646.536517655651,37,3,11,307953,307929,307966,307938,307958,135.8,20,-4933.0,24,13,1794.0,True,False,bp,3.983050847457627
6152,211.04328449977712,63,-12,13,308004,307966,308029,307981,308016,101.4836956521739,35,-4585.0,38,25,2788.0,True,False,bp,3.983050847457627
6153,718.7230425152796,49,-15,-1,308053,308029,308078,308039,308068,81.58571428571429,29,-4470.0,24,25,2004.0,True,True,bp,3.983050847457627
6154,217.6560728240593,32,15,-12,308088,308078,308110,308082,308098,78.41666666666667,16,-3973.0,10,22,2141.0,True,False,bp,3.983050847457627
6155,344.1827953480681,69,-22,11,308150,308110,308179,308129,308166,86.20982142857143,37,-4765.0,40,29,3292.0,False,False,bp,3.983050847457627
6156,337.40431934503863,45,8,-29,308187,308179,308224,308181,308203,115.01041666666669,22,-2930.0,8,37,2563.0,False,False,bp,3.983050847457627
6157,186.069968113842,37,8,-9,308238,308224,308261,308233,308249,103.62727272727273,16,-1401.0,14,23,1536.0,False,False,bp,3.983050847457627
6158,486.53393466214635,40,25,22,308292,308261,308301,308273,308294,194.6447368421053,21,-1512.0,31,9,2091.0,True,True,bp,3.983050847457627
6159,243.32100014191886,65,5,41,308354,308301,308366,308340,308355,170.32142857142856,15,-2540.0,53,12,689.0,False,False,bp,3.983050847457627
6160,545.3755417676533,46,3,28,308403,308366,308412,308375,308407,115.96428571428572,32,-3572.0,37,9,1984.0,False,False,bp,3.983050847457627
6161,829.9830891049176,50,18,0,310687,310662,310712,310673,310691,173.01785714285714,18,923.0,25,25,2070.0,True,True,bp,-2.602272727272727
6162,1343.7033975332954,50,16,0,310737,310712,310762,310727,310747,159.6,20,-450.0,25,25,3093.0,True,True,bp,-2.602272727272727
6163,1245.17798146542,67,-7,15,310803,310762,310829,310783,310821,105.36944444444444,38,-2136.0,41,26,3254.0,True,True,bp,-2.602272727272727
6164,1309.2440502111353,83,17,-1,310870,310829,310912,310852,310877,160.6547619047619,25,-3026.0,41,42,2844.0,True,True,bp,-2.602272727272727
6165,1026.5682960848792,66,6,-28,310931,310912,310978,310919,310948,126.72303921568628,29,-3270.0,19,47,2950.0,False,False,bp,-2.602272727272727
6166,335.8070874745901,34,12,-16,310987,310978,311012,310983,311000,104.2596153846154,17,-1790.0,9,25,996.0,False,False,bp,-2.602272727272727
6167,1181.532697684296,50,33,6,311040,311012,311062,311029,311048,170.26704545454544,19,-4106.0,28,22,2616.0,False,False,bp,-2.602272727272727
6168,910.0816512838112,84,-8,34,311121,311062,311146,311100,311138,61.865546218487395,38,-4096.0,59,25,2771.0,True,False,bp,-2.602272727272727
6169,1237.6757179460092,82,5,-6,311184,311146,311228,311168,311206,107.98011363636364,38,-4106.0,38,44,5524.0,True,True,bp,-2.602272727272727
6170,2033.9801623680808,67,12,-5,311259,311228,311295,311249,311275,191.4125,26,-3584.0,31,36,4728.0,True,True,bp,-2.602272727272727
6171,1360.100337896666,71,-10,11,311336,311295,311366,311313,311354,88.97826086956522,41,-2535.0,41,30,3526.0,True,True,bp,-2.602272727272727
6172,1739.8030071850349,62,-10,2,311398,311366,311428,311385,311414,135.15865384615384,29,-2903.0,32,30,3612.0,True,False,bp,-2.602272727272727
6173,469.8265470538948,33,-9,-7,311441,311428,311461,311433,311454,103.65865384615385,21,-1413.0,13,20,1965.0,True,False,bp,-2.602272727272727
6174,238.21863541437446,34,8,-14,311471,311461,311495,311466,311483,102.79166666666669,17,-1027.0,10,24,1750.0,True,False,bp,-2.602272727272727
6175,1038.1078891011189,62,0,-4,311524,311495,311557,311508,311539,80.67916666666667,31,-1581.0,29,33,3676.0,True,False,bp,-2.602272727272727
6176,1485.7753929651997,55,8,5,311587,311557,311612,311570,311592,248.18823529411762,22,-1983.0,30,25,3749.0,True,True,bp,-2.602272727272727
6177,507.3421176715947,50,14,-2,311636,311612,311662,311622,311648,64.92261904761905,26,-499.0,24,26,1591.0,False,False,bp,-2.602272727272727
6178,375.3433827692736,98,-20,16,311719,311662,311760,311688,311738,41.4490662139219,50,-2398.0,57,41,1258.0,False,False,bp,-2.602272727272727
6179,491.2946426234695,54,-24,2,311788,311760,311814,311768,311804,44.14375,36,-3481.0,28,26,1652.0,True,False,bp,-2.602272727272727
6180,412.090241767801,34,-13,-20,311821,311814,311848,311816,311843,190.64090909090908,27,-4231.0,7,27,1937.0,True,True,bp,-2.602272727272727
6181,297.0649256496756,48,-6,-4,311870,311848,311896,311857,311882,70.74038461538461,25,-4010.0,22,26,3446.0,False,False,bp,-2.602272727272727
6182,545.3991046690734,33,11,-17,311904,311896,311929,311901,311915,310.16666666666663,14,-2996.0,8,25,3117.0,False,False,bp,-2.602272727272727
6183,276.60626103817947,32,2,22,311956,311929,311961,311940,311959,69.55208333333333,19,-977.0,27,5,1059.0,False,False,bp,-2.602272727272727
6184,458.4033841982287,41,13,9,311986,311961,312002,311980,311988,200.75,8,-2652.0,25,16,904.0,False,False,bp,-2.602272727272727
6185,320.15055443314674,47,-14,-9,312021,312002,312049,312009,312040,43.252192982456144,31,-2800.0,19,28,1396.0,True,True,bp,-2.602272727272727
6186,301.5620560180392,30,2,12,312070,312049,312079,312057,312076,62.20512820512821,19,-3453.0,21,9,703.0,False,False,bp,-2.602272727272727
6187,588.3139028531981,48,-17,2,312104,312079,312127,312097,312122,126.36507936507937,25,-4930.0,25,23,2731.0,False,False,bp,-2.602272727272727
6188,538.8817569377079,41,12,-21,312137,312127,312168,312130,312151,139.03571428571428,21,-4311.0,10,31,3479.0,True,False,bp,-2.602272727272727
6189,871.6633948922258,45,23,25,312203,312168,312213,312184,312206,135.3421052631579,22,-3485.0,35,10,1150.0,False,False,bp,-2.602272727272727
6190,2368.5042570705914,72,25,6,310734,310695,310767,310719,310741,265.79047619047617,22,-1642.0,39,33,4960.0,False,False,bp,-2.602272727272727
6191,1229.5606702459559,62,12,18,310807,310767,310829,310788,310823,71.34210526315789,35,-1474.0,40,22,2441.0,True,True,bp,-2.602272727272727
6192,489.74084940346296,100,-15,50,310904,310829,310929,310870,310910,136.02941176470586,40,-2051.0,75,25,2994.0,True,False,bp,-2.602272727272727
6193,804.6232513264928,33,0,17,310954,310929,310962,310935,310958,116.96710526315788,23,-1374.0,25,8,1425.0,True,False,bp,-2.602272727272727
6194,346.7512458005688,67,13,-17,310987,310962,311029,310981,311006,128.80701754385964,25,-2043.0,25,42,2024.0,False,False,bp,-2.602272727272727
6195,2451.8906484527797,50,7,0,311054,311029,311079,311044,311066,235.24166666666667,22,-4075.0,25,25,6369.0,False,False,bp,-2.602272727272727
6196,1021.1872363348973,83,5,1,311121,311079,311162,311095,311133,65.19871794871794,38,-1749.0,42,41,2372.0,True,True,bp,-2.602272727272727
6197,1559.986059928812,65,8,-7,311191,311162,311227,311176,311209,109.03333333333332,33,-2444.0,29,36,3850.0,True,True,bp,-2.602272727272727
6198,736.7860591388892,104,-12,-16,311271,311227,311331,311250,311308,73.53474903474905,58,-1983.0,44,60,2860.0,True,True,bp,-2.602272727272727
6199,821.3247230601967,64,28,16,311371,311331,311395,311354,311382,76.83957219251337,28,-2264.0,40,24,3074.0,True,True,bp,-2.602272727272727
6200,1377.6924739159626,82,8,34,311453,311395,311477,311438,311458,199.0,20,-1696.0,58,24,4047.0,True,True,bp,-2.602272727272727
6201,1593.3998792880639,51,-15,1,311503,311477,311528,311486,311515,117.82598039215686,29,-1430.0,26,25,3188.0,False,False,bp,-2.602272727272727
6202,219.6271958268679,34,10,-12,311539,311528,311562,311529,311550,58.96363636363637,21,909.0,11,23,1586.0,False,False,bp,-2.602272727272727
6203,804.6435215360577,66,-17,38,311614,311562,311628,311581,311622,54.04356060606061,41,-1398.0,52,14,1181.0,False,False,bp,-2.602272727272727
6204,668.1507781508412,58,3,36,311675,311628,311686,311646,311680,133.19310344827588,34,-5192.0,47,11,1441.0,False,False,bp,-2.602272727272727
6205,482.58488839042917,76,-7,26,311737,311686,311762,311717,311750,53.86346153846154,33,-7016.0,51,25,2337.0,False,False,bp,-2.602272727272727
6206,583.3624714309719,53,-7,-3,311787,311762,311815,311776,311800,109.56993006993008,24,-8091.0,25,28,3153.0,True,True,bp,-2.602272727272727
6207,593.8434767503762,45,11,-33,311821,311815,311860,311817,311834,171.5480769230769,17,-6980.0,6,39,4492.0,False,False,bp,-2.602272727272727
6208,328.9397427380962,37,-3,-27,311865,311860,311897,311862,311883,322.22222222222223,21,-4429.0,5,32,3899.0,False,False,bp,-2.602272727272727
6209,851.3618864680573,49,10,-35,311904,311897,311946,311901,311923,315.03508771929825,22,-3138.0,7,42,4375.0,False,False,bp,-2.602272727272727
6210,173.80572648954947,48,-27,24,311982,311946,311994,311955,311991,31.98148148148148,36,269.0,36,12,1297.0,False,False,bp,-2.602272727272727
6211,827.8673698630015,46,15,6,312020,311994,312040,312000,312027,116.78214285714287,27,-1723.0,26,20,2718.0,False,False,bp,-2.602272727272727
6212,433.8553991931223,72,-13,54,312103,312040,312112,312069,312107,112.45588235294115,38,-3579.0,63,9,1437.0,False,False,bp,-2.602272727272727
6213,999.3723509796256,50,-2,8,312141,312112,312162,312132,312150,144.83333333333331,18,-4793.0,29,21,2636.0,False,False,bp,-2.602272727272727
6214,560.0085224910106,49,-27,9,312191,312162,312211,312166,312206,42.906666666666666,40,-3199.0,29,20,2009.0,False,False,bp,-2.602272727272727
6215,852.7320427972761,67,-13,25,313808,313762,313829,313784,313822,87.13690476190477,38,2.0,46,21,2250.0,False,False,bp,0.6024096385542169
6216,467.80648219245666,83,19,-1,313870,313829,313912,313847,313877,133.73913043478262,30,989.0,41,42,3322.0,False,False,bp,0.6024096385542169
6217,1597.0675468963714,66,35,-18,313936,313912,313978,313926,313945,173.6611111111111,19,974.0,24,42,3369.0,False,False,bp,0.6024096385542169
6218,2896.522827501528,68,14,16,314020,313978,314046,313999,314027,311.11904761904765,28,-3699.0,42,26,6419.0,False,False,bp,0.6024096385542169
6219,1884.7518015623873,99,18,-17,314087,314046,314145,314069,314107,127.59722222222223,38,-1310.0,41,58,5268.0,True,True,bp,0.6024096385542169
6220,921.2337826055403,83,0,1,314187,314145,314228,314163,314209,106.41666666666666,46,-1212.0,42,41,4864.0,True,True,bp,0.6024096385542169
6221,1211.513472140985,67,12,9,314266,314228,314295,314255,314272,149.07575757575756,17,1066.0,38,29,2564.0,True,True,bp,0.6024096385542169
6222,360.6764108352916,63,-37,21,314337,314295,314358,314301,314351,46.21031746031746,50,1242.0,42,21,1232.0,True,False,bp,0.6024096385542169
6223,347.03287160540106,37,45,-13,314370,314358,314395,314364,314374,187.7083333333333,10,494.0,12,25,1871.0,False,False,bp,0.6024096385542169
6224,1839.38197679896,84,23,0,314437,314395,314479,314429,314450,232.02884615384616,21,-1914.0,42,42,4986.0,False,False,bp,0.6024096385542169
6225,2046.053881419813,66,-1,-16,314504,314479,314545,314494,314524,161.025,30,-1191.0,25,41,4614.0,True,True,bp,0.6024096385542169
6226,2181.864105335043,66,-14,-16,314570,314545,314611,314553,314592,163.06550802139037,39,-2184.0,25,41,6358.0,False,False,bp,0.6024096385542169
6227,1092.1302146814096,51,-1,33,314653,314611,314662,314617,314658,90.16666666666669,41,1095.0,42,9,1528.0,False,False,bp,0.6024096385542169
6228,1339.8506057976595,100,8,16,314720,314662,314762,314698,314734,124.85064935064936,36,-1368.0,58,42,4759.0,False,False,bp,0.6024096385542169
6229,1781.313590545328,79,4,-27,314788,314762,314841,314778,314811,190.4173913043478,33,-1825.0,26,53,4461.0,False,False,bp,0.6024096385542169
6230,563.4779846822655,38,2,-14,314853,314841,314879,314848,314876,106.41304347826087,28,1060.0,12,26,1206.0,False,False,bp,0.6024096385542169
6231,629.9612119229639,65,12,17,314920,314879,314944,314906,314925,168.10714285714286,19,-288.0,41,24,2646.0,False,False,bp,0.6024096385542169
6232,643.2476001675145,49,14,3,314970,314944,314993,314956,314974,96.58928571428572,18,237.0,26,23,1420.0,False,False,bp,0.6024096385542169
6233,728.6149120999088,52,12,4,315021,314993,315045,315006,315025,126.75833333333333,19,-1225.0,28,24,1764.0,False,False,bp,0.6024096385542169
6234,311.5345927748238,68,14,-18,315070,315045,315113,315056,315083,91.43956043956044,27,-561.0,25,43,2709.0,False,False,bp,0.6024096385542169
6235,597.8473062732774,49,-8,-3,315136,315113,315162,315124,315148,117.5,24,-642.0,23,26,2322.0,True,False,bp,0.6024096385542169
6236,162.1716906194035,49,37,-33,315170,315162,315211,315164,315179,154.86111111111111,15,175.0,8,41,2119.0,True,False,bp,0.6024096385542169
6237,741.5607504145323,51,-11,35,315254,315211,315262,315231,315258,107.21739130434784,27,-578.0,43,8,1392.0,False,False,bp,0.6024096385542169
6238,433.85074489651237,48,4,4,315288,315262,315310,315274,315293,153.14285714285714,19,-1468.0,26,22,2125.0,True,True,bp,0.6024096385542169
6239,185.05045068136315,35,16,-15,315320,315310,315345,315316,315324,215.5,8,-766.0,10,25,2229.0,True,True,bp,0.6024096385542169
6240,338.17601958871643,50,21,-34,315353,315345,315395,315348,315373,104.075,25,-234.0,8,42,1595.0,True,False,bp,0.6024096385542169
6241,499.3433619748434,64,-2,20,315437,315395,315459,315419,315447,103.33888888888887,28,-1814.0,42,22,2458.0,True,True,bp,0.6024096385542169
6242,779.9083950263811,53,-5,7,315489,315459,315512,315473,315498,87.59722222222223,25,-1568.0,30,23,1717.0,False,False,bp,0.6024096385542169
6243,451.46689268811775,33,-10,-15,315521,315512,315545,315518,315539,143.08333333333334,21,-645.0,9,24,2462.0,False,False,bp,0.6024096385542169
6244,602.9077301762505,33,-13,9,315566,315545,315578,315550,315573,102.74553571428572,23,-552.0,21,12,1866.0,True,False,bp,0.6024096385542169
6245,142.49594085180738,34,2,-16,315587,315578,315612,315583,315599,133.29166666666666,16,-487.0,9,25,1799.0,True,True,bp,0.6024096385542169
6246,111.49271771766769,33,14,-15,315621,315612,315645,315617,315631,194.925,14,-635.0,9,24,1484.0,False,False,bp,0.6024096385542169
6247,563.5484913609246,50,14,2,315671,315645,315695,315659,315680,115.04166666666666,21,-2316.0,26,24,902.0,False,False,bp,0.6024096385542169
6248,957.6635837825617,65,-4,-5,315725,315695,315760,315715,315741,105.56875,26,-4308.0,30,35,2312.0,False,False,bp,0.6024096385542169
6249,678.9609042616273,35,-4,-21,315767,315760,315795,315763,315784,122.52941176470587,21,-2989.0,7,28,3263.0,False,False,bp,0.6024096385542169
6250,315.5925713745376,33,7,-15,315804,315795,315828,315801,315815,243.42424242424244,14,-1535.0,9,24,2462.0,True,True,bp,0.6024096385542169
6251,236.8216834608028,33,-7,17,315853,315828,315861,315836,315855,103.25,19,-1451.0,25,8,848.0,False,False,bp,0.6024096385542169
6252,205.324472896895,25,19,1,315874,315861,315886,315867,315876,146.89285714285714,9,-3074.0,13,12,595.0,False,False,bp,0.6024096385542169
6253,277.7261044510825,80,-15,-10,315921,315886,315966,315904,315947,49.41289592760182,43,-4205.0,35,45,2439.0,False,False,bp,0.6024096385542169
6254,635.1776609953763,62,11,-8,315993,315966,316028,315975,316014,70.69444444444444,39,-3130.0,27,35,2753.0,False,False,bp,0.6024096385542169
6255,224.3513006737608,68,-14,50,316087,316028,316096,316064,316092,71.75652173913043,28,-3277.0,59,9,1183.0,False,False,bp,0.6024096385542169
6256,197.26127038786967,50,-5,-4,316119,316096,316146,316106,316134,43.4102564102564,28,-3274.0,23,27,2139.0,False,False,bp,0.6024096385542169
6257,217.57158259334702,67,14,-23,316168,316146,316213,316157,316183,14.466666666666665,26,-1886.0,22,45,3057.0,False,False,bp,0.6024096385542169
6258,562.4473524800879,36,21,2,316232,316213,316249,316223,316243,40.934343434343425,20,102.0,19,17,1366.0,False,False,bp,0.6024096385542169
6259,2842.9021771864172,67,18,-9,313807,313778,313845,313794,313817,305.7,23,-2809.0,29,38,6049.0,True,True,bp,0.6024096385542169
6260,2500.8475547581056,54,17,-4,313870,313845,313899,313858,313881,265.9621212121212,23,-2842.0,25,29,6143.0,True,True,bp,0.6024096385542169
6261,1987.0646367601594,63,12,7,313934,313899,313962,313921,313945,188.958041958042,24,-1562.0,35,28,4675.0,True,True,bp,0.6024096385542169
6262,930.2856885545402,72,11,10,314003,313962,314034,313981,314015,80.36742424242425,34,-461.0,41,31,2201.0,True,True,bp,0.6024096385542169
6263,1110.2097121923289,61,-1,13,314071,314034,314095,314060,314087,100.1505681818182,27,-963.0,37,24,2914.0,True,True,bp,0.6024096385542169
6264,998.2235966486534,52,12,0,314121,314095,314147,314113,314139,125.0,26,-299.0,26,26,3017.0,True,True,bp,0.6024096385542169
6265,1814.5641129797805,81,18,-3,314186,314147,314228,314177,314203,204.7156862745098,26,-1747.0,39,42,5197.0,True,True,bp,0.6024096385542169
6266,1299.0086923626939,73,10,3,314266,314228,314301,314247,314275,152.406432748538,28,-762.0,38,35,3614.0,True,True,bp,0.6024096385542169
6267,2153.756019756883,45,13,-3,314322,314301,314346,314313,314333,249.44444444444446,20,-1998.0,21,24,4988.0,True,True,bp,0.6024096385542169
6268,1368.0653851828654,67,7,-13,314373,314346,314413,314366,314389,209.76785714285717,23,-1529.0,27,40,2603.0,True,True,bp,0.6024096385542169
6269,1188.5335093477975,66,-7,-18,314437,314413,314479,314419,314458,98.82142857142857,39,-2035.0,24,42,4051.0,True,True,bp,0.6024096385542169
6270,2215.708391285252,51,14,-3,314503,314479,314530,314490,314514,234.35664335664336,24,-3401.0,24,27,5628.0,True,True,bp,0.6024096385542169
6271,1256.6946489738284,82,-16,-2,314570,314530,314612,314552,314597,120.24074074074072,45,-2375.0,40,42,5053.0,True,True,bp,0.6024096385542169
6272,1976.859278639753,63,14,-17,314635,314612,314675,314626,314647,221.625,21,-1588.0,23,40,4789.0,True,True,bp,0.6024096385542169
6273,1002.2162557344118,70,-7,-2,314709,314675,314745,314682,314723,88.45238095238096,41,-605.0,34,36,3000.0,True,True,bp,0.6024096385542169
6274,955.1670726624163,49,2,-5,314767,314745,314794,314757,314781,122.70714285714287,24,128.0,22,27,3081.0,True,True,bp,0.6024096385542169
6275,604.1380603022942,51,-7,3,314821,314794,314845,314807,314837,58.04464285714285,30,751.0,27,24,1258.0,True,True,bp,0.6024096385542169
6276,245.21176408134383,40,5,10,314870,314845,314885,314860,314876,67.76666666666667,16,1158.0,25,15,1182.0,True,True,bp,0.6024096385542169
6277,577.1721752372838,44,2,-6,314904,314885,314929,314897,314916,124.03571428571428,19,404.0,19,25,1709.0,True,True,bp,0.6024096385542169
6278,619.4764953583236,50,12,0,314954,314929,314979,314937,314967,57.38235294117647,30,-664.0,25,25,1135.0,False,False,bp,0.6024096385542169
6279,1145.4340733312456,82,14,2,315021,314979,315061,315009,315030,191.36111111111111,21,-3500.0,42,40,4253.0,False,False,bp,0.6024096385542169
6280,842.903409532486,47,-1,-5,315082,315061,315108,315065,315092,88.84117647058822,27,-1943.0,21,26,1677.0,True,False,bp,0.6024096385542169
6281,933.475978154106,60,-12,10,315143,315108,315168,315118,315155,73.78,37,-2798.0,35,25,3056.0,True,True,bp,0.6024096385542169
6282,765.2702972613733,67,-5,1,315202,315168,315235,315180,315215,81.62762237762237,35,-1797.0,34,33,2510.0,True,True,bp,0.6024096385542169
6283,338.25587375215116,32,10,10,315256,315235,315267,315245,315257,101.0,12,-1305.0,21,11,489.0,False,False,bp,0.6024096385542169
6284,314.151548448677,44,4,-12,315283,315267,315311,315279,315295,170.0,16,-2085.0,16,28,1768.0,False,False,bp,0.6024096385542169
6285,412.0720143156642,51,14,-33,315320,315311,315362,315315,315335,96.83333333333331,20,-1693.0,9,42,2525.0,True,False,bp,0.6024096385542169
6286,595.2244446778426,67,-15,-27,315382,315362,315429,315369,315409,80.73646723646723,40,-1580.0,20,47,3197.0,True,True,bp,0.6024096385542169
6287,517.5695693741793,45,18,-23,315440,315429,315474,315434,315449,145.11111111111111,15,-530.0,11,34,2203.0,True,True,bp,0.6024096385542169
6288,940.4157897934404,64,-12,-4,315504,315474,315538,315482,315524,71.23863636363637,42,-1253.0,30,34,3274.0,True,True,bp,0.6024096385542169
6289,802.9965322629088,74,-25,-8,315571,315538,315612,315554,315598,66.89106753812636,44,-1263.0,33,41,2809.0,True,True,bp,0.6024096385542169
6290,440.25968678403717,49,-9,27,315650,315612,315661,315617,315656,72.05303030303031,39,-428.0,38,11,1823.0,True,True,bp,0.6024096385542169
6291,217.91044662793462,51,-6,33,315703,315661,315712,315686,315709,60.84803921568627,23,-883.0,42,9,1075.0,False,False,bp,0.6024096385542169
6292,513.994976008193,50,-12,0,315737,315712,315762,315726,315753,73.26988636363637,27,-1599.0,25,25,2612.0,False,False,bp,0.6024096385542169
6293,598.7133814359278,52,-7,-22,315777,315762,315814,315768,315807,51.77777777777778,39,4.0,15,37,2714.0,False,False,bp,0.6024096385542169
6294,351.602110406228,48,0,24,315850,315814,315862,315839,315856,64.47727272727272,17,468.0,36,12,636.0,False,False,bp,0.6024096385542169
6295,962.1891594097448,36,-3,8,315884,315862,315898,315873,315890,173.59848484848487,17,-2885.0,22,14,2163.0,False,False,bp,0.6024096385542169
6296,422.2573241538378,46,-6,4,315923,315898,315944,315904,315931,7.572368421052633,27,-2243.0,25,21,991.0,True,True,bp,0.6024096385542169
6297,492.3746548593029,34,-10,-12,315955,315944,315978,315952,315974,132.99122807017542,22,-2260.0,11,23,2732.0,False,False,bp,0.6024096385542169
6298,653.3801157186429,46,-3,-4,315999,315978,316024,315986,316010,73.3006993006993,24,-1414.0,21,25,2355.0,True,True,bp,0.6024096385542169
6299,613.4345640383698,54,18,-26,316038,316024,316078,316031,316054,128.16517857142856,23,-1852.0,14,40,1491.0,False,False,bp,0.6024096385542169
6300,1108.354186482371,44,5,6,316103,316078,316122,316095,316115,177.02083333333337,20,-3744.0,25,19,2659.0,False,False,bp,0.6024096385542169
6301,696.2694606195524,40,-8,24,316154,316122,316162,316140,316158,99.71428571428572,18,-3456.0,32,8,1804.0,False,False,bp,0.6024096385542169
6302,501.53735812534006,49,0,-23,316175,316162,316211,316168,316204,55.97536945812808,36,-2130.0,13,36,3648.0,False,False,bp,0.6024096385542169
6303,743.7342967973365,70,-2,42,316267,316211,316281,316240,316275,105.22222222222223,35,-661.0,56,14,2582.0,True,False,bp,0.6024096385542169
6304,1174.2732886300196,51,-8,3,317805,317778,317829,317795,317822,112.65294117647059,27,-1058.0,27,24,2048.0,True,True,bp,-1.2203389830508475
6305,238.6382996575436,49,-9,3,317855,317829,317878,317841,317866,41.56493506493506,25,-1186.0,26,23,1006.0,False,False,bp,-1.2203389830508475
6306,853.9782604866227,47,-8,-27,317888,317878,317925,317882,317910,152.1060606060606,28,-2663.0,10,37,2882.0,False,False,bp,-1.2203389830508475
6307,398.0771798296407,37,6,-13,317937,317925,317962,317930,317949,147.92857142857144,19,-1667.0,12,25,2643.0,True,True,bp,-1.2203389830508475
6308,1150.874115749343,51,16,-3,317986,317962,318013,317974,317996,98.74166666666667,22,-1827.0,24,27,3537.0,True,True,bp,-1.2203389830508475
6309,1845.5069709694349,67,23,-15,318039,318013,318080,318034,318057,258.23333333333335,23,-1874.0,26,41,4594.0,True,True,bp,-1.2203389830508475
6310,2460.838985393681,75,17,-3,318116,318080,318155,318103,318129,220.38461538461542,26,-2861.0,36,39,6121.0,True,True,bp,-1.2203389830508475
6311,1877.667186885384,89,5,-35,318182,318155,318244,318172,318209,174.48888888888888,37,-1626.0,27,62,5619.0,True,False,bp,-1.2203389830508475
6312,3198.2421835850646,48,1,-18,318259,318244,318292,318251,318276,277.6985294117647,25,-1954.0,15,33,5731.0,True,False,bp,-1.2203389830508475
6313,1525.9926680284402,59,-19,29,318336,318292,318351,318302,318342,173.22549019607845,40,-2770.0,44,15,3582.0,True,True,bp,-1.2203389830508475
6314,750.6398726366922,78,-8,-6,318387,318351,318429,318363,318410,60.89402173913044,47,-1163.0,36,42,3550.0,True,True,bp,-1.2203389830508475
6315,749.0368406814129,66,-7,-10,318457,318429,318495,318449,318480,121.65489130434784,31,104.0,28,38,2293.0,True,True,bp,-1.2203389830508475
6316,1496.6810281779929,50,-2,-2,318519,318495,318545,318504,318529,180.81666666666663,25,-1241.0,24,26,4544.0,True,True,bp,-1.2203389830508475
6317,1471.2320471469798,51,3,7,318574,318545,318596,318552,318587,94.79020979020979,35,21.0,29,22,3178.0,True,True,bp,-1.2203389830508475
6318,753.2006996973096,82,10,6,318640,318596,318678,318625,318658,75.87222222222222,33,890.0,44,38,1800.0,False,False,bp,-1.2203389830508475
6319,1447.9603605754044,67,-4,17,318720,318678,318745,318701,318733,124.21659919028342,32,-1772.0,42,25,3587.0,False,False,bp,-1.2203389830508475
6320,622.1483505109662,50,10,-2,318769,318745,318795,318761,318775,136.9375,14,298.0,24,26,2416.0,False,False,bp,-1.2203389830508475
6321,286.74510595191225,34,16,-18,318803,318795,318829,318799,318815,137.95833333333334,16,1310.0,8,26,1475.0,True,False,bp,-1.2203389830508475
6322,1100.6618488614324,61,10,-9,318855,318829,318890,318847,318872,115.24632352941177,25,214.0,26,35,2103.0,True,False,bp,-1.2203389830508475
6323,1901.9632396497195,71,3,-3,318924,318890,318961,318907,318939,167.5862745098039,32,-1729.0,34,37,5659.0,True,True,bp,-1.2203389830508475
6324,1794.6252201797754,52,-2,26,319000,318961,319013,318974,319005,146.34230769230768,31,-1096.0,39,13,2620.0,True,True,bp,-1.2203389830508475
6325,1053.6665738522638,83,4,31,319070,319013,319096,319034,319074,221.27777777777774,40,-1372.0,57,26,4169.0,True,True,bp,-1.2203389830508475
6326,1172.455347678692,65,45,17,319137,319096,319161,319118,319141,153.6184210526316,23,-464.0,41,24,1830.0,False,False,bp,-1.2203389830508475
6327,1371.5743333865482,88,-6,30,319220,319161,319249,319209,319238,148.85353535353534,29,-2850.0,59,29,3696.0,False,False,bp,-1.2203389830508475
6328,1477.6072670364194,46,5,-4,319270,319249,319295,319261,319278,201.36805555555557,17,-1779.0,21,25,4637.0,True,False,bp,-1.2203389830508475
6329,640.6542354748657,26,14,-8,319304,319295,319321,319300,319309,265.225,9,-36.0,9,17,1068.0,False,False,bp,-1.2203389830508475
6330,234.21307535363363,28,11,4,319337,319321,319349,319332,319342,156.3,10,-556.0,16,12,1848.0,True,True,bp,-1.2203389830508475
6331,1145.5416948225466,46,24,-4,319370,319349,319395,319363,319377,232.85714285714286,14,-1459.0,21,25,3949.0,True,False,bp,-1.2203389830508475
6332,1667.3383171075825,56,4,14,319430,319395,319451,319415,319438,155.25,23,-2480.0,35,21,2185.0,False,False,bp,-1.2203389830508475
6333,783.4612250795933,78,19,-40,319470,319451,319529,319465,319491,149.8761904761905,26,-2354.0,19,59,3582.0,False,False,bp,-1.2203389830508475
6334,493.63904426656916,33,7,9,319550,319529,319562,319536,319557,72.75,21,-378.0,21,12,1483.0,False,False,bp,-1.2203389830508475
6335,232.44670917732438,55,-12,27,319603,319562,319617,319585,319610,103.09920634920636,25,-1879.0,41,14,1593.0,False,False,bp,-1.2203389830508475
6336,559.2454959407827,73,-20,-31,319638,319617,319690,319623,319674,62.59722222222222,51,-2435.0,21,52,4057.0,True,False,bp,-1.2203389830508475
6337,396.1265120407591,54,-20,28,319731,319690,319744,319705,319737,62.33333333333334,32,-1426.0,41,13,1445.0,False,False,bp,-1.2203389830508475
6338,475.8963721713109,52,-19,10,319775,319744,319796,319749,319789,48.13186813186813,40,-1969.0,31,21,1712.0,True,True,bp,-1.2203389830508475
6339,197.7886573755297,49,-7,33,319837,319796,319845,319810,319842,76.23703703703706,32,-2754.0,41,8,1263.0,False,False,bp,-1.2203389830508475
6340,563.2939377691765,49,-13,27,319883,319845,319894,319867,319889,97.59375,22,-4058.0,38,11,1635.0,False,False,bp,-1.2203389830508475
6341,355.74551312254187,47,-1,5,319920,319894,319941,319898,319925,80.33636363636364,27,-3668.0,26,21,1391.0,True,False,bp,-1.2203389830508475
6342,304.0941671110525,25,27,3,319955,319941,319966,319951,319958,192.54166666666669,7,-3936.0,14,11,1014.0,False,False,bp,-1.2203389830508475
6343,468.38514609330656,63,-24,21,320008,319966,320029,319992,320027,72.74013157894737,35,-6107.0,42,21,1827.0,False,False,bp,-1.2203389830508475
6344,350.6648555749877,50,-19,-8,320050,320029,320079,320038,320071,43.47619047619048,33,-6175.0,21,29,2922.0,True,True,bp,-1.2203389830508475
6345,622.0673130613477,47,-11,-21,320092,320079,320126,320085,320114,108.99675324675327,29,-5129.0,13,34,4176.0,False,False,bp,-1.2203389830508475
6346,734.0368438858768,52,-13,2,320153,320126,320178,320132,320163,94.21428571428572,31,-3610.0,27,25,2775.0,True,True,bp,-1.2203389830508475
6347,725.5352301326294,39,-15,11,320203,320178,320217,320181,320210,107.59740259740259,29,-2985.0,25,14,2578.0,False,False,bp,-1.2203389830508475
6348,533.9630430497714,50,-10,-14,320235,320217,320267,320224,320257,33.93181818181818,33,-1542.0,18,32,1641.0,False,False,bp,-1.2203389830508475
6349,840.6246820809648,34,11,8,320288,320267,320301,320280,320293,183.125,13,-2580.0,21,13,2244.0,True,False,bp,-1.2203389830508475
6350,249.07616203360325,76,10,-32,320323,320301,320377,320317,320344,133.11904761904762,27,-2771.0,22,54,2183.0,False,False,bp,-1.2203389830508475
6351,140.9837313567397,32,-2,-12,320387,320377,320409,320381,320399,78.875,18,-1444.0,10,22,2090.0,False,False,bp,-1.2203389830508475
6352,891.3909446753752,36,19,-14,320420,320409,320445,320415,320432,221.98333333333332,17,-1806.0,11,25,3759.0,True,False,bp,-1.2203389830508475
6353,644.734414515622,67,19,19,317804,317761,317828,317797,317809,188.5142857142857,12,-1678.0,43,24,1895.0,True,True,bp,-1.2203389830508475
6354,450.50983116204765,65,-26,21,317871,317828,317893,317840,317882,84.8782991202346,42,-2824.0,43,22,2581.0,True,True,bp,-1.2203389830508475
6355,849.247141977852,40,-4,14,317920,317893,317933,317898,317924,104.92045454545456,26,-3707.0,27,13,1808.0,True,False,bp,-1.2203389830508475
6356,354.1731183046151,47,2,-17,317948,317933,317980,317946,317967,221.75,21,-3270.0,15,32,3185.0,False,False,bp,-1.2203389830508475
6357,659.6671533643495,53,1,-7,318003,317980,318033,317990,318016,130.15384615384616,26,-3249.0,23,30,1805.0,True,True,bp,-1.2203389830508475
6358,548.1689084948956,61,5,-21,318053,318033,318094,318043,318071,118.74444444444444,28,-3171.0,20,41,3399.0,True,True,bp,-1.2203389830508475
6359,1083.3156124004097,67,9,-15,318120,318094,318161,318104,318134,106.55803571428572,30,-2769.0,26,41,3290.0,True,True,bp,-1.2203389830508475
6360,830.3267480149199,67,1,-15,318187,318161,318228,318173,318206,75.71240601503759,33,-1752.0,26,41,3115.0,True,True,bp,-1.2203389830508475
6361,463.53758917033815,67,-39,19,318271,318228,318295,318240,318290,41.30220713073005,50,-1836.0,43,24,1507.0,False,False,bp,-1.2203389830508475
6362,302.44841918104873,39,-4,9,318319,318295,318334,318301,318327,39.923611111111114,26,-1372.0,24,15,988.0,False,False,bp,-1.2203389830508475
6363,2156.5279151406376,60,5,12,318370,318334,318394,318349,318376,233.4642857142857,27,-4503.0,36,24,4988.0,False,False,bp,-1.2203389830508475
6364,1470.3368851412954,57,-1,5,318425,318394,318451,318408,318442,97.38235294117645,34,-2327.0,31,26,3965.0,True,True,bp,-1.2203389830508475
6365,1311.0806950145575,61,-1,21,318492,318451,318512,318475,318504,127.22058823529413,29,-2601.0,41,20,3228.0,False,False,bp,-1.2203389830508475
6366,213.21385847744372,77,-10,7,318554,318512,318589,318532,318571,40.720588235294116,39,-656.0,42,35,1239.0,False,False,bp,-1.2203389830508475
6367,513.5680475481014,39,10,-9,318604,318589,318628,318600,318611,167.33928571428572,11,-612.0,15,24,2575.0,False,False,bp,-1.2203389830508475
6368,1193.1316998658235,53,-14,-3,318653,318628,318681,318632,318668,99.48571428571428,36,-515.0,25,28,3592.0,True,True,bp,-1.2203389830508475
6369,1250.662717839791,60,-4,18,318720,318681,318741,318690,318725,144.63333333333333,35,-688.0,39,21,2478.0,True,True,bp,-1.2203389830508475
6370,1207.2404319916627,55,14,3,318770,318741,318796,318756,318776,136.14285714285714,20,-849.0,29,26,3263.0,True,True,bp,-1.2203389830508475
6371,563.5903189233787,49,-5,1,318821,318796,318845,318810,318833,89.67424242424242,23,-122.0,25,24,907.0,False,False,bp,-1.2203389830508475
6372,785.7506777240343,50,9,-6,318867,318845,318895,318851,318875,115.46875,24,-993.0,22,28,2535.0,True,True,bp,-1.2203389830508475
6373,854.3911367377355,66,7,-14,318921,318895,318961,318908,318939,79.47435897435899,31,-695.0,26,40,3099.0,True,True,bp,-1.2203389830508475
6374,1434.2681104562296,67,-1,-15,318987,318961,319028,318977,319005,161.17777777777778,28,-2514.0,26,41,2184.0,False,False,bp,-1.2203389830508475
6375,671.3472712909702,83,16,-27,319056,319028,319111,319032,319067,81.125,35,-1914.0,28,55,3302.0,False,False,bp,-1.2203389830508475
6376,1272.049252480927,50,24,2,319137,319111,319161,319118,319151,101.76691729323306,33,-1996.0,26,24,3030.0,True,False,bp,-1.2203389830508475
6377,1632.7713218637216,84,7,36,319221,319161,319245,319208,319232,175.7657342657343,24,-2826.0,60,24,4615.0,True,False,bp,-1.2203389830508475
6378,1178.2346470858988,61,-10,-11,319270,319245,319306,319263,319293,133.97826086956522,30,-864.0,25,36,2779.0,True,True,bp,-1.2203389830508475
6379,1318.192148354762,45,-1,-17,319320,319306,319351,319313,319338,194.5436507936508,25,-1971.0,14,31,3565.0,True,True,bp,-1.2203389830508475
6380,2546.516578569848,60,4,-20,319371,319351,319411,319362,319389,245.5555555555556,27,-3309.0,20,40,7639.0,True,True,bp,-1.2203389830508475
6381,4195.885324763313,50,11,-6,319433,319411,319461,319420,319444,367.2062937062937,24,-4384.0,22,28,8783.0,True,True,bp,-1.2203389830508475
6382,2097.2778341124913,67,5,-15,319487,319461,319528,319479,319504,256.3161764705883,25,-1402.0,26,41,4841.0,False,False,bp,-1.2203389830508475
6383,498.27133881047445,33,18,-13,319538,319528,319561,319534,319545,175.57142857142856,11,1655.0,10,23,1575.0,False,False,bp,-1.2203389830508475
6384,906.4545764826064,46,24,2,319585,319561,319607,319574,319591,201.43939393939397,17,-99.0,24,22,2263.0,False,False,bp,-1.2203389830508475
6385,895.3619136560102,104,-35,26,319672,319607,319711,319632,319691,85.6125,59,-434.0,65,39,2702.0,True,False,bp,-1.2203389830508475
6386,990.2805149028476,62,-2,-10,319737,319711,319773,319715,319748,107.22727272727272,33,-1526.0,26,36,2081.0,True,False,bp,-1.2203389830508475
6387,134.36445505412698,28,15,-8,319783,319773,319801,319779,319788,185.825,9,-1336.0,10,18,1121.0,False,False,bp,-1.2203389830508475
6388,1002.0120461780299,51,-2,-15,319819,319801,319852,319812,319840,110.09523809523809,28,-2563.0,18,33,2374.0,False,False,bp,-1.2203389830508475
6389,532.6686680659268,77,-35,25,319903,319852,319929,319866,319921,51.39864864864865,55,-3561.0,51,26,1972.0,True,True,bp,-1.2203389830508475
6390,629.4226933334372,82,34,-30,319955,319929,320011,319941,319974,82.5827067669173,33,-5025.0,26,56,2615.0,True,False,bp,-1.2203389830508475
6391,581.9399097266753,56,3,30,320054,320011,320067,320041,320060,69.8974358974359,19,-4137.0,43,13,1858.0,False,False,bp,-1.2203389830508475
6392,645.7480009946295,45,-7,-5,320087,320067,320112,320082,320104,55.31176470588235,22,-3193.0,20,25,2830.0,False,False,bp,-1.2203389830508475
6393,558.7684914818539,35,8,-13,320123,320112,320147,320119,320131,282.125,12,-2851.0,11,24,2477.0,True,True,bp,-1.2203389830508475
6394,758.296780451367,34,12,-18,320155,320147,320181,320151,320172,205.1102941176471,21,-2317.0,8,26,2776.0,True,False,bp,-1.2203389830508475
6395,500.769050558969,64,-23,26,320226,320181,320245,320205,320239,75.81868131868131,34,-1580.0,45,19,3760.0,True,False,bp,-1.2203389830508475
6396,438.22676814641295,33,17,-15,320254,320245,320278,320250,320266,249.33333333333331,16,-596.0,9,24,2725.0,True,False,bp,-1.2203389830508475
6397,560.6313406658109,53,10,-1,320304,320278,320331,320299,320315,169.2090909090909,16,-484.0,26,27,1808.0,True,True,bp,-1.2203389830508475
6398,435.23779236643617,46,-2,30,320369,320331,320377,320341,320371,99.46428571428572,30,-1067.0,38,8,1362.0,True,False,bp,-1.2203389830508475
6399,266.10129907626344,41,5,9,320402,320377,320418,320399,320407,223.8,8,-976.0,25,16,2354.0,True,True,bp,-1.2203389830508475
6400,208.71131554068074,26,9,10,320436,320418,320444,320420,320437,57.34375,17,122.0,18,8,473.0,False,False,bp,-1.2203389830508475
6401,2208.1715795172518,62,2,-4,321841,321812,321874,321832,321856,209.55555555555557,24,-2082.0,29,33,5416.0,False,False,bp,2.4727272727272727
6402,439.1371978382321,39,32,-13,321887,321874,321913,321882,321890,184.06666666666663,8,1784.0,13,26,1345.0,False,False,bp,2.4727272727272727
6403,3230.344603899657,65,15,-13,321939,321913,321978,321930,321957,298.91666666666663,27,-3738.0,26,39,6084.0,False,False,bp,2.4727272727272727
6404,3575.3924912218786,56,33,16,322014,321978,322034,321999,322022,322.025,23,-3602.0,36,20,6920.0,True,False,bp,2.4727272727272727
6405,2303.177991421635,95,41,15,322089,322034,322129,322078,322107,220.80555555555557,29,-3097.0,55,40,5743.0,True,False,bp,2.4727272727272727
6406,2548.3646187128,99,-2,17,322187,322129,322228,322177,322205,231.72222222222226,28,-3601.0,58,41,5517.0,False,False,bp,2.4727272727272727
6407,835.6345305496224,67,15,-49,322237,322228,322295,322231,322266,75.27298850574712,35,949.0,9,58,2762.0,False,False,bp,2.4727272727272727
6408,1182.5617977208053,85,2,1,322338,322295,322380,322316,322355,94.5788770053476,39,-334.0,43,42,4034.0,False,False,bp,2.4727272727272727
6409,1701.5552127003002,49,46,-3,322403,322380,322429,322396,322409,258.8095238095238,13,1952.0,23,26,5308.0,False,False,bp,2.4727272727272727
6410,1934.475705466171,99,-4,17,322487,322429,322528,322468,322503,198.16282894736844,35,-1807.0,58,41,4718.0,True,True,bp,2.4727272727272727
6411,1655.695369563725,67,-5,-17,322553,322528,322595,322534,322573,101.26447368421051,39,-55.0,25,42,4911.0,True,True,bp,2.4727272727272727
6412,2307.029681331849,67,4,-9,322624,322595,322662,322607,322641,155.17647058823533,34,-1233.0,29,38,4324.0,True,True,bp,2.4727272727272727
6413,2375.0606672840618,50,7,2,322688,322662,322712,322679,322701,283.35042735042737,22,-2503.0,26,24,5779.0,False,False,bp,2.4727272727272727
6414,789.2335557908724,49,12,1,322737,322712,322761,322730,322749,94.60714285714286,19,2150.0,25,24,2620.0,False,False,bp,2.4727272727272727
6415,1989.367006879299,68,8,4,322797,322761,322829,322780,322811,168.26890756302518,31,-725.0,36,32,5074.0,False,False,bp,2.4727272727272727
6416,656.9900875568703,111,-45,7,322888,322829,322940,322850,322924,48.036549707602326,74,1132.0,59,52,4110.0,True,True,bp,2.4727272727272727
6417,2015.095427822494,73,-11,-5,322974,322940,323013,322953,323000,136.2554945054945,47,-873.0,34,39,6096.0,True,True,bp,2.4727272727272727
6418,994.1659586494119,65,-24,41,323066,323013,323078,323036,323072,77.78333333333333,36,131.0,53,12,845.0,False,False,bp,2.4727272727272727
6419,489.0142526471589,51,-10,-1,323103,323078,323129,323084,323121,66.32456140350878,37,-406.0,25,26,3366.0,False,False,bp,2.4727272727272727
6420,1122.4877223744409,49,1,13,323160,323129,323178,323148,323172,73.375,24,2017.0,31,18,2626.0,False,False,bp,2.4727272727272727
6421,702.2740330869693,51,-23,39,323223,323178,323229,323197,323227,71.10576923076924,30,-326.0,45,6,318.0,False,False,bp,2.4727272727272727
6422,513.8518099008387,72,19,-24,323253,323229,323301,323234,323264,84.12918660287082,30,-1842.0,24,48,1744.0,False,False,bp,2.4727272727272727
6423,931.039043025679,44,42,-6,323320,323301,323345,323313,323325,188.88571428571427,12,-1394.0,19,25,2980.0,False,False,bp,2.4727272727272727
6424,1398.847057973988,106,6,-12,323392,323345,323451,323379,323421,157.18965517241378,42,-5123.0,47,59,3375.0,False,False,bp,2.4727272727272727
6425,1343.496010732995,44,28,-4,323471,323451,323495,323469,323482,168.9318181818182,13,-2273.0,20,24,4114.0,False,False,bp,2.4727272727272727
6426,3066.4069052608424,86,9,-2,323537,323495,323581,323523,323550,317.16208791208794,27,-7314.0,42,44,7917.0,False,False,bp,2.4727272727272727
6427,1492.0349996527232,47,9,3,323606,323581,323628,323586,323611,131.9,25,-2387.0,25,22,2289.0,False,False,bp,2.4727272727272727
6428,360.8764574562617,50,5,0,323653,323628,323678,323645,323664,89.42045454545455,19,-2400.0,25,25,1009.0,False,False,bp,2.4727272727272727
6429,553.9024904588795,50,-16,2,323704,323678,323728,323688,323717,49.88942307692307,29,-4019.0,26,24,2516.0,False,False,bp,2.4727272727272727
6430,374.4793213949534,33,2,-15,323737,323728,323761,323730,323748,119.08441558441557,18,-2735.0,9,24,3130.0,False,False,bp,2.4727272727272727
6431,830.8010754040489,50,1,-6,323783,323761,323811,323768,323797,73.17619047619047,29,-1886.0,22,28,1230.0,True,True,bp,2.4727272727272727
6432,490.3832236223996,67,-35,17,323853,323811,323878,323827,323872,47.195344129554655,45,-2822.0,42,25,1779.0,True,False,bp,2.4727272727272727
6433,478.6685649068722,50,-17,-26,323890,323878,323928,323882,323915,105.7625,33,-3254.0,12,38,2033.0,True,True,bp,2.4727272727272727
6434,710.5006857157936,50,10,-32,323937,323928,323978,323931,323959,103.83333333333331,28,-2653.0,9,41,2890.0,False,False,bp,2.4727272727272727
6435,411.6409143275872,49,-8,33,324019,323978,324027,323997,324022,87.58333333333331,25,-1620.0,41,8,1357.0,True,False,bp,2.4727272727272727
6436,401.29076376943914,47,9,5,324053,324027,324074,324039,324057,94.71428571428572,18,-2499.0,26,21,1105.0,False,False,bp,2.4727272727272727
6437,511.3328956852628,38,-7,-10,324088,324074,324112,324084,324105,128.22794117647058,21,-3182.0,14,24,1080.0,True,True,bp,2.4727272727272727
6438,356.11658292367036,33,-1,-9,324124,324112,324145,324119,324136,109.40833333333332,17,-3322.0,12,21,1751.0,True,True,bp,2.4727272727272727
6439,366.4408331669613,49,-31,15,324177,324145,324194,324152,324190,36.153846153846146,38,-3435.0,32,17,1461.0,True,False,bp,2.4727272727272727
6440,501.7284778094069,58,25,-40,324203,324194,324252,324197,324218,181.6833333333333,21,-4449.0,9,49,3418.0,True,False,bp,2.4727272727272727
6441,785.7469472214236,60,20,-22,324271,324252,324312,324264,324284,151.56593406593407,20,-3252.0,19,41,2754.0,True,True,bp,2.4727272727272727
6442,310.8043782929504,51,-17,35,324355,324312,324363,324324,324358,89.91397849462366,34,-2549.0,43,8,1303.0,True,False,bp,2.4727272727272727
6443,245.6967623608337,50,-19,10,324393,324363,324413,324375,324406,31.63888888888889,31,-2291.0,30,20,1938.0,True,True,bp,2.4727272727272727
6444,421.67896930777334,70,-12,-48,324424,324413,324483,324418,324472,74.44791666666667,54,-1734.0,11,59,2906.0,False,False,bp,2.4727272727272727
6445,1080.2229033269143,79,30,-3,324521,324483,324562,324514,324533,187.91666666666669,19,-2076.0,38,41,3359.0,True,True,bp,2.4727272727272727
6446,426.6022007017292,66,-10,16,324603,324562,324628,324582,324617,42.464285714285715,35,-1714.0,41,25,1311.0,False,False,bp,2.4727272727272727
6447,2796.2489596584296,63,12,9,321864,321828,321891,321845,321873,232.640350877193,28,-2858.0,36,27,5826.0,True,True,bp,2.4727272727272727
6448,2778.1255725921765,77,0,-17,321921,321891,321968,321913,321947,318.19711538461536,34,-4345.0,30,47,7188.0,True,True,bp,2.4727272727272727
6449,4251.943981460518,61,15,-13,321992,321968,322029,321981,322007,363.0,26,-6436.0,24,37,8878.0,True,True,bp,2.4727272727272727
6450,4176.006702174323,62,9,-2,322059,322029,322091,322048,322070,369.8181818181818,22,-5856.0,30,32,8104.0,True,True,bp,2.4727272727272727
6451,3319.210807881057,60,8,-10,322116,322091,322151,322101,322131,270.23333333333335,30,-4730.0,25,35,8101.0,True,True,bp,2.4727272727272727
6452,2367.8921514333733,61,5,1,322182,322151,322212,322169,322197,203.25384615384613,28,-2203.0,31,30,4103.0,True,True,bp,2.4727272727272727
6453,1532.9723188217258,67,-11,-11,322240,322212,322279,322230,322263,198.2217391304348,33,-3125.0,28,39,3985.0,False,False,bp,2.4727272727272727
6454,579.1107406179709,38,7,-18,322289,322279,322317,322285,322305,179.15625,20,-834.0,10,28,3666.0,False,False,bp,2.4727272727272727
6455,1220.7957116927385,61,10,5,322350,322317,322378,322332,322356,121.02777777777777,24,36.0,33,28,2327.0,True,True,bp,2.4727272727272727
6456,941.0838608354228,45,20,5,322403,322378,322423,322390,322408,127.4,18,998.0,25,20,2496.0,False,False,bp,2.4727272727272727
6457,1672.6057487344785,72,5,-10,322454,322423,322495,322446,322473,249.05592105263162,27,-1871.0,31,41,4350.0,False,False,bp,2.4727272727272727
6458,714.0350756721574,85,-25,-35,322520,322495,322580,322505,322558,83.94824561403509,53,-850.0,25,60,4148.0,False,False,bp,2.4727272727272727
6459,286.2124125304672,32,-9,2,322597,322580,322612,322586,322607,44.57727272727273,21,2144.0,17,15,727.0,False,False,bp,2.4727272727272727
6460,870.6303704541657,50,-8,0,322637,322612,322662,322619,322648,119.15404040404042,29,-1023.0,25,25,2019.0,False,False,bp,2.4727272727272727
6461,1000.6758990712848,50,13,-20,322677,322662,322712,322669,322694,152.20588235294116,25,-1167.0,15,35,4770.0,False,False,bp,2.4727272727272727
6462,379.5564393539517,63,0,19,322753,322712,322775,322732,322759,76.39285714285714,27,1632.0,41,22,1237.0,False,False,bp,2.4727272727272727
6463,1450.0201270323873,61,-9,-5,322803,322775,322836,322786,322821,121.60457516339869,35,-1504.0,28,33,3914.0,False,False,bp,2.4727272727272727
6464,1282.2743875532526,42,-1,4,322859,322836,322878,322847,322872,110.46794871794873,25,231.0,23,19,3426.0,True,True,bp,2.4727272727272727
6465,2474.278457485207,66,4,4,322913,322878,322944,322896,322925,181.9583333333333,29,-1028.0,35,31,4903.0,True,True,bp,2.4727272727272727
6466,2792.2257334073292,67,0,-13,322971,322944,323011,322958,322992,228.470695970696,34,-3021.0,27,40,8223.0,True,True,bp,2.4727272727272727
6467,1150.7503577165314,50,-9,32,323052,323011,323061,323026,323057,105.31923076923077,31,320.0,41,9,1345.0,False,False,bp,2.4727272727272727
6468,2443.633076850836,67,17,-15,323087,323061,323128,323079,323104,273.74264705882354,25,-4172.0,26,41,6546.0,False,False,bp,2.4727272727272727
6469,3084.842315275889,62,-1,-10,323154,323128,323190,323146,323173,264.8355263157895,27,-3084.0,26,36,6854.0,True,True,bp,2.4727272727272727
6470,1590.5905901112344,38,24,-10,323204,323190,323228,323199,323212,276.9375,13,-15.0,14,24,2052.0,True,True,bp,2.4727272727272727
6471,730.3618090145465,55,-10,21,323266,323228,323283,323249,323276,74.72647058823529,27,-1259.0,38,17,1250.0,False,False,bp,2.4727272727272727
6472,2299.5245373477082,58,3,-16,323304,323283,323341,323293,323320,226.48011363636363,27,-5120.0,21,37,6745.0,False,False,bp,2.4727272727272727
6473,825.6047968005043,39,19,-13,323354,323341,323380,323350,323366,175.20833333333337,16,-281.0,13,26,2433.0,False,False,bp,2.4727272727272727
6474,1957.3225085182055,65,6,13,323419,323380,323445,323401,323428,182.69444444444446,27,-3171.0,39,26,4069.0,False,False,bp,2.4727272727272727
6475,3746.3734345610933,63,15,-13,323470,323445,323508,323461,323483,385.491452991453,22,-6390.0,25,38,9207.0,True,True,bp,2.4727272727272727
6476,2572.2089242977067,56,2,2,323537,323508,323564,323520,323555,168.68464052287584,35,-3136.0,29,27,5437.0,True,True,bp,2.4727272727272727
6477,1623.5049765202216,81,-5,3,323606,323564,323645,323592,323623,127.31932773109243,31,-2017.0,42,39,3813.0,False,False,bp,2.4727272727272727
6478,348.05012659875143,34,-6,8,323666,323645,323679,323649,323676,47.697058823529424,27,419.0,21,13,1376.0,False,False,bp,2.4727272727272727
6479,1001.1510614666527,48,12,10,323708,323679,323727,323697,323722,101.83116883116884,25,-1193.0,29,19,1883.0,False,False,bp,2.4727272727272727
6480,538.0767521588591,113,-31,31,323799,323727,323840,323759,323819,68.4,60,-2718.0,72,41,1963.0,True,False,bp,2.4727272727272727
6481,977.1627163585588,44,27,-16,323854,323840,323884,323848,323866,171.75,18,-3727.0,14,30,2535.0,True,False,bp,2.4727272727272727
6482,309.7861422104936,47,4,27,323921,323884,323931,323911,323924,209.9333333333333,13,-5363.0,37,10,1924.0,False,False,bp,2.4727272727272727
6483,707.3240309180493,59,4,-13,323954,323931,323990,323941,323967,120.34615384615385,26,-7260.0,23,36,3613.0,True,True,bp,2.4727272727272727
6484,1328.763849101755,37,25,-11,324003,323990,324027,323997,324014,224.6136363636364,17,-6292.0,13,24,4512.0,True,True,bp,2.4727272727272727
6485,478.9478229303176,58,3,34,324073,324027,324085,324056,324077,96.85294117647058,21,-5490.0,46,12,284.0,False,False,bp,2.4727272727272727
6486,571.0419187529229,44,-4,2,324108,324085,324129,324101,324124,98.17410714285714,23,-6824.0,23,21,2193.0,False,False,bp,2.4727272727272727
6487,637.1204389096903,40,-1,8,324153,324129,324169,324143,324160,241.99285714285716,17,-7553.0,24,16,3386.0,False,False,bp,2.4727272727272727
6488,633.4578412879617,39,-18,-11,324183,324169,324208,324176,324201,58.361111111111114,25,-5600.0,14,25,3079.0,False,False,bp,2.4727272727272727
6489,251.64346311826282,51,9,-13,324227,324208,324259,324208,324236,-6.058479532163743,28,-2542.0,19,32,365.0,False,False,bp,2.4727272727272727
6490,338.30217063308515,35,10,21,324287,324259,324294,324273,324290,121.01190476190477,17,-3652.0,28,7,1464.0,False,False,bp,2.4727272727272727
6491,486.6131616565461,85,-19,-25,324324,324294,324379,324317,324360,129.29166666666666,43,-4582.0,30,55,3903.0,False,False,bp,2.4727272727272727
6492,657.0752878555163,65,14,-21,324401,324379,324444,324384,324417,86.80514705882355,33,-2326.0,22,43,3505.0,False,False,bp,2.4727272727272727
6493,449.17597353901186,40,31,12,324470,324444,324484,324464,324473,158.5,9,-1230.0,26,14,871.0,False,False,bp,2.4727272727272727
6494,597.8264352122522,78,7,-4,324521,324484,324562,324513,324544,122.20652173913044,31,-3268.0,37,41,1958.0,False,False,bp,2.4727272727272727
6495,716.167852847214,66,-21,16,324603,324562,324628,324582,324619,92.5238095238095,37,-3586.0,41,25,3861.0,True,False,bp,2.4727272727272727
6496,3513.826021957048,67,7,9,325867,325829,325896,325851,325879,277.3125,28,-1953.0,38,29,8128.0,False,False,bp,3.019230769230769
6497,3440.347293554885,66,40,8,325933,325896,325962,325914,325943,283.0,29,-3475.0,37,29,6334.0,True,True,bp,3.019230769230769
6498,1536.408029996563,99,21,17,326020,325962,326061,326012,326038,211.51388888888889,26,-1065.0,58,41,5029.0,True,True,bp,3.019230769230769
6499,1536.8601068861622,67,1,15,326102,326061,326128,326085,326108,222.41176470588238,23,-482.0,41,26,3965.0,True,True,bp,3.019230769230769
6500,1411.764924366622,51,9,1,326154,326128,326179,326132,326160,213.68939393939397,28,1043.0,26,25,4637.0,True,True,bp,3.019230769230769
6501,702.8497844026904,50,-9,34,326221,326179,326229,326197,326226,59.5625,29,1969.0,42,8,698.0,False,False,bp,3.019230769230769
6502,566.4055821898078,66,32,-24,326250,326229,326295,326246,326258,169.6875,12,1433.0,21,45,2500.0,False,False,bp,3.019230769230769
6503,1101.7951877409894,67,32,-25,326316,326295,326362,326302,326333,118.72268907563027,31,135.0,21,46,3994.0,True,False,bp,3.019230769230769
6504,940.1400941570264,112,-21,38,326437,326362,326474,326396,326456,90.81578947368422,60,-1424.0,75,37,4378.0,True,False,bp,3.019230769230769
6505,2138.2639114559674,75,6,-7,326508,326474,326549,326495,326529,161.9084249084249,34,-1405.0,34,41,6568.0,True,True,bp,3.019230769230769
6506,2307.8095301871103,68,-16,8,326587,326549,326617,326569,326607,158.52222222222224,38,-1301.0,38,30,5252.0,True,True,bp,3.019230769230769
6507,1972.883051846761,62,10,-20,326638,326617,326679,326629,326657,207.76608187134502,28,-1125.0,21,41,5033.0,True,True,bp,3.019230769230769
6508,1739.7167706675643,55,23,-5,326704,326679,326734,326695,326715,220.87878787878788,20,-511.0,25,30,3573.0,True,True,bp,3.019230769230769
6509,772.7631274604338,62,-11,44,326787,326734,326796,326758,326791,107.47844827586206,33,310.0,53,9,1292.0,False,False,bp,3.019230769230769
6510,447.1035716517786,35,12,13,326820,326796,326831,326813,326824,182.35714285714286,11,-385.0,24,11,1737.0,False,False,bp,3.019230769230769
6511,1766.606478189863,64,20,-18,326854,326831,326895,326847,326865,251.27922077922082,18,-3190.0,23,41,3185.0,False,False,bp,3.019230769230769
6512,1513.9460430485433,50,-1,0,326920,326895,326945,326903,326927,175.8361344537815,24,-4445.0,25,25,3552.0,False,False,bp,3.019230769230769
6513,726.7233961591437,67,-1,-17,326970,326945,327012,326950,326991,82.09642857142856,41,-2230.0,25,42,5715.0,False,False,bp,3.019230769230769
6514,1045.5164434100277,84,0,-34,327037,327012,327096,327031,327074,155.7545045045045,43,513.0,25,59,3109.0,True,True,bp,3.019230769230769
6515,1673.9531130094938,82,-4,-2,327136,327096,327178,327117,327158,140.3444976076555,41,-911.0,40,42,7220.0,True,True,bp,3.019230769230769
6516,1383.382930367616,83,-12,-23,327208,327178,327261,327195,327243,149.0098901098901,48,134.0,30,53,3006.0,False,False,bp,3.019230769230769
6517,1024.7998856243807,84,7,-32,327287,327261,327345,327279,327312,205.6525,33,-1362.0,26,58,3977.0,False,False,bp,3.019230769230769
6518,355.3482361229696,33,-5,17,327370,327345,327378,327352,327374,75.66666666666667,22,1200.0,25,8,696.0,False,False,bp,3.019230769230769
6519,1056.02687525203,51,35,1,327404,327378,327429,327391,327411,138.6593406593407,20,-411.0,26,25,2560.0,False,False,bp,3.019230769230769
6520,2018.1884811980747,82,14,20,327480,327429,327511,327466,327491,210.922077922078,25,-3858.0,51,31,4229.0,False,False,bp,3.019230769230769
6521,822.6297970159998,51,0,1,327537,327511,327562,327530,327548,179.6818181818182,18,-2319.0,26,25,3106.0,True,False,bp,3.019230769230769
6522,349.03969456108024,34,16,-18,327570,327562,327596,327566,327583,158.83653846153842,17,-832.0,8,26,2497.0,True,False,bp,3.019230769230769
6523,909.2794220962994,64,-2,20,327638,327596,327660,327616,327641,186.80303030303028,25,-1919.0,42,22,1768.0,False,False,bp,3.019230769230769
6524,829.0418979192128,37,-4,15,327686,327660,327697,327664,327690,127.4090909090909,26,-2406.0,26,11,2094.0,True,True,bp,3.019230769230769
6525,546.9800698671531,65,16,-23,327718,327697,327762,327712,327735,160.34803921568633,23,-3202.0,21,44,1090.0,False,False,bp,3.019230769230769
6526,268.65782113306017,79,-20,-27,327788,327762,327841,327774,327820,15.970982142857142,46,-3175.0,26,53,2968.0,False,False,bp,3.019230769230769
6527,600.8836976958938,37,-23,23,327871,327841,327878,327846,327876,81.25999999999998,30,-4097.0,30,7,961.0,False,False,bp,3.019230769230769
6528,575.7556888248918,46,28,-18,327892,327878,327924,327883,327910,85.6111111111111,27,-4920.0,14,32,2549.0,True,False,bp,3.019230769230769
6529,212.93289437255368,72,5,54,327987,327924,327996,327965,327992,120.0909090909091,27,-5050.0,63,9,1847.0,True,False,bp,3.019230769230769
6530,527.3440552519792,83,2,-1,328037,327996,328079,328024,328073,34.66773504273505,49,-5593.0,41,42,2668.0,True,False,bp,3.019230769230769
6531,802.6250396690452,99,-11,43,328150,328079,328178,328124,328161,96.9527972027972,37,-6601.0,71,28,2726.0,True,False,bp,3.019230769230769
6532,774.99330126867,51,-4,-11,328198,328178,328229,328187,328213,43.87575757575758,26,-5446.0,20,31,2321.0,True,False,bp,3.019230769230769
6533,374.9047720962905,27,11,1,328243,328229,328256,328235,328249,90.27083333333334,14,-4393.0,14,13,592.0,False,False,bp,3.019230769230769
6534,719.7923550876254,73,23,-11,328287,328256,328329,328274,328293,227.6217948717949,19,-5309.0,31,42,4191.0,False,False,bp,3.019230769230769
6535,729.195564135194,49,-8,-23,328342,328329,328378,328335,328369,93.74603174603176,34,-2908.0,13,36,2853.0,False,False,bp,3.019230769230769
6536,204.15961145223653,84,-21,2,328421,328378,328462,328395,328445,46.27403846153846,50,-1801.0,43,41,1838.0,True,False,bp,3.019230769230769
6537,457.9504247001707,83,-19,-33,328487,328462,328545,328474,328531,64.63986013986015,57,-1186.0,25,58,3595.0,False,False,bp,3.019230769230769
6538,762.1991627077506,78,-4,38,328603,328545,328623,328569,328607,143.91176470588238,38,-2822.0,58,20,2113.0,False,False,bp,3.019230769230769
6539,761.3305554611622,60,-12,2,328654,328623,328683,328641,328676,76.87412587412587,35,-3100.0,31,29,2603.0,False,False,bp,3.019230769230769
6540,1694.586552626756,40,2,-18,325823,325812,325852,325817,325840,175.77941176470588,23,1715.0,11,29,4571.0,True,False,bp,3.019230769230769
6541,2009.9160028155109,58,3,-18,325872,325852,325910,325865,325890,192.23412698412702,25,2655.0,20,38,3874.0,True,True,bp,3.019230769230769
6542,3452.8556908469386,52,2,-6,325933,325910,325962,325918,325946,264.4846153846154,28,-747.0,23,29,7170.0,True,True,bp,3.019230769230769
6543,2669.548421327929,52,6,-2,325987,325962,326014,325976,326001,238.6915584415584,25,-487.0,25,27,4262.0,True,True,bp,3.019230769230769
6544,244.80924401834514,33,12,13,326037,326014,326047,326032,326042,247.7,10,1215.0,23,10,2158.0,True,False,bp,3.019230769230769
6545,928.4451195352395,68,20,-20,326071,326047,326115,326064,326089,121.11904761904762,25,1239.0,24,44,3213.0,True,False,bp,3.019230769230769
6546,1654.1286826041073,64,-7,12,326153,326115,326179,326134,326166,116.41902834008098,32,2259.0,38,26,4706.0,False,False,bp,3.019230769230769
6547,1352.0203497357065,64,-5,22,326222,326179,326243,326191,326229,129.08294930875576,38,1182.0,43,21,2577.0,False,False,bp,3.019230769230769
6548,425.8417119757983,35,4,19,326270,326243,326278,326262,326275,134.625,13,1409.0,27,8,1325.0,True,True,bp,3.019230769230769
6549,1038.6811303454424,64,-12,-14,326303,326278,326342,326292,326326,87.99604743083005,34,814.0,25,39,4400.0,False,False,bp,3.019230769230769
6550,1251.2209322876713,53,15,3,326370,326342,326395,326348,326381,128.4318181818182,33,1571.0,28,25,3024.0,True,True,bp,3.019230769230769
6551,689.6269226070269,83,-10,35,326454,326395,326478,326429,326462,136.175,33,233.0,59,24,2975.0,True,False,bp,3.019230769230769
6552,1629.6768522766467,51,32,-11,326498,326478,326529,326485,326508,165.51153846153846,23,237.0,20,31,4644.0,True,False,bp,3.019230769230769
6553,1064.5084695633245,83,0,31,326586,326529,326612,326563,326598,78.79528985507247,35,1690.0,57,26,1937.0,False,False,bp,3.019230769230769
6554,3617.75068308329,69,10,1,326647,326612,326681,326633,326662,284.33333333333337,29,-3333.0,35,34,9189.0,False,False,bp,3.019230769230769
6555,4081.723944423044,64,3,4,326715,326681,326745,326701,326726,320.26623376623377,25,-2354.0,34,30,7809.0,True,False,bp,3.019230769230769
6556,1705.2552641913144,34,20,8,326766,326745,326779,326754,326773,195.48214285714286,19,1429.0,21,13,3276.0,False,False,bp,3.019230769230769
6557,3338.653126882143,82,2,4,326822,326779,326861,326812,326840,311.62777777777774,28,-3059.0,43,39,7981.0,False,False,bp,3.019230769230769
6558,1906.8544813095864,67,-15,-19,326885,326861,326928,326870,326912,150.16296296296298,42,-1898.0,24,43,3029.0,False,False,bp,3.019230769230769
6559,534.3215846824606,48,-1,8,326956,326928,326976,326939,326960,83.72794117647058,21,-611.0,28,20,1067.0,True,False,bp,3.019230769230769
6560,988.8886355966928,49,0,-27,326987,326976,327025,326980,327006,107.30075187969923,26,-649.0,11,38,3753.0,False,False,bp,3.019230769230769
6561,1164.9154674963147,36,13,-2,327042,327025,327061,327032,327049,160.32142857142856,17,51.0,17,19,2175.0,True,True,bp,3.019230769230769
6562,1356.8691836432179,50,32,0,327086,327061,327111,327079,327094,215.38392857142856,15,-678.0,25,25,3793.0,True,True,bp,3.019230769230769
6563,816.0753281624117,67,12,19,327154,327111,327178,327141,327160,208.28205128205127,19,-25.0,43,24,3729.0,True,True,bp,3.019230769230769
6564,591.1141089236601,51,-1,1,327204,327178,327229,327191,327216,60.92948717948718,25,1526.0,26,25,1194.0,True,True,bp,3.019230769230769
6565,189.3138484738801,46,-8,4,327254,327229,327275,327240,327265,30.620129870129873,25,1580.0,25,21,982.0,False,False,bp,3.019230769230769
6566,840.5145481130783,37,4,19,327303,327275,327312,327282,327308,120.68095238095238,26,213.0,28,9,2037.0,False,False,bp,3.019230769230769
6567,606.4557600603267,60,-3,24,327354,327312,327372,327338,327360,77.0,22,253.0,42,18,1853.0,True,True,bp,3.019230769230769
6568,1612.2215247152146,57,1,-27,327387,327372,327429,327379,327406,181.233552631579,27,-1589.0,15,42,3582.0,True,False,bp,3.019230769230769
6569,929.1798700166693,47,-24,1,327453,327429,327476,327434,327471,66.69736842105263,37,-429.0,24,23,2593.0,True,True,bp,3.019230769230769
6570,1049.0477817581095,52,-5,2,327503,327476,327528,327484,327511,149.64473684210526,27,-1120.0,27,25,3458.0,False,False,bp,3.019230769230769
6571,267.986634272713,35,34,-19,327536,327528,327563,327533,327540,335.29166666666663,7,627.0,8,27,3166.0,False,False,bp,3.019230769230769
6572,675.9472189573468,33,4,13,327586,327563,327596,327581,327591,239.7,10,1636.0,23,10,2662.0,True,True,bp,3.019230769230769
6573,1489.8367045414057,49,-9,1,327621,327596,327645,327605,327639,121.55555555555556,34,-892.0,25,24,2616.0,True,False,bp,3.019230769230769
6574,1803.3758097739176,62,-7,10,327681,327645,327707,327664,327692,155.87967914438502,28,-2217.0,36,26,4844.0,True,True,bp,3.019230769230769
6575,2021.8173453691986,44,-1,-14,327722,327707,327751,327713,327739,206.46732026143792,26,-1942.0,15,29,4331.0,True,True,bp,3.019230769230769
6576,1031.5036368803296,43,-5,27,327786,327751,327794,327764,327790,167.76136363636363,26,-2960.0,35,8,1975.0,False,False,bp,3.019230769230769
6577,489.7923602283623,68,13,-24,327816,327794,327862,327811,327841,146.72,30,-3220.0,22,46,2453.0,True,False,bp,3.019230769230769
6578,896.2249737011779,72,-12,12,327904,327862,327934,327884,327923,88.52236842105263,39,-3592.0,42,30,4072.0,True,True,bp,3.019230769230769
6579,1598.7609061812063,48,3,24,327970,327934,327982,327950,327975,259.29999999999995,25,-4624.0,36,12,3807.0,True,True,bp,3.019230769230769
6580,722.3990839058741,61,-5,13,328019,327982,328043,328003,328028,115.10069444444444,25,-4148.0,37,24,2268.0,True,True,bp,3.019230769230769
6581,892.5589885762809,42,-1,12,328070,328043,328085,328048,328074,166.6931818181818,26,-3997.0,27,15,2853.0,True,True,bp,3.019230769230769
6582,852.6452497916005,48,1,22,328120,328085,328133,328099,328120,,21,-4602.0,35,13,287.0,False,False,bp,3.019230769230769
6583,279.9925008277196,45,-22,-5,328153,328133,328178,328142,328173,35.05227272727272,31,-4458.0,20,25,1770.0,False,False,bp,3.019230769230769
6584,661.8252947072008,67,4,-29,328197,328178,328245,328182,328217,79.23333333333333,35,-5026.0,19,48,2860.0,True,False,bp,3.019230769230769
6585,947.3658150549428,67,-7,17,328287,328245,328312,328256,328294,135.536866359447,38,-4967.0,42,25,3536.0,True,True,bp,3.019230769230769
6586,965.7936488173656,62,1,20,328353,328312,328374,328325,328358,152.82857142857142,33,-3839.0,41,21,3071.0,True,True,bp,3.019230769230769
6587,334.5155223772553,72,-6,-8,328406,328374,328446,328392,328427,81.26190476190476,35,-2353.0,32,40,2764.0,True,True,bp,3.019230769230769
6588,500.5228810905909,82,-24,-14,328480,328446,328528,328456,328515,26.35773809523809,59,-991.0,34,48,2653.0,True,True,bp,3.019230769230769
6589,331.88913221243746,68,8,42,328583,328528,328596,328550,328589,76.12121212121212,39,-3131.0,55,13,1145.0,False,False,bp,3.019230769230769
6590,955.2408845668483,57,-26,29,330287,330244,330301,330251,330290,153.91666666666666,39,1706.0,43,14,1907.0,False,False,bp,-2.9782608695652173
6591,409.3930649146732,28,12,-2,330314,330301,330329,330303,330324,46.08636363636364,21,3117.0,13,15,1449.0,False,False,bp,-2.9782608695652173
6592,990.9859098928873,99,-25,17,330387,330329,330428,330357,330409,96.59848484848484,52,-604.0,58,41,5590.0,False,False,bp,-2.9782608695652173
6593,2197.0863180765828,67,18,-19,330452,330428,330495,330436,330463,180.94886363636363,27,587.0,24,43,4652.0,True,True,bp,-2.9782608695652173
6594,3292.6403422587487,66,20,-16,330520,330495,330561,330508,330527,372.7619047619048,19,-1543.0,25,41,7043.0,True,True,bp,-2.9782608695652173
6595,1985.2928494856812,51,-10,-1,330586,330561,330612,330566,330600,146.38571428571433,34,1146.0,25,26,5368.0,True,True,bp,-2.9782608695652173
6596,1588.3400556817826,50,-10,0,330637,330612,330662,330624,330655,110.81837606837608,31,2588.0,25,25,2352.0,False,False,bp,-2.9782608695652173
6597,1986.833934475376,67,-11,-17,330687,330662,330729,330676,330708,212.50649350649348,32,-2225.0,25,42,3884.0,False,False,bp,-2.9782608695652173
6598,501.52338990209716,33,-6,-9,330741,330729,330762,330729,330757,12.083333333333336,28,1630.0,12,21,1061.0,False,False,bp,-2.9782608695652173
6599,2942.791955570376,66,21,-14,330788,330762,330828,330779,330801,354.9059829059829,22,-3999.0,26,40,7167.0,False,False,bp,-2.9782608695652173
6600,991.2270841546203,83,11,-31,330854,330828,330911,330844,330876,108.62727272727273,32,174.0,26,57,3027.0,False,False,bp,-2.9782608695652173
6601,1092.8219428628247,50,-10,0,330936,330911,330961,330919,330949,83.89592760180994,30,-8.0,25,25,1925.0,True,False,bp,-2.9782608695652173
6602,410.8260054496197,34,-1,6,330981,330961,330995,330969,330991,57.4,22,886.0,20,14,1922.0,True,False,bp,-2.9782608695652173
6603,1535.192425388948,83,13,-7,331033,330995,331078,331012,331044,151.28571428571428,32,-935.0,38,45,4503.0,True,False,bp,-2.9782608695652173
6604,1158.129999061546,50,-10,2,331104,331078,331128,331089,331116,110.48333333333332,27,616.0,26,24,2794.0,True,True,bp,-2.9782608695652173
6605,423.1874647065776,33,4,17,331153,331128,331161,331133,331157,116.3,24,996.0,25,8,1458.0,True,False,bp,-2.9782608695652173
6606,1014.4361534344646,84,-10,34,331220,331161,331245,331185,331226,140.45,41,-425.0,59,25,3155.0,False,False,bp,-2.9782608695652173
6607,4609.367005119713,66,18,-16,331270,331245,331311,331257,331285,336.7846153846154,28,-6579.0,25,41,9359.0,False,False,bp,-2.9782608695652173
6608,4817.630782738226,71,20,11,331352,331311,331382,331331,331364,374.47023809523813,33,-8231.0,41,30,12052.0,True,True,bp,-2.9782608695652173
6609,3586.6277724837328,96,16,12,331436,331382,331478,331417,331448,290.5131578947369,31,-6781.0,54,42,7423.0,False,False,bp,-2.9782608695652173
6610,1894.0955681014414,68,17,-18,331503,331478,331546,331495,331532,180.26939655172413,37,-2927.0,25,43,6733.0,False,False,bp,-2.9782608695652173
6611,3110.607085984411,82,10,32,331603,331546,331628,331586,331611,284.5955882352941,25,-3692.0,57,25,5660.0,True,True,bp,-2.9782608695652173
6612,1261.9100058255824,50,-3,24,331665,331628,331678,331646,331670,133.90526315789475,24,-2788.0,37,13,1936.0,False,False,bp,-2.9782608695652173
6613,463.27141972005853,50,-17,-8,331699,331678,331728,331691,331723,56.5,32,-2070.0,21,29,1890.0,True,True,bp,-2.9782608695652173
6614,632.8574933358262,34,-4,8,331749,331728,331762,331738,331757,94.60227272727272,19,-2220.0,21,13,1667.0,True,True,bp,-2.9782608695652173
6615,304.81233695802683,50,12,-8,331783,331762,331812,331772,331800,46.69251336898397,28,-1641.0,21,29,1679.0,True,False,bp,-2.9782608695652173
6616,229.95718400288035,84,-19,32,331870,331812,331896,331840,331883,45.838461538461544,43,-2011.0,58,26,1474.0,True,False,bp,-2.9782608695652173
6617,111.49085949134748,48,4,0,331920,331896,331944,331907,331931,14.863636363636365,24,-1402.0,24,24,1048.0,False,False,bp,-2.9782608695652173
6618,753.3429820102693,64,16,-12,331970,331944,332008,331959,331986,94.0284090909091,27,-2715.0,26,38,2739.0,False,False,bp,-2.9782608695652173
6619,469.7198450534263,53,-14,31,332050,332008,332061,332029,332056,43.89285714285714,27,-1666.0,42,11,807.0,False,False,bp,-2.9782608695652173
6620,558.6417254969332,34,5,10,332083,332061,332095,332069,332089,82.55952380952381,20,-2886.0,22,12,1578.0,False,False,bp,-2.9782608695652173
6621,632.6567319597027,49,-3,1,332120,332095,332144,332114,332132,128.66666666666666,18,-3455.0,25,24,2074.0,True,True,bp,-2.9782608695652173
6622,154.74670289473536,35,7,-11,332156,332144,332179,332147,332166,88.98333333333332,19,-2782.0,12,23,1673.0,True,False,bp,-2.9782608695652173
6623,391.177388864888,67,-17,7,332216,332179,332246,332192,332232,58.54166666666667,40,-3176.0,37,30,1850.0,True,False,bp,-2.9782608695652173
6624,392.76046066545763,50,7,-4,332269,332246,332296,332255,332277,103.66071428571428,22,-2748.0,23,27,1720.0,False,False,bp,-2.9782608695652173
6625,57.47340642410028,32,2,4,332314,332296,332328,332306,332322,45.5625,16,-1538.0,18,14,1048.0,False,False,bp,-2.9782608695652173
6626,125.26851497664913,65,-4,-17,332352,332328,332393,332340,332376,33.47916666666667,36,-1610.0,24,41,1124.0,True,False,bp,-2.9782608695652173
6627,723.3663918285167,51,-17,1,332419,332393,332444,332408,332438,35.67224880382775,30,-1320.0,26,25,2486.0,False,False,bp,-2.9782608695652173
6628,663.3236277961058,37,-1,15,332470,332444,332481,332451,332472,129.28947368421052,21,-2066.0,26,11,660.0,False,False,bp,-2.9782608695652173
6629,234.69117046413868,30,18,12,332502,332481,332511,332492,332506,99.575,14,-2964.0,21,9,1200.0,False,False,bp,-2.9782608695652173
6630,551.8662179926152,50,-13,2,330304,330278,330328,330285,330315,63.33492822966507,30,1692.0,26,24,1662.0,False,False,bp,-2.9782608695652173
6631,470.76212471513605,34,-8,10,330350,330328,330362,330332,330359,57.13888888888889,27,1243.0,22,12,867.0,False,False,bp,-2.9782608695652173
6632,2118.1215543319213,49,12,3,330388,330362,330411,330378,330403,216.05,25,-2797.0,26,23,5416.0,False,False,bp,-2.9782608695652173
6633,1201.14273939865,68,17,16,330453,330411,330479,330440,330459,246.3525641025641,19,241.0,42,26,4628.0,False,False,bp,-2.9782608695652173
6634,2999.334993189865,66,5,2,330513,330479,330545,330495,330526,205.95085470085468,31,-896.0,34,32,6260.0,True,True,bp,-2.9782608695652173
6635,2589.69024073623,66,-1,6,330581,330545,330611,330562,330592,168.35406698564594,30,-1384.0,36,30,3233.0,False,False,bp,-2.9782608695652173
6636,453.73691358823515,63,1,-15,330635,330611,330674,330621,330650,29.090476190476192,29,3.0,24,39,1530.0,True,False,bp,-2.9782608695652173
6637,455.36278566701037,27,8,-1,330687,330674,330701,330680,330690,176.76190476190476,10,-551.0,13,14,1776.0,False,False,bp,-2.9782608695652173
6638,431.75816459805344,60,-16,-22,330720,330701,330761,330708,330747,43.425925925925924,39,620.0,19,41,2180.0,False,False,bp,-2.9782608695652173
6639,892.095356205216,45,-18,17,330792,330761,330806,330770,330801,77.00505050505049,31,-362.0,31,14,1742.0,True,False,bp,-2.9782608695652173
6640,567.5615953205292,38,2,-10,330820,330806,330844,330814,330838,88.69444444444444,24,262.0,14,24,2816.0,False,False,bp,-2.9782608695652173
6641,1524.3306082649772,68,-15,-14,330871,330844,330912,330864,330905,146.61764705882354,41,-106.0,27,41,4043.0,True,True,bp,-2.9782608695652173
6642,2236.5168216889083,82,14,-20,330943,330912,330994,330931,330958,210.50833333333333,27,-2717.0,31,51,3665.0,True,True,bp,-2.9782608695652173
6643,775.2239491207929,83,-24,-39,331016,330994,331077,330999,331054,80.75773993808048,55,-1846.0,22,61,5803.0,False,False,bp,-2.9782608695652173
6644,1116.4343119306377,51,-21,1,331103,331077,331128,331085,331123,78.8611111111111,38,305.0,26,25,1823.0,False,False,bp,-2.9782608695652173
6645,299.22266337528606,44,0,8,331154,331128,331172,331140,331160,74.79761904761905,20,631.0,26,18,1753.0,True,True,bp,-2.9782608695652173
6646,1334.7462959855213,60,6,-30,331187,331172,331232,331180,331211,182.67857142857144,31,-680.0,15,45,4284.0,True,False,bp,-2.9782608695652173
6647,2878.8349842942243,63,-6,5,331266,331232,331295,331248,331283,186.43464052287587,35,-2366.0,34,29,7202.0,True,True,bp,-2.9782608695652173
6648,1943.956946704151,66,-7,16,331336,331295,331361,331312,331354,125.36111111111113,42,-2014.0,41,25,3840.0,True,True,bp,-2.9782608695652173
6649,1381.5984545487313,85,-15,1,331404,331361,331446,331389,331433,110.5471264367816,44,-1754.0,43,42,5824.0,True,True,bp,-2.9782608695652173
6650,1338.0077608839485,100,-2,12,331502,331446,331546,331462,331508,218.1125,46,-1681.0,56,44,4624.0,True,False,bp,-2.9782608695652173
6651,1902.8760320158813,48,-13,0,331570,331546,331594,331552,331582,137.31944444444446,30,-904.0,24,24,3947.0,True,False,bp,-2.9782608695652173
6652,980.7553420582384,39,-4,15,331621,331594,331633,331599,331625,150.02272727272728,26,-321.0,27,12,2210.0,True,True,bp,-2.9782608695652173
6653,1293.275372979795,45,2,27,331669,331633,331678,331647,331672,213.2121212121212,25,-1860.0,36,9,2408.0,False,False,bp,-2.9782608695652173
6654,1330.7324782964665,67,19,-11,331706,331678,331745,331699,331721,234.2285714285714,22,-4724.0,28,39,2116.0,False,False,bp,-2.9782608695652173
6655,903.5797866780839,51,12,-3,331769,331745,331796,331762,331775,247.59523809523807,13,-5309.0,24,27,3816.0,True,False,bp,-2.9782608695652173
6656,929.982141831722,33,0,-17,331804,331796,331829,331800,331825,211.35714285714286,25,-4085.0,8,25,2471.0,True,False,bp,-2.9782608695652173
6657,445.1671277412146,49,-2,31,331869,331829,331878,331850,331872,131.8684210526316,22,-3932.0,40,9,1588.0,False,False,bp,-2.9782608695652173
6658,599.8160070720403,51,5,1,331904,331878,331929,331892,331915,151.11742424242425,23,-5541.0,26,25,2624.0,False,False,bp,-2.9782608695652173
6659,404.3777018338227,65,10,-17,331953,331929,331994,331943,331965,150.81666666666666,22,-5108.0,24,41,2562.0,True,True,bp,-2.9782608695652173
6660,418.3903225780955,36,7,-18,332003,331994,332030,331997,332013,178.13333333333333,16,-5368.0,9,27,780.0,False,False,bp,-2.9782608695652173
6661,474.0256343519517,45,-14,1,332053,332030,332075,332036,332064,60.85026737967914,28,-6046.0,23,22,1493.0,True,True,bp,-2.9782608695652173
6662,416.1475211300731,20,3,4,332087,332075,332095,332078,332090,143.77777777777774,12,-6903.0,12,8,997.0,False,False,bp,-2.9782608695652173
6663,818.3079806898519,85,14,-23,332126,332095,332180,332105,332138,105.66071428571428,33,-7909.0,31,54,3993.0,False,False,bp,-2.9782608695652173
6664,610.0209960879329,90,20,-66,332192,332180,332270,332185,332222,97.63809523809523,37,-5902.0,12,78,5250.0,False,False,bp,-2.9782608695652173
6665,1284.9780677019276,42,8,-8,332287,332270,332312,332279,332297,181.2875,18,-3269.0,17,25,3439.0,False,False,bp,-2.9782608695652173
6666,1007.8186013037545,49,4,-1,332336,332312,332361,332323,332344,95.3221153846154,21,-2119.0,24,25,2695.0,True,True,bp,-2.9782608695652173
6667,530.1420171066104,46,4,-22,332373,332361,332407,332369,332389,196.3125,20,-1123.0,12,34,2526.0,True,True,bp,-2.9782608695652173
6668,1171.4603584383608,43,28,-15,332421,332407,332450,332413,332426,224.3875,13,-1794.0,14,29,2570.0,True,True,bp,-2.9782608695652173
6669,1008.6315255152194,68,-9,12,332490,332450,332518,332467,332505,74.61304347826086,38,-3269.0,40,28,1968.0,False,False,bp,-2.9782608695652173
6670,717.6069290251576,48,19,0,333886,333862,333910,333880,333892,161.0,12,1476.0,24,24,2731.0,False,False,bp,1.7924528301886793
6671,1178.908704612689,84,21,-30,333937,333910,333994,333923,333955,90.87301587301589,32,972.0,27,57,2539.0,True,True,bp,1.7924528301886793
6672,1813.533787587312,67,15,-15,334020,333994,334061,334008,334039,167.12938596491227,31,-1527.0,26,41,4696.0,True,True,bp,1.7924528301886793
6673,609.5127868405124,66,-21,18,334103,334061,334127,334085,334123,36.49444444444444,38,618.0,42,24,1567.0,False,False,bp,1.7924528301886793
6674,964.6002783146828,63,-4,-13,334152,334127,334190,334140,334171,104.74342105263158,31,-953.0,25,38,2503.0,False,False,bp,1.7924528301886793
6675,787.9824487183106,39,28,-13,334203,334190,334229,334198,334222,111.7157894736842,24,-90.0,13,26,1939.0,False,False,bp,1.7924528301886793
6676,1138.490545393393,98,-15,50,334303,334229,334327,334274,334311,155.04310344827587,37,-3930.0,74,24,3461.0,False,False,bp,1.7924528301886793
6677,1327.0774518797866,68,4,-48,334337,334327,334395,334333,334374,208.1418918918919,41,-2787.0,10,58,8694.0,False,False,bp,1.7924528301886793
6678,1852.2950256502368,83,-17,33,334453,334395,334478,334419,334465,150.84313725490196,46,-1483.0,58,25,4609.0,True,False,bp,1.7924528301886793
6679,1242.573249264616,78,-7,0,334517,334478,334556,334494,334531,94.24844720496893,37,-451.0,39,39,3212.0,True,False,bp,1.7924528301886793
6680,893.5900386017697,34,20,-8,334569,334556,334590,334561,334578,152.02083333333331,17,159.0,13,21,2468.0,True,False,bp,1.7924528301886793
6681,1115.9027813537832,72,23,-12,334620,334590,334662,334615,334638,180.63888888888889,23,-47.0,30,42,2357.0,True,False,bp,1.7924528301886793
6682,2553.864345727765,65,8,9,334699,334662,334727,334684,334710,192.5363636363637,26,-1696.0,37,28,5604.0,True,True,bp,1.7924528301886793
6683,1474.1174636675635,84,-4,2,334770,334727,334811,334744,334793,111.79431438127092,49,-2045.0,43,41,5373.0,True,True,bp,1.7924528301886793
6684,4161.234859003532,67,9,17,334853,334811,334878,334838,334862,389.3777777777778,24,-4857.0,42,25,8845.0,False,False,bp,1.7924528301886793
6685,1070.4641186037043,50,1,32,334919,334878,334928,334895,334923,131.22916666666666,28,-211.0,41,9,1554.0,False,False,bp,1.7924528301886793
6686,1299.9815268371706,83,8,-7,334966,334928,335011,334952,334983,137.23529411764707,31,-1173.0,38,45,6324.0,False,False,bp,1.7924528301886793
6687,2770.1164760130896,50,5,-2,335035,335011,335061,335022,335043,277.5048076923077,21,-2066.0,24,26,4848.0,True,True,bp,1.7924528301886793
6688,1114.9475959455553,67,13,-17,335086,335061,335128,335069,335103,95.14705882352942,34,0.0,25,42,4797.0,True,True,bp,1.7924528301886793
6689,1875.7144877954904,65,10,19,335170,335128,335193,335150,335176,174.36666666666667,26,-170.0,42,23,2844.0,True,False,bp,1.7924528301886793
6690,746.1981545506794,51,14,1,335219,335193,335244,335212,335224,263.7285714285714,12,-528.0,26,25,3180.0,True,True,bp,1.7924528301886793
6691,1796.452628237237,50,-3,2,335270,335244,335294,335250,335283,134.35576923076923,33,752.0,26,24,5662.0,False,False,bp,1.7924528301886793
6692,2452.180806091334,51,-2,1,335320,335294,335345,335313,335338,297.1150793650794,25,-346.0,26,25,3315.0,False,False,bp,1.7924528301886793
6693,422.263575639307,56,0,-8,335369,335345,335401,335361,335392,79.94021739130434,31,1265.0,24,32,1637.0,True,True,bp,1.7924528301886793
6694,974.248536020032,73,2,19,335447,335401,335474,335423,335455,116.875,32,171.0,46,27,2645.0,True,True,bp,1.7924528301886793
6695,361.8635032576509,87,-37,37,335536,335474,335561,335489,335550,51.085106382978715,61,-999.0,62,25,1059.0,False,False,bp,1.7924528301886793
6696,861.3143366924028,66,7,-8,335590,335561,335627,335574,335607,81.22977941176471,33,-2036.0,29,37,2459.0,True,True,bp,1.7924528301886793
6697,803.8696971087578,50,-15,24,335664,335627,335677,335647,335672,77.5,25,-2036.0,37,13,1819.0,True,False,bp,1.7924528301886793
6698,428.66340335221395,50,1,-20,335692,335677,335727,335682,335705,59.957692307692305,23,-1374.0,15,35,2501.0,False,False,bp,1.7924528301886793
6699,458.60979686962736,51,-6,-33,335736,335727,335778,335729,335759,77.94099378881988,30,-658.0,9,42,906.0,False,False,bp,1.7924528301886793
6700,585.2121413566871,83,-20,-33,335803,335778,335861,335783,335834,58.80403225806451,51,-2723.0,25,58,2100.0,False,False,bp,1.7924528301886793
6701,401.6955899385828,67,-9,-17,335886,335861,335928,335865,335922,44.95436507936508,57,-2978.0,25,42,1980.0,True,True,bp,1.7924528301886793
6702,815.6019058118969,67,2,41,335982,335928,335995,335970,335988,130.125,18,-4202.0,54,13,2101.0,True,False,bp,1.7924528301886793
6703,383.3170693052859,46,9,4,336020,335995,336041,336008,336023,125.41666666666666,15,-4507.0,25,21,1191.0,False,False,bp,1.7924528301886793
6704,572.3132254777463,53,-4,5,336070,336041,336094,336047,336081,68.96442687747036,34,-5199.0,29,24,2088.0,True,True,bp,1.7924528301886793
6705,206.50940217255,49,-13,35,336136,336094,336143,336111,336139,87.57333333333332,28,-4637.0,42,7,1059.0,True,False,bp,1.7924528301886793
6706,431.73456900437327,41,6,11,336169,336143,336184,336154,336172,145.2,18,-5145.0,26,15,1853.0,True,True,bp,1.7924528301886793
6707,754.2962645584805,58,6,-20,336203,336184,336242,336196,336219,148.95089285714286,23,-6774.0,19,39,2056.0,True,True,bp,1.7924528301886793
6708,454.39704404710886,53,4,-21,336258,336242,336295,336248,336280,71.73636363636362,32,-6089.0,16,37,3068.0,False,False,bp,1.7924528301886793
6709,584.3808422024912,66,-7,20,336338,336295,336361,336316,336348,165.3318181818182,32,-6178.0,43,23,2823.0,False,False,bp,1.7924528301886793
6710,593.4566650256999,50,-8,-8,336382,336361,336411,336373,336399,52.99019607843137,26,-4276.0,21,29,3051.0,False,False,bp,1.7924528301886793
6711,503.02229605617276,87,-37,-5,336452,336411,336498,336417,336480,62.775,63,-4032.0,41,46,2747.0,True,False,bp,1.7924528301886793
6712,716.6978723553012,42,-21,20,336529,336498,336540,336506,336534,102.4217391304348,28,-3296.0,31,11,1415.0,True,False,bp,1.7924528301886793
6713,236.28934088309867,37,-14,1,336559,336540,336577,336541,336567,-5.104166666666668,26,-2956.0,19,18,594.0,False,False,bp,1.7924528301886793
6714,284.97392306685595,34,-13,16,336602,336577,336611,336579,336603,152.65217391304347,24,-4474.0,25,9,1121.0,False,False,bp,1.7924528301886793
6715,172.70805044680938,32,-5,-16,336619,336611,336643,336614,336637,19.9,23,-3571.0,8,24,2042.0,False,False,bp,1.7924528301886793
6716,1094.848489751959,40,3,12,333903,333877,333917,333882,333906,189.6190476190476,24,1562.0,26,14,2031.0,True,True,bp,1.7924528301886793
6717,1955.54417861388,45,13,1,333940,333917,333962,333933,333954,184.03571428571428,21,219.0,23,22,4063.0,True,False,bp,1.7924528301886793
6718,1146.707905745796,65,1,17,334003,333962,334027,333988,334014,131.9,26,-12.0,41,24,3203.0,False,False,bp,1.7924528301886793
6719,927.7162133260305,50,12,-6,334049,334027,334077,334041,334059,98.525,18,1735.0,22,28,3562.0,False,False,bp,1.7924528301886793
6720,1342.0046092043995,52,-7,0,334103,334077,334129,334089,334117,139.57142857142856,28,1572.0,26,26,3547.0,True,True,bp,1.7924528301886793
6721,1571.1317293618656,51,-12,-3,334153,334129,334180,334138,334174,109.68095238095242,36,1178.0,24,27,3566.0,True,True,bp,1.7924528301886793
6722,2989.8852098506904,54,11,2,334208,334180,334234,334198,334220,266.4,22,-999.0,28,26,5720.0,True,True,bp,1.7924528301886793
6723,1420.8690918026132,80,-11,-10,334269,334234,334314,334253,334295,106.5841346153846,42,667.0,35,45,4028.0,True,True,bp,1.7924528301886793
6724,1547.3760228145422,64,-25,-14,334339,334314,334378,334326,334370,102.89578163771714,44,1473.0,25,39,4843.0,True,True,bp,1.7924528301886793
6725,1005.429321814568,50,-14,34,334420,334378,334428,334389,334424,123.29838709677419,35,3004.0,42,8,1626.0,False,False,bp,1.7924528301886793
6726,443.51912046314146,50,1,0,334453,334428,334478,334445,334464,127.3806818181818,19,2520.0,25,25,1658.0,False,False,bp,1.7924528301886793
6727,2060.9888960945696,50,-1,-2,334502,334478,334528,334484,334515,168.52564102564102,31,-607.0,24,26,4883.0,False,False,bp,1.7924528301886793
6728,934.95142912306,77,-19,7,334570,334528,334605,334545,334589,70.59578947368422,44,1023.0,42,35,2980.0,True,True,bp,1.7924528301886793
6729,1201.4813233189755,56,-6,6,334636,334605,334661,334614,334651,82.18181818181819,37,101.0,31,25,2073.0,True,True,bp,1.7924528301886793
6730,840.6224929903619,68,15,18,334704,334661,334729,334682,334710,148.7878787878788,28,-327.0,43,25,3908.0,True,True,bp,1.7924528301886793
6731,1986.1470107096802,82,6,0,334770,334729,334811,334753,334788,141.15359477124184,35,-1533.0,41,41,4590.0,True,True,bp,1.7924528301886793
6732,3058.3305276900132,67,-1,-11,334839,334811,334878,334829,334859,286.475,30,-3647.0,28,39,7750.0,False,False,bp,1.7924528301886793
6733,1468.6785282052256,49,-1,-1,334902,334878,334927,334888,334911,131.38095238095238,23,779.0,24,25,2365.0,False,False,bp,1.7924528301886793
6734,856.9792384962402,67,10,-37,334942,334927,334994,334933,334965,112.9855072463768,32,-37.0,15,52,4087.0,True,False,bp,1.7924528301886793
6735,809.4930318048596,66,0,20,335037,334994,335060,335007,335043,123.85,36,1796.0,43,23,3038.0,True,False,bp,1.7924528301886793
6736,1392.839431422275,51,-2,7,335089,335060,335111,335079,335103,150.78571428571428,24,931.0,29,22,2392.0,True,True,bp,1.7924528301886793
6737,546.1137407587522,83,-21,-1,335152,335111,335194,335125,335176,47.34953703703704,51,987.0,41,42,2717.0,True,True,bp,1.7924528301886793
6738,2108.7568935562376,51,2,-1,335219,335194,335245,335206,335233,198.1950549450549,27,-1628.0,25,26,5090.0,True,True,bp,1.7924528301886793
6739,2162.1748278916007,55,3,-11,335267,335245,335300,335262,335287,218.3,25,692.0,22,33,5947.0,False,False,bp,1.7924528301886793
6740,2592.9802839599092,60,0,12,335336,335300,335360,335315,335341,245.47142857142862,26,-24.0,36,24,3410.0,True,True,bp,1.7924528301886793
6741,1918.4997561683026,51,6,1,335386,335360,335411,335367,335393,199.87969924812032,26,-1791.0,26,25,4223.0,True,True,bp,1.7924528301886793
6742,1373.0435335774964,50,-1,0,335436,335411,335461,335425,335450,139.82142857142856,25,-580.0,25,25,3978.0,True,True,bp,1.7924528301886793
6743,425.8735695620986,66,-26,42,335515,335461,335527,335474,335523,41.22713414634146,49,646.0,54,12,1189.0,False,False,bp,1.7924528301886793
6744,1081.1902169619507,50,10,0,335552,335527,335577,335546,335564,244.08333333333331,18,-2497.0,25,25,3007.0,False,False,bp,1.7924528301886793
6745,618.2007907641297,65,-21,13,335616,335577,335642,335592,335629,107.05608974358977,37,-1649.0,39,26,3140.0,True,False,bp,1.7924528301886793
6746,653.3929782890001,40,0,-18,335653,335642,335682,335645,335673,79.7375,28,-112.0,11,29,2436.0,True,False,bp,1.7924528301886793
6747,938.2140378186818,62,-9,14,335720,335682,335744,335701,335733,116.02631578947368,32,-1499.0,38,24,2457.0,True,False,bp,1.7924528301886793
6748,715.917896847312,34,2,6,335764,335744,335778,335756,335772,141.75,16,-1279.0,20,14,2688.0,True,False,bp,1.7924528301886793
6749,898.7766655033356,60,7,-8,335804,335778,335838,335790,335816,94.2261904761905,26,-1899.0,26,34,1816.0,True,False,bp,1.7924528301886793
6750,797.0291432453785,56,-8,-20,335856,335838,335894,335849,335879,124.26397515527952,30,-2366.0,18,38,2224.0,True,True,bp,1.7924528301886793
6751,1147.4141762947445,51,9,-1,335919,335894,335945,335901,335924,168.68888888888887,23,-3384.0,25,26,2396.0,True,True,bp,1.7924528301886793
6752,182.13209170137557,32,1,8,335965,335945,335977,335956,335972,50.91269841269842,16,-2224.0,20,12,966.0,True,True,bp,1.7924528301886793
6753,366.9569721476104,48,-14,10,336006,335977,336025,335989,336020,45.72478991596639,31,-2957.0,29,19,1879.0,True,True,bp,1.7924528301886793
6754,159.3425965020879,38,8,24,336056,336025,336063,336037,336057,77.39473684210526,20,-2964.0,31,7,724.0,False,False,bp,1.7924528301886793
6755,508.637836039055,49,-6,31,336103,336063,336112,336085,336107,168.55555555555554,22,-4709.0,40,9,2607.0,False,False,bp,1.7924528301886793
6756,350.29573619869535,55,15,-13,336133,336112,336167,336123,336150,61.15,27,-3363.0,21,34,2359.0,False,False,bp,1.7924528301886793
6757,401.9416432417575,77,-23,-5,336203,336167,336244,336192,336235,92.10795454545456,43,-3264.0,36,41,2760.0,True,False,bp,1.7924528301886793
6758,616.4601131730042,39,6,11,336269,336244,336283,336255,336272,190.23809523809524,17,-3675.0,25,14,1693.0,True,False,bp,1.7924528301886793
6759,260.61095449364586,33,5,7,336303,336283,336316,336295,336309,113.83333333333334,14,-3924.0,20,13,1283.0,True,True,bp,1.7924528301886793
6760,498.97058842110323,44,22,-8,336334,336316,336360,336328,336338,231.04166666666669,10,-4946.0,18,26,2188.0,True,False,bp,1.7924528301886793
6761,922.3695274916837,51,11,1,336386,336360,336411,336370,336391,183.70625,21,-4930.0,26,25,3585.0,False,False,bp,1.7924528301886793
6762,360.29806403011077,78,-9,-30,336435,336411,336489,336423,336464,49.7212643678161,41,-2769.0,24,54,2224.0,False,False,bp,1.7924528301886793
6763,958.6692910944333,42,23,-12,336504,336489,336531,336496,336522,93.32638888888887,26,-2413.0,15,27,2230.0,True,False,bp,1.7924528301886793
6764,793.4460414947749,113,-13,9,336592,336531,336644,336571,336615,84.675983436853,44,-4347.0,61,52,3928.0,False,False,bp,1.7924528301886793
6765,829.0889383099335,56,29,-40,336652,336644,336700,336646,336670,144.33333333333334,24,-2157.0,8,48,3215.0,False,False,bp,1.7924528301886793
6766,1563.7245552600568,89,23,-33,338219,338191,338280,338200,338236,114.36842105263159,36,-2104.0,28,61,4307.0,True,False,bp,-0.9215686274509803
6767,2859.8875884610743,52,15,-6,338303,338280,338332,338295,338316,290.01442307692315,21,-2490.0,23,29,6752.0,True,False,bp,-0.9215686274509803
6768,2646.4682743055537,95,24,-21,338369,338332,338427,338352,338381,235.78431372549028,29,-2849.0,37,58,6227.0,True,False,bp,-0.9215686274509803
6769,3420.4180265598043,50,11,-8,338448,338427,338477,338434,338459,293.7435064935065,25,-3414.0,21,29,7851.0,False,False,bp,-0.9215686274509803
6770,977.2007082285547,66,-19,18,338519,338477,338543,338495,338530,86.8844696969697,35,1209.0,42,24,1910.0,False,False,bp,-0.9215686274509803
6771,339.8973472555984,34,33,-16,338552,338543,338577,338546,338562,196.4,16,644.0,9,25,1884.0,True,False,bp,-0.9215686274509803
6772,1053.507637812578,84,25,-2,338618,338577,338661,338611,338638,179.7035714285714,27,-364.0,41,43,5304.0,True,False,bp,-0.9215686274509803
6773,1029.7904970028412,99,-1,17,338719,338661,338760,338690,338731,115.71264367816092,41,256.0,58,41,3503.0,True,False,bp,-0.9215686274509803
6774,2384.729431172497,51,20,3,338787,338760,338811,338771,338800,168.79326923076925,29,-1742.0,27,24,4218.0,True,False,bp,-0.9215686274509803
6775,3224.20072314675,78,29,18,338859,338811,338889,338849,338872,275.15,23,-3597.0,48,30,5910.0,True,True,bp,-0.9215686274509803
6776,3636.958933819033,105,33,-13,338935,338889,338994,338924,338948,334.90559440559434,24,-5580.0,46,59,8115.0,True,False,bp,-0.9215686274509803
6777,3278.8816382324126,50,20,0,339019,338994,339044,339005,339031,290.82738095238096,26,-5059.0,25,25,7448.0,False,False,bp,-0.9215686274509803
6778,1752.772207788236,83,7,1,339086,339044,339127,339077,339105,180.1549707602339,28,-1123.0,42,41,4794.0,False,False,bp,-0.9215686274509803
6779,4010.335640228525,67,19,-15,339153,339127,339194,339140,339166,371.3461538461538,26,-6136.0,26,41,8853.0,False,False,bp,-0.9215686274509803
6780,1832.0677093296845,66,5,6,339230,339194,339260,339211,339243,126.55465587044534,32,-1517.0,36,30,3494.0,False,False,bp,-0.9215686274509803
6781,1094.3848006164592,52,3,0,339286,339260,339312,339280,339301,163.23333333333332,21,-724.0,26,26,3124.0,True,True,bp,-0.9215686274509803
6782,935.852294051327,49,20,-9,339332,339312,339361,339325,339345,155.0,20,249.0,20,29,2843.0,True,False,bp,-0.9215686274509803
6783,1890.259755560569,83,6,1,339403,339361,339444,339385,339420,134.73202614379085,35,-1660.0,42,41,4920.0,True,False,bp,-0.9215686274509803
6784,1450.6771005800585,80,-3,4,339486,339444,339524,339461,339498,129.27666666666667,37,-1437.0,42,38,3968.0,True,True,bp,-0.9215686274509803
6785,877.7407149730838,53,11,-27,339537,339524,339577,339532,339555,133.25,23,461.0,13,40,2549.0,True,True,bp,-0.9215686274509803
6786,588.3389549253097,67,5,-5,339608,339577,339644,339589,339620,60.19517543859649,31,852.0,31,36,1690.0,True,True,bp,-0.9215686274509803
6787,1169.3456504879593,49,0,1,339669,339644,339693,339656,339686,116.40497737556558,30,-827.0,25,24,3239.0,True,True,bp,-0.9215686274509803
6788,671.6132038066634,68,-17,50,339752,339693,339761,339716,339757,133.19722222222222,41,-1629.0,59,9,2157.0,True,False,bp,-0.9215686274509803
6789,305.18742739668687,117,-31,-37,339801,339761,339878,339781,339854,66.67830188679245,73,-3504.0,40,77,3041.0,True,False,bp,-0.9215686274509803
6790,223.76281508267655,65,-17,27,339924,339878,339943,339896,339932,78.80357142857143,36,-3272.0,46,19,1161.0,False,False,bp,-0.9215686274509803
6791,583.9051935350566,45,5,-15,339958,339943,339988,339951,339971,132.18131868131871,20,-4857.0,15,30,1549.0,False,False,bp,-0.9215686274509803
6792,218.3256236915775,45,-5,-17,340002,339988,340033,339996,340018,92.16666666666669,22,-4838.0,14,31,1431.0,True,True,bp,-0.9215686274509803
6793,252.3474467882034,78,-1,-62,340041,340033,340111,340035,340079,73.34210526315789,44,-4245.0,8,70,3656.0,False,False,bp,-0.9215686274509803
6794,378.5680823637316,35,24,13,340135,340111,340146,340122,340138,102.97435897435898,16,-2747.0,24,11,1195.0,True,False,bp,-0.9215686274509803
6795,535.2252178733029,64,-5,22,340189,340146,340210,340178,340202,92.0,24,-3838.0,43,21,2026.0,True,False,bp,-0.9215686274509803
6796,278.2817097111998,34,21,16,340235,340210,340244,340221,340239,132.44642857142858,18,-3468.0,25,9,2465.0,True,False,bp,-0.9215686274509803
6797,986.0128078816517,77,22,5,340285,340244,340321,340278,340292,191.07142857142856,14,-2959.0,41,36,3525.0,False,False,bp,-0.9215686274509803
6798,648.066441458727,39,28,-13,340334,340321,340360,340328,340341,167.08333333333331,13,-1051.0,13,26,2508.0,False,False,bp,-0.9215686274509803
6799,341.35070816730087,50,-3,26,340398,340360,340410,340382,340404,78.54166666666666,22,310.0,38,12,1873.0,False,False,bp,-0.9215686274509803
6800,427.8742594735582,67,-8,19,340453,340410,340477,340423,340464,31.07121212121212,41,-847.0,43,24,1578.0,False,False,bp,-0.9215686274509803
6801,1224.692871800758,83,-12,-1,340518,340477,340560,340497,340537,114.77819548872179,40,-3196.0,41,42,5103.0,False,False,bp,-0.9215686274509803
6802,483.7342518417677,54,3,24,338185,338146,338200,338167,338190,84.78333333333333,23,-814.0,39,15,1562.0,True,True,bp,-0.9215686274509803
6803,929.9541394115773,59,-5,-17,338221,338200,338259,338216,338243,142.4363636363636,27,-1427.0,21,38,2768.0,True,True,bp,-0.9215686274509803
6804,798.2095983252212,68,-16,-44,338271,338259,338327,338265,338313,113.60714285714286,48,-865.0,12,56,3176.0,True,False,bp,-0.9215686274509803
6805,2002.2138652522929,67,2,5,338363,338327,338394,338345,338377,158.7420634920635,32,-2720.0,36,31,5106.0,True,True,bp,-0.9215686274509803
6806,1451.363821068587,50,-15,8,338423,338394,338444,338411,338437,146.32142857142856,26,-1927.0,29,21,2739.0,True,False,bp,-0.9215686274509803
6807,133.97046581233954,37,17,-13,338456,338444,338481,338448,338464,121.75,16,-764.0,12,25,1717.0,True,True,bp,-0.9215686274509803
6808,333.0975682545102,46,7,-4,338502,338481,338527,338497,338513,125.06363636363636,16,-430.0,21,25,2158.0,True,True,bp,-0.9215686274509803
6809,1461.1519334988236,50,0,0,338552,338527,338577,338536,338565,142.1730769230769,29,-1867.0,25,25,4390.0,True,True,bp,-0.9215686274509803
6810,1099.8057279277853,67,25,-15,338603,338577,338644,338594,338609,204.16666666666669,15,-960.0,26,41,2591.0,True,True,bp,-0.9215686274509803
6811,511.0057630076676,50,4,0,338669,338644,338694,338649,338675,75.06666666666666,26,-60.0,25,25,1407.0,True,True,bp,-0.9215686274509803
6812,494.3931562512314,69,7,-19,338719,338694,338763,338705,338739,70.84285714285714,34,-845.0,25,44,2536.0,True,True,bp,-0.9215686274509803
6813,980.6780471474576,81,5,-25,338791,338763,338844,338780,338813,115.72727272727272,33,-1267.0,28,53,2161.0,True,True,bp,-0.9215686274509803
6814,1148.0856111088824,50,-2,-8,338865,338844,338894,338851,338879,111.71428571428572,28,-1777.0,21,29,2929.0,True,True,bp,-0.9215686274509803
6815,635.7266295881587,39,2,11,338919,338894,338933,338905,338922,151.92857142857144,17,-1715.0,25,14,1364.0,False,False,bp,-0.9215686274509803
6816,434.8497970359047,44,11,-6,338952,338933,338977,338941,338956,108.1931818181818,15,-1668.0,19,25,1697.0,True,True,bp,-0.9215686274509803
6817,239.5096167338645,32,18,-14,338986,338977,339009,338982,338989,224.5,7,-1551.0,9,23,2165.0,True,True,bp,-0.9215686274509803
6818,890.2503987609406,34,18,-12,339020,339009,339043,339014,339026,192.91666666666663,12,-2008.0,11,23,2288.0,True,True,bp,-0.9215686274509803
6819,281.1305474533007,34,-1,10,339065,339043,339077,339056,339071,101.58333333333334,15,-1745.0,22,12,1192.0,True,False,bp,-0.9215686274509803
6820,741.7200198662068,66,6,-18,339101,339077,339143,339085,339114,80.80288461538461,29,-2439.0,24,42,2602.0,True,False,bp,-0.9215686274509803
6821,972.4821178690597,67,-8,-15,339169,339143,339210,339149,339187,75.00277777777778,38,-2542.0,26,41,3386.0,True,True,bp,-0.9215686274509803
6822,880.3827946034932,67,-1,17,339252,339210,339277,339217,339264,92.79166666666669,47,-1868.0,42,25,3401.0,True,True,bp,-0.9215686274509803
6823,930.7276552427696,84,-23,2,339320,339277,339361,339310,339354,86.61764705882355,44,-1032.0,43,41,3358.0,True,True,bp,-0.9215686274509803
6824,844.0153437528688,82,-21,36,339420,339361,339443,339375,339426,95.33333333333331,51,-614.0,59,23,2407.0,True,False,bp,-0.9215686274509803
6825,560.1349136479183,84,-36,-30,339470,339443,339527,339456,339513,87.34219269102991,57,-1704.0,27,57,3782.0,False,False,bp,-0.9215686274509803
6826,456.71279193594137,52,-8,-28,339539,339527,339579,339534,339565,105.90384615384615,31,670.0,12,40,2164.0,False,False,bp,-0.9215686274509803
6827,308.14077459062304,52,-12,-10,339600,339579,339631,339588,339617,45.21078431372549,29,964.0,21,31,1050.0,True,True,bp,-0.9215686274509803
6828,226.12652707651955,45,22,-31,339638,339631,339676,339634,339657,81.15131578947368,23,1144.0,7,38,1917.0,False,False,bp,-0.9215686274509803
6829,601.6845918652065,85,-6,35,339736,339676,339761,339702,339746,79.41764705882352,44,352.0,60,25,1700.0,False,False,bp,-0.9215686274509803
6830,477.3622277530899,66,-13,48,339818,339761,339827,339784,339821,156.59803921568627,37,-1776.0,57,9,1613.0,False,False,bp,-0.9215686274509803
6831,134.75461070542573,72,-10,8,339867,339827,339899,339845,339881,51.64285714285714,36,-975.0,40,32,2674.0,False,False,bp,-0.9215686274509803
6832,361.04617754413397,28,-3,12,339919,339899,339927,339907,339922,152.875,15,-950.0,20,8,1786.0,True,True,bp,-0.9215686274509803
6833,318.58767862727365,51,-21,13,339959,339927,339978,339934,339971,36.973333333333336,37,-1167.0,32,19,933.0,False,False,bp,-0.9215686274509803
6834,183.74025074117088,33,8,15,340002,339978,340011,339987,340006,106.875,19,-2260.0,24,9,1420.0,False,False,bp,-0.9215686274509803
6835,550.261839018816,66,-5,-14,340037,340011,340077,340033,340062,242.005,29,-3735.0,26,40,4000.0,False,False,bp,-0.9215686274509803
6836,791.3864184321428,83,28,-41,340098,340077,340160,340086,340114,61.92708333333333,28,-2067.0,21,62,2902.0,True,False,bp,-0.9215686274509803
6837,640.8814596568482,40,10,-12,340174,340160,340200,340170,340185,240.47727272727272,15,-1926.0,14,26,1656.0,True,False,bp,-0.9215686274509803
6838,353.21618978892013,60,-15,-32,340214,340200,340260,340210,340248,146.09558823529414,38,-2184.0,14,46,3108.0,True,False,bp,-0.9215686274509803
6839,1041.5069852701652,66,18,-18,340284,340260,340326,340271,340292,142.9519230769231,21,-1769.0,24,42,3904.0,True,True,bp,-0.9215686274509803
6840,747.5757136218817,51,5,-27,340338,340326,340377,340331,340355,118.94117647058823,24,-279.0,12,39,2198.0,True,True,bp,-0.9215686274509803
6841,713.1138448471237,50,3,-4,340400,340377,340427,340384,340410,121.7875,26,-1155.0,23,27,2369.0,True,True,bp,-0.9215686274509803
6842,849.0547698744102,51,19,-1,340452,340427,340478,340439,340461,69.76923076923077,22,-1115.0,25,26,2312.0,True,True,bp,-0.9215686274509803
6843,661.6853202827082,71,11,1,340514,340478,340549,340502,340529,130.5,27,-2309.0,36,35,2277.0,True,True,bp,-0.9215686274509803
6844,3182.142836282202,66,26,6,343096,343060,343126,343083,343108,241.47115384615384,25,-578.0,36,30,6466.0,True,True,bp,-7.2592592592592595
6845,3308.709338617335,84,26,2,343169,343126,343210,343159,343181,352.0333333333333,22,-2927.0,43,41,6015.0,True,True,bp,-7.2592592592592595
6846,2268.9409496170506,54,8,-2,343236,343210,343264,343229,343252,233.1517857142857,23,-1454.0,26,28,4798.0,True,True,bp,-7.2592592592592595
6847,636.4957118714052,84,-34,36,343324,343264,343348,343283,343339,48.72113821138211,56,622.0,60,24,1958.0,True,False,bp,-7.2592592592592595
6848,555.8791222176898,33,11,9,343369,343348,343381,343361,343373,151.4375,12,205.0,21,12,1118.0,False,False,bp,-7.2592592592592595
6849,97.10769420004299,29,17,21,343406,343381,343410,343396,343407,64.95,11,156.0,25,4,232.0,False,False,bp,-7.2592592592592595
6850,935.68575415184,67,22,17,343452,343410,343477,343435,343463,160.50534759358288,28,-2260.0,42,25,3198.0,False,False,bp,-7.2592592592592595
6851,181.60341023764272,83,16,33,343535,343477,343560,343513,343537,228.47727272727272,24,-2011.0,58,25,2243.0,True,False,bp,-7.2592592592592595
6852,363.2346657334803,32,32,16,343584,343560,343592,343577,343587,215.8333333333333,10,-2141.0,24,8,1757.0,True,False,bp,-7.2592592592592595
6853,134.60088444121558,84,29,4,343636,343592,343676,343629,343648,128.0952380952381,19,-2723.0,44,40,1881.0,True,False,bp,-7.2592592592592595
6854,182.7919081709971,35,11,15,343701,343676,343711,343696,343704,212.16666666666669,8,-2766.0,25,10,1477.0,True,False,bp,-7.2592592592592595
6855,466.78183396445803,32,2,6,343730,343711,343743,343723,343738,60.464285714285715,15,-2364.0,19,13,1854.0,True,True,bp,-7.2592592592592595
6856,203.28640074291593,34,-1,16,343768,343743,343777,343755,343772,119.47115384615385,17,-1957.0,25,9,1876.0,True,False,bp,-7.2592592592592595
6857,606.2113779739595,67,-11,-17,343802,343777,343844,343788,343824,73.49025974025976,36,-2188.0,25,42,2230.0,True,False,bp,-7.2592592592592595
6858,389.3103931616976,34,6,16,343869,343844,343878,343849,343870,94.65,21,-1952.0,25,9,383.0,False,False,bp,-7.2592592592592595
6859,716.1610606559748,43,26,5,343902,343878,343921,343897,343908,178.1,11,-3060.0,24,19,2817.0,False,False,bp,-7.2592592592592595
6860,1207.1149037046296,89,35,-25,343953,343921,344010,343945,343963,247.6375,18,-3684.0,32,57,4781.0,True,False,bp,-7.2592592592592595
6861,1184.3735826201785,50,1,0,344035,344010,344060,344016,344047,97.62719298245615,31,-2482.0,25,25,2088.0,True,False,bp,-7.2592592592592595
6862,647.5289197181311,67,-7,15,344101,344060,344127,344079,344114,52.98076923076921,35,-3977.0,41,26,2151.0,True,True,bp,-7.2592592592592595
6863,324.3348457009689,50,-6,34,344169,344127,344177,344142,344173,58.40277777777778,31,-5128.0,42,8,629.0,False,False,bp,-7.2592592592592595
6864,497.05847379148094,83,-16,7,344222,344177,344260,344198,344243,73.29464285714286,45,-7297.0,45,38,3667.0,False,False,bp,-7.2592592592592595
6865,386.96418141554847,67,7,-25,344281,344260,344327,344272,344297,98.37152777777777,25,-5233.0,21,46,3383.0,False,False,bp,-7.2592592592592595
6866,118.4993691368524,34,13,-16,344336,344327,344361,344329,344349,118.31868131868131,20,-3147.0,9,25,1996.0,False,False,bp,-7.2592592592592595
6867,1112.4733878224317,50,19,0,344386,344361,344411,344382,344393,282.0178571428571,11,-3260.0,25,25,4531.0,False,False,bp,-7.2592592592592595
6868,537.2466477580658,66,22,-18,344435,344411,344477,344423,344447,58.66666666666667,24,-69.0,24,42,1861.0,False,False,bp,-7.2592592592592595
6869,445.9606835964749,49,10,1,344502,344477,344526,344493,344512,88.42222222222222,19,63.0,25,24,1418.0,False,False,bp,-7.2592592592592595
6870,476.33552007250114,50,-12,34,344568,344526,344576,344541,344571,127.75925925925924,30,-1619.0,42,8,1332.0,False,False,bp,-7.2592592592592595
6871,754.8395095446588,51,-11,-1,344601,344576,344627,344589,344619,80.9722222222222,30,-1415.0,25,26,4478.0,False,False,bp,-7.2592592592592595
6872,332.01429359019437,50,20,0,344652,344627,344677,344638,344661,48.75,23,1679.0,25,25,999.0,False,False,bp,-7.2592592592592595
6873,1230.202313072567,83,-24,13,343091,343043,343126,343069,343113,62.65909090909091,44,-48.0,48,35,4269.0,True,True,bp,-7.2592592592592595
6874,1226.242362290785,67,-3,19,343169,343126,343193,343133,343178,135.38888888888889,45,-95.0,43,24,3747.0,True,True,bp,-7.2592592592592595
6875,2531.0015391769643,83,5,3,343236,343193,343276,343220,343248,224.3333333333333,28,-2513.0,43,40,6200.0,True,True,bp,-7.2592592592592595
6876,1353.792549635787,67,3,-5,343307,343276,343343,343281,343320,80.71153846153845,39,254.0,31,36,2658.0,True,True,bp,-7.2592592592592595
6877,647.9081236174187,65,33,21,343386,343343,343408,343362,343389,120.85416666666669,27,410.0,43,22,1106.0,False,False,bp,-7.2592592592592595
6878,655.0460939452832,84,3,6,343453,343408,343492,343449,343476,198.67391304347825,27,-906.0,45,39,2191.0,False,False,bp,-7.2592592592592595
6879,793.146462811071,68,-19,8,343530,343492,343560,343506,343546,96.36458333333331,40,-1569.0,38,30,3376.0,True,False,bp,-7.2592592592592595
6880,911.025540327188,33,1,17,343585,343560,343593,343567,343589,207.16666666666663,22,-2119.0,25,8,2404.0,True,False,bp,-7.2592592592592595
6881,699.2180143332048,52,12,-6,343616,343593,343645,343612,343630,258.94642857142856,18,-2153.0,23,29,2880.0,True,True,bp,-7.2592592592592595
6882,347.32164756530267,50,-24,-12,343664,343645,343695,343660,343691,118.32407407407408,31,-807.0,19,31,1360.0,True,True,bp,-7.2592592592592595
6883,824.165439356183,43,1,-19,343707,343695,343738,343698,343723,107.13194444444444,25,-1552.0,12,31,2289.0,True,True,bp,-7.2592592592592595
6884,881.7604122823378,40,-7,12,343764,343738,343778,343749,343772,110.75,23,-1741.0,26,14,2107.0,True,True,bp,-7.2592592592592595
6885,325.7064601045159,48,3,0,343802,343778,343826,343788,343812,63.90714285714286,24,-1024.0,24,24,1796.0,True,True,bp,-7.2592592592592595
6886,606.2770771509287,52,-9,10,343857,343826,343878,343839,343872,54.13888888888889,33,-1416.0,31,21,2160.0,True,True,bp,-7.2592592592592595
6887,1067.1377437696897,49,4,-1,343902,343878,343927,343896,343916,185.2142857142857,20,-2215.0,24,25,2739.0,True,True,bp,-7.2592592592592595
6888,752.3096854576627,73,6,-17,343955,343927,344000,343940,343973,95.02777777777777,33,-1898.0,28,45,3003.0,True,False,bp,-7.2592592592592595
6889,252.44251221609528,28,9,12,344020,344000,344028,344012,344025,91.4625,13,-427.0,20,8,954.0,False,False,bp,-7.2592592592592595
6890,1395.6155019582525,49,26,1,344053,344028,344077,344047,344060,310.5357142857143,13,-2843.0,25,24,4500.0,False,False,bp,-7.2592592592592595
6891,1067.4832754174913,67,-3,15,344118,344077,344144,344099,344129,114.51913875598085,30,-2123.0,41,26,3254.0,True,True,bp,-7.2592592592592595
6892,419.0449287768354,81,-14,-23,344173,344144,344225,344156,344199,38.42533936651584,43,-1999.0,29,52,906.0,False,False,bp,-7.2592592592592595
6893,427.41144696682784,52,-6,-32,344235,344225,344277,344228,344261,99.36813186813185,33,-2832.0,10,42,2143.0,True,True,bp,-7.2592592592592595
6894,776.560610133553,79,24,-29,344302,344277,344356,344288,344315,89.2032967032967,27,-3148.0,25,54,3437.0,False,False,bp,-7.2592592592592595
6895,761.9657399699026,51,5,-1,344381,344356,344407,344366,344392,87.41818181818182,26,-1015.0,25,26,2785.0,False,False,bp,-7.2592592592592595
6896,523.1421182189574,70,26,-14,344435,344407,344477,344423,344453,93.9027777777778,30,-1153.0,28,42,1991.0,True,True,bp,-7.2592592592592595
6897,646.0117119137709,66,17,20,344520,344477,344543,344509,344526,134.24242424242425,17,-1794.0,43,23,1800.0,True,False,bp,-7.2592592592592595
6898,708.8920377160131,50,4,0,344568,344543,344593,344560,344576,165.125,16,-2622.0,25,25,2270.0,False,False,bp,-7.2592592592592595
6899,217.41539736714046,34,4,-18,344601,344593,344627,344596,344621,60.325,25,-1003.0,8,26,2553.0,False,False,bp,-7.2592592592592595
6900,130.70615729497266,49,9,29,344666,344627,344676,344650,344672,98.80208333333334,22,-750.0,39,10,1902.0,True,True,bp,-7.2592592592592595
6901,1825.121361957001,68,19,4,345912,345876,345944,345899,345922,186.64615384615382,23,-1600.0,36,32,4818.0,True,True,bp,-1.3908045977011494
6902,1124.944582287407,82,4,2,345986,345944,346026,345964,346002,77.70170454545455,38,-799.0,42,40,2132.0,True,True,bp,-1.3908045977011494
6903,733.7460948086456,47,14,7,346053,346026,346073,346044,346056,165.3888888888889,12,-1720.0,27,20,1148.0,False,False,bp,-1.3908045977011494
6904,229.9682576836156,53,6,-29,346085,346073,346126,346082,346103,130.44444444444446,21,-1670.0,12,41,2440.0,False,False,bp,-1.3908045977011494
6905,681.1283067638598,63,19,-13,346151,346126,346189,346130,346156,133.63809523809522,26,-1126.0,25,38,2341.0,True,True,bp,-1.3908045977011494
6906,1223.492434591306,50,8,8,346218,346189,346239,346201,346224,159.58333333333331,23,-1601.0,29,21,3209.0,True,True,bp,-1.3908045977011494
6907,1173.4086442751054,65,-12,-7,346268,346239,346304,346255,346290,119.72027972027969,35,-1923.0,29,36,3889.0,True,True,bp,-1.3908045977011494
6908,947.3216305317641,39,-3,-1,346323,346304,346343,346313,346338,113.26666666666668,25,-513.0,19,20,3021.0,True,True,bp,-1.3908045977011494
6909,566.8818921951856,67,8,17,346385,346343,346410,346360,346390,215.04,30,379.0,42,25,4545.0,False,False,bp,-1.3908045977011494
6910,1498.6102992619205,49,5,3,346436,346410,346459,346428,346446,225.7125,18,61.0,26,23,2706.0,True,True,bp,-1.3908045977011494
6911,1483.9605930360412,51,-6,1,346485,346459,346510,346469,346498,130.41586538461542,29,-733.0,26,25,4245.0,True,True,bp,-1.3908045977011494
6912,2172.574249809796,79,11,-29,346535,346510,346589,346521,346550,191.42380952380955,29,-2170.0,25,54,5094.0,False,False,bp,-1.3908045977011494
6913,309.5110214596635,37,-25,-35,346590,346589,346626,346590,346622,,32,2973.0,1,36,1786.0,False,False,bp,-1.3908045977011494
6914,204.84196200271725,34,-7,-10,346638,346626,346660,346629,346656,40.02777777777778,27,3908.0,12,22,984.0,False,False,bp,-1.3908045977011494
6915,1453.7800835800851,50,15,0,346685,346660,346710,346676,346696,174.40404040404042,20,1811.0,25,25,3681.0,False,False,bp,-1.3908045977011494
6916,1808.1636256124814,67,-2,15,346751,346710,346777,346731,346757,210.45,26,986.0,41,26,3783.0,False,False,bp,-1.3908045977011494
6917,422.4852793593215,38,3,12,346802,346777,346815,346781,346805,120.92857142857143,24,3542.0,25,13,1578.0,False,False,bp,-1.3908045977011494
6918,640.4089590320789,61,-7,11,346851,346815,346876,346832,346864,61.85627530364372,32,2110.0,36,25,1414.0,False,False,bp,-1.3908045977011494
6919,530.2228995799742,51,-18,33,346918,346876,346927,346889,346923,96.5310344827586,34,718.0,42,9,1373.0,False,False,bp,-1.3908045977011494
6920,262.5278088721086,33,4,17,346952,346927,346960,346939,346957,81.01538461538463,18,868.0,25,8,1442.0,True,True,bp,-1.3908045977011494
6921,552.2061724804566,48,0,4,346986,346960,347008,346979,346998,83.52976190476191,19,506.0,26,22,942.0,True,True,bp,-1.3908045977011494
6922,538.2893469092742,35,-1,-13,347019,347008,347043,347017,347036,160.08823529411762,19,547.0,11,24,2905.0,False,False,bp,-1.3908045977011494
6923,821.9441061233772,49,-7,1,347068,347043,347092,347054,347081,52.46978021978022,27,1392.0,25,24,1675.0,False,False,bp,-1.3908045977011494
6924,499.19396901097434,67,-5,21,347136,347092,347159,347101,347147,57.759740259740255,46,-379.0,44,23,2152.0,False,False,bp,-1.3908045977011494
6925,811.7975805378328,97,5,23,347219,347159,347256,347188,347227,124.52217741935483,39,-753.0,60,37,3618.0,True,False,bp,-1.3908045977011494
6926,534.952546180652,54,-11,36,347301,347256,347310,347271,347304,116.58333333333331,33,804.0,45,9,1267.0,False,False,bp,-1.3908045977011494
6927,417.2080272248657,67,-23,17,347352,347310,347377,347326,347364,60.346153846153854,38,-693.0,42,25,2197.0,False,False,bp,-1.3908045977011494
6928,217.73587934437543,33,-16,7,347397,347377,347410,347379,347406,38.861111111111114,27,272.0,20,13,974.0,False,False,bp,-1.3908045977011494
6929,639.534747358084,68,-1,-20,347434,347410,347478,347417,347455,60.8375350140056,38,-714.0,24,44,2691.0,False,False,bp,-1.3908045977011494
6930,421.8324050396632,32,6,24,347506,347478,347510,347492,347507,117.0,15,-792.0,28,4,700.0,False,False,bp,-1.3908045977011494
6931,1024.6777148033357,39,27,13,347536,347510,347549,347528,347541,246.1625,13,-3713.0,26,13,2874.0,False,False,bp,-1.3908045977011494
6932,636.0399146278135,76,-15,32,347603,347549,347625,347581,347612,79.59848484848484,31,-4191.0,54,22,1947.0,True,False,bp,-1.3908045977011494
6933,437.64861590899216,36,-17,-14,347636,347625,347661,347628,347655,110.93421052631581,27,-4460.0,11,25,1863.0,True,False,bp,-1.3908045977011494
6934,516.0817023263661,46,-8,-26,347671,347661,347707,347665,347693,128.83333333333331,28,-5006.0,10,36,1802.0,True,True,bp,-1.3908045977011494
6935,334.49413798468134,34,-10,-12,347718,347707,347741,347713,347735,121.73529411764706,22,-4985.0,11,23,2030.0,True,True,bp,-1.3908045977011494
6936,237.32995879362375,37,0,-13,347753,347741,347778,347747,347774,54.08333333333333,27,-4050.0,12,25,2229.0,False,False,bp,-1.3908045977011494
6937,411.8167622511682,67,11,13,347818,347778,347845,347801,347827,61.7516339869281,26,-3708.0,40,27,1466.0,True,True,bp,-1.3908045977011494
6938,198.63476696576046,39,3,23,347876,347845,347884,347864,347880,-8.875,16,-4435.0,31,8,-313.0,False,False,bp,-1.3908045977011494
6939,350.21008825065604,32,15,6,347903,347884,347916,347899,347907,248.625,8,-7049.0,19,13,1723.0,False,False,bp,-1.3908045977011494
6940,317.5750518210158,77,32,-37,347936,347916,347993,347930,347966,114.5,36,-7074.0,20,57,3591.0,False,False,bp,-1.3908045977011494
6941,267.88914304760794,83,10,35,348052,347993,348076,348034,348056,173.79166666666663,22,-5743.0,59,24,2531.0,True,False,bp,-1.3908045977011494
6942,721.0405758158432,51,-4,1,348102,348076,348127,348088,348114,86.48809523809523,26,-5154.0,26,25,2174.0,True,True,bp,-1.3908045977011494
6943,255.58695507659118,33,-8,5,348146,348127,348160,348136,348156,61.85,20,-5222.0,19,14,813.0,False,False,bp,-1.3908045977011494
6944,874.078369873157,48,7,2,348185,348160,348208,348168,348195,87.05588235294118,27,-7329.0,25,23,3052.0,False,False,bp,-1.3908045977011494
6945,540.5883363714723,101,-1,-11,348253,348208,348309,348229,348277,69.3125,48,-5126.0,45,56,3602.0,False,False,bp,-1.3908045977011494
6946,502.4437871261644,52,6,2,348336,348309,348361,348324,348341,158.25,17,-3164.0,27,25,2181.0,False,False,bp,-1.3908045977011494
6947,167.6621319388791,33,31,-19,348368,348361,348394,348364,348380,79.41666666666667,16,-1620.0,7,26,2523.0,False,False,bp,-1.3908045977011494
6948,1528.632270787011,80,15,-34,345918,345895,345975,345911,345939,197.5,28,-1969.0,23,57,3571.0,True,True,bp,-1.3908045977011494
6949,1336.595098551978,61,0,-9,346001,345975,346036,345982,346014,117.42510121457491,32,-1423.0,26,35,3584.0,True,True,bp,-1.3908045977011494
6950,1478.6114742682237,57,-5,9,346069,346036,346093,346046,346074,159.27826086956517,28,-2042.0,33,24,2690.0,True,True,bp,-1.3908045977011494
6951,680.7129970882446,54,1,-2,346119,346093,346147,346097,346129,104.0909090909091,32,-1488.0,26,28,2468.0,True,True,bp,-1.3908045977011494
6952,1224.409237549452,46,16,-2,346169,346147,346193,346162,346179,173.44285714285712,17,-1406.0,22,24,3457.0,True,True,bp,-1.3908045977011494
6953,1719.2415245094821,69,7,-17,346219,346193,346262,346212,346239,207.3964285714286,27,-1989.0,26,43,3834.0,True,True,bp,-1.3908045977011494
6954,1351.9837807635565,47,6,-1,346285,346262,346309,346273,346294,160.52777777777774,21,-2067.0,23,24,3109.0,True,True,bp,-1.3908045977011494
6955,470.58839264602005,81,-4,-27,346336,346309,346390,346321,346363,91.48888888888888,42,-1000.0,27,54,4779.0,False,False,bp,-1.3908045977011494
6956,920.3824630313187,53,-21,5,346419,346390,346443,346401,346439,69.33055555555556,38,-28.0,29,24,1415.0,False,False,bp,-1.3908045977011494
6957,1080.732128769466,66,-4,-16,346468,346443,346509,346456,346491,93.06702898550724,35,-1194.0,25,41,3612.0,True,True,bp,-1.3908045977011494
6958,760.4187434235163,67,-16,-13,346536,346509,346576,346522,346563,78.60582010582009,41,-640.0,27,40,3560.0,False,False,bp,-1.3908045977011494
6959,277.7725175496149,35,-6,17,346602,346576,346611,346588,346607,62.25,19,1612.0,26,9,1302.0,False,False,bp,-1.3908045977011494
6960,533.6743791892111,48,-14,-10,346630,346611,346659,346620,346653,32.48913043478261,33,1973.0,19,29,2136.0,False,False,bp,-1.3908045977011494
6961,753.5520371785099,51,-19,3,346686,346659,346710,346672,346706,67.76428571428572,34,1388.0,27,24,2177.0,True,True,bp,-1.3908045977011494
6962,1267.9418344484552,65,5,7,346746,346710,346775,346721,346755,119.14222222222223,34,963.0,36,29,3311.0,True,True,bp,-1.3908045977011494
6963,1765.5074620457708,85,27,-29,346803,346775,346860,346794,346822,179.38011695906434,28,-414.0,28,57,3613.0,True,False,bp,-1.3908045977011494
6964,948.4637976610243,50,-9,34,346902,346860,346910,346877,346905,151.24666666666667,28,58.0,42,8,1803.0,True,False,bp,-1.3908045977011494
6965,219.1933883277338,50,1,0,346935,346910,346960,346924,346945,63.87272727272728,21,381.0,25,25,1319.0,False,False,bp,-1.3908045977011494
6966,1123.6652598932856,50,-10,0,346985,346960,347010,346967,346996,139.92171717171718,29,-1282.0,25,25,3027.0,False,False,bp,-1.3908045977011494
6967,735.3148939334766,33,7,-11,347021,347010,347043,347015,347037,135.76041666666669,22,-605.0,11,22,2225.0,True,False,bp,-1.3908045977011494
6968,716.5182054525006,67,2,17,347085,347043,347110,347066,347097,79.41008771929825,31,-738.0,42,25,1459.0,True,False,bp,-1.3908045977011494
6969,670.551481338558,72,3,-16,347138,347110,347182,347130,347163,89.2175,33,-1222.0,28,44,2310.0,True,True,bp,-1.3908045977011494
6970,1363.4834547272344,62,10,12,347219,347182,347244,347199,347226,175.26071428571427,27,-2076.0,37,25,3848.0,True,True,bp,-1.3908045977011494
6971,1140.5885724090342,66,-13,24,347289,347244,347310,347263,347302,78.78846153846155,39,-1497.0,45,21,2664.0,True,True,bp,-1.3908045977011494
6972,1057.3966018733963,83,19,-31,347336,347310,347393,347328,347358,148.3806818181818,30,-1907.0,26,57,4396.0,False,False,bp,-1.3908045977011494
6973,576.67797908171,67,-12,15,347434,347393,347460,347407,347449,54.49629629629629,42,467.0,41,26,2558.0,False,False,bp,-1.3908045977011494
6974,324.5569080606173,35,10,15,347485,347460,347495,347479,347490,187.6833333333333,11,188.0,25,10,1328.0,False,False,bp,-1.3908045977011494
6975,687.3310444698864,47,10,-1,347518,347495,347542,347511,347523,234.32857142857142,12,-1782.0,23,24,2014.0,False,False,bp,-1.3908045977011494
6976,404.4133799360447,35,-10,-15,347552,347542,347577,347545,347568,121.92410714285714,23,-2008.0,10,25,2286.0,True,True,bp,-1.3908045977011494
6977,471.8032688015557,49,4,-25,347589,347577,347626,347581,347603,93.78571428571428,22,-1624.0,12,37,1914.0,True,True,bp,-1.3908045977011494
6978,523.0377597729207,50,38,-32,347635,347626,347676,347629,347651,104.76041666666669,22,-1523.0,9,41,1891.0,True,False,bp,-1.3908045977011494
6979,79.09436302132885,67,-12,47,347733,347676,347743,347711,347738,138.5818181818182,27,-2836.0,57,10,2279.0,True,False,bp,-1.3908045977011494
6980,300.9421252083256,50,-7,0,347768,347743,347793,347753,347780,44.63333333333333,27,-2518.0,25,25,1700.0,True,True,bp,-1.3908045977011494
6981,491.0019933687653,40,-13,14,347820,347793,347833,347800,347825,105.25,25,-3371.0,27,13,1494.0,True,False,bp,-1.3908045977011494
6982,77.61415305555634,34,6,-6,347847,347833,347867,347837,347856,104.62777777777778,19,-3376.0,14,20,1147.0,True,False,bp,-1.3908045977011494
6983,400.44358542979086,68,40,-32,347885,347867,347935,347881,347896,153.75,15,-3704.0,18,50,2775.0,True,False,bp,-1.3908045977011494
6984,691.3109229818127,44,-3,24,347969,347935,347979,347951,347975,106.13888888888887,24,-3777.0,34,10,1997.0,True,False,bp,-1.3908045977011494
6985,720.1951426287019,48,2,24,348015,347979,348027,347996,348019,161.3486842105263,23,-5050.0,36,12,1934.0,True,True,bp,-1.3908045977011494
6986,600.3976892676275,43,4,9,348053,348027,348070,348044,348058,178.38888888888889,14,-5607.0,26,17,2215.0,True,True,bp,-1.3908045977011494
6987,394.4679295869963,37,-4,-9,348084,348070,348107,348076,348096,111.91666666666669,20,-5073.0,14,23,2532.0,True,True,bp,-1.3908045977011494
6988,451.1467364483329,31,14,-9,348118,348107,348138,348112,348127,175.83333333333337,15,-5396.0,11,20,1907.0,True,False,bp,-1.3908045977011494
6989,281.5356030923302,90,-14,0,348183,348138,348228,348156,348207,57.569444444444436,51,-6475.0,45,45,3682.0,False,False,bp,-1.3908045977011494
6990,532.5550666975039,65,7,-11,348255,348228,348293,348244,348269,86.94155844155844,25,-4241.0,27,38,3036.0,False,False,bp,-1.3908045977011494
6991,665.8700861061088,31,0,-3,348307,348293,348324,348301,348318,129.1439393939394,17,-2696.0,14,17,3049.0,False,False,bp,-1.3908045977011494
6992,218.47754422834396,36,-3,10,348347,348324,348360,348335,348352,72.56666666666669,17,-709.0,23,13,1695.0,False,False,bp,-1.3908045977011494
6993,401.0894714780465,50,27,-28,348371,348360,348410,348366,348388,156.6529411764706,22,-947.0,11,39,2169.0,True,False,bp,-1.3908045977011494
6994,1216.8380362167568,66,-6,-6,350773,350743,350809,350756,350788,84.08235294117647,32,-22.0,30,36,2303.0,True,True,bp,-2.238095238095238
6995,745.3573836196929,67,30,-43,350821,350809,350876,350814,350839,120.6825396825397,25,138.0,12,55,2470.0,True,True,bp,-2.238095238095238
6996,620.5608327766737,50,17,0,350901,350876,350926,350894,350913,90.00595238095238,19,975.0,25,25,1800.0,True,True,bp,-2.238095238095238
6997,655.6656392012866,51,-10,23,350963,350926,350977,350949,350973,94.64285714285714,24,-100.0,37,14,1307.0,False,False,bp,-2.238095238095238
6998,457.8535351363243,51,6,-1,351002,350977,351028,350987,351020,41.75555555555556,33,41.0,25,26,2303.0,True,False,bp,-2.238095238095238
6999,1270.3667979275308,69,17,11,351068,351028,351097,351059,351079,176.86868686868686,20,-1085.0,40,29,3082.0,True,True,bp,-2.238095238095238
7000,896.4348635569937,63,1,13,351135,351097,351160,351116,351147,90.98903508771929,31,-1244.0,38,25,1870.0,True,True,bp,-2.238095238095238
7001,673.3280857875493,50,-13,2,351186,351160,351210,351179,351203,119.27731092436973,24,-1466.0,26,24,2975.0,True,True,bp,-2.238095238095238
7002,796.5002657420578,49,13,-31,351219,351210,351259,351214,351238,149.15263157894736,24,-354.0,9,40,3049.0,True,False,bp,-2.238095238095238
7003,2024.9462590065375,67,9,-15,351285,351259,351326,351275,351305,164.725,30,-1162.0,26,41,5293.0,True,True,bp,-2.238095238095238
7004,1008.0999176330438,84,9,-34,351351,351326,351410,351344,351379,176.83928571428572,35,764.0,25,59,2561.0,False,False,bp,-2.238095238095238
7005,442.4955527730375,50,-16,0,351435,351410,351460,351423,351451,45.8125,28,2511.0,25,25,2242.0,False,False,bp,-2.238095238095238
7006,936.826929900674,46,-1,-16,351475,351460,351506,351463,351490,88.175,27,2984.0,15,31,2604.0,True,True,bp,-2.238095238095238
7007,1060.2160340384655,50,6,8,351535,351506,351556,351516,351541,115.51315789473685,25,3320.0,29,21,2287.0,True,True,bp,-2.238095238095238
7008,430.38719038518616,70,-16,24,351603,351556,351626,351572,351620,44.53510436432638,48,2364.0,47,23,1342.0,False,False,bp,-2.238095238095238
7009,455.0093187346429,67,8,17,351668,351626,351693,351652,351671,123.97916666666669,19,688.0,42,25,1587.0,False,False,bp,-2.238095238095238
7010,883.2023111363786,50,-21,-2,351717,351693,351743,351698,351737,66.33815789473684,39,-590.0,24,26,2493.0,True,True,bp,-2.238095238095238
7011,379.24022936175794,37,24,13,351768,351743,351780,351755,351771,124.03846153846158,16,-629.0,25,12,1353.0,False,False,bp,-2.238095238095238
7012,1009.8806741217439,64,8,14,351819,351780,351844,351811,351833,172.625,22,-2544.0,39,25,3241.0,False,False,bp,-2.238095238095238
7013,615.2296749978087,66,-14,18,351886,351844,351910,351863,351896,102.53478260869564,33,-3454.0,42,24,2174.0,True,False,bp,-2.238095238095238
7014,671.1099640321376,33,-12,7,351930,351910,351943,351915,351937,140.93333333333334,22,-4173.0,20,13,2585.0,True,False,bp,-2.238095238095238
7015,359.69550568939206,33,11,13,351966,351943,351976,351947,351969,145.8421052631579,22,-4423.0,23,10,1802.0,True,True,bp,-2.238095238095238
7016,270.0946841550022,51,-3,25,352014,351976,352027,352002,352021,93.42261904761904,19,-4840.0,38,13,1798.0,True,False,bp,-2.238095238095238
7017,70.35403198632487,28,14,20,352051,352027,352055,352037,352052,143.42857142857142,15,-4566.0,24,4,1062.0,False,False,bp,-2.238095238095238
7018,74.21854689055442,38,5,22,352085,352055,352093,352081,352090,248.6,9,-5698.0,30,8,1728.0,False,False,bp,-2.238095238095238
7019,788.0972406482875,50,-22,10,352123,352093,352143,352104,352139,80.23190789473685,35,-5817.0,30,20,3295.0,False,False,bp,-2.238095238095238
7020,567.5024524217391,62,4,-18,352165,352143,352205,352152,352181,32.019230769230774,29,-3648.0,22,40,1874.0,False,False,bp,-2.238095238095238
7021,489.5624117564592,38,1,-12,352218,352205,352243,352214,352236,149.93055555555554,22,-3516.0,13,25,2266.0,True,False,bp,-2.238095238095238
7022,415.20485547125816,83,-1,3,352286,352243,352326,352259,352298,71.93055555555556,39,-4381.0,43,40,2795.0,True,False,bp,-2.238095238095238
7023,820.1897742696669,50,8,-10,352346,352326,352376,352336,352359,78.90384615384616,23,-4372.0,20,30,2197.0,True,True,bp,-2.238095238095238
7024,358.46087330763174,63,-13,9,352412,352376,352439,352390,352424,55.44318181818181,34,-3602.0,36,27,1855.0,True,False,bp,-2.238095238095238
7025,507.51499556441496,88,31,-64,352451,352439,352527,352445,352484,107.4090909090909,39,-3484.0,12,76,4050.0,False,False,bp,-2.238095238095238
7026,880.803263399864,82,4,0,352568,352527,352609,352554,352581,119.59615384615385,27,-3709.0,41,41,3663.0,False,False,bp,-2.238095238095238
7027,465.5537203163702,32,19,-14,352618,352609,352641,352612,352627,139.08333333333331,15,-1850.0,9,23,1983.0,False,False,bp,-2.238095238095238
7028,1295.5903697622487,79,10,-27,350802,350776,350855,350794,350823,156.79166666666666,29,-1317.0,26,53,2779.0,False,False,bp,-2.238095238095238
7029,388.6419280072914,37,13,-17,350865,350855,350892,350862,350873,180.75,11,344.0,10,27,2224.0,False,False,bp,-2.238095238095238
7030,822.0290658746717,35,-5,5,350912,350892,350927,350897,350919,88.1,22,460.0,20,15,1927.0,True,True,bp,-2.238095238095238
7031,843.4897887060312,49,-12,1,350952,350927,350976,350936,350972,62.8375,36,-546.0,25,24,1814.0,True,True,bp,-2.238095238095238
7032,1347.7697279907195,67,13,-11,351004,350976,351043,350996,351021,125.45588235294115,25,-1080.0,28,39,3550.0,True,True,bp,-2.238095238095238
7033,1748.6549677202975,65,11,-15,351068,351043,351108,351059,351089,181.88888888888889,30,-1877.0,25,40,4468.0,True,True,bp,-2.238095238095238
7034,593.0776324292857,84,-8,36,351168,351108,351192,351130,351175,113.27443609022556,45,-783.0,60,24,2821.0,True,False,bp,-2.238095238095238
7035,958.48974014498,68,21,-14,351219,351192,351260,351212,351231,192.35119047619045,19,-1273.0,27,41,3609.0,True,True,bp,-2.238095238095238
7036,1213.2220018871526,48,19,-14,351277,351260,351308,351271,351291,142.1547619047619,20,94.0,17,31,3268.0,True,True,bp,-2.238095238095238
7037,1299.5321008829762,68,-4,-12,351336,351308,351376,351330,351362,188.16025641025644,32,-32.0,28,40,3967.0,True,True,bp,-2.238095238095238
7038,2323.671345345192,84,20,-32,351402,351376,351460,351390,351417,209.23333333333332,27,-1394.0,26,58,5865.0,True,False,bp,-2.238095238095238
7039,1565.0260121701092,49,3,-25,351472,351460,351509,351464,351487,177.25,23,821.0,12,37,3743.0,True,False,bp,-2.238095238095238
7040,1221.2381603181889,41,4,11,351535,351509,351550,351513,351541,133.4469696969697,28,1900.0,26,15,3149.0,True,True,bp,-2.238095238095238
7041,392.6490908358933,109,-27,-9,351600,351550,351659,351573,351631,37.996415770609325,58,355.0,50,59,1890.0,False,False,bp,-2.238095238095238
7042,610.131388732072,34,19,-16,351668,351659,351693,351662,351675,144.32142857142858,13,109.0,9,25,1489.0,True,True,bp,-2.238095238095238
7043,456.15452878350817,50,-7,20,351728,351693,351743,351707,351737,71.0,30,72.0,35,15,1620.0,False,False,bp,-2.238095238095238
7044,1141.740018825554,50,12,0,351768,351743,351793,351760,351772,350.6875,12,-2907.0,25,25,3514.0,False,False,bp,-2.238095238095238
7045,795.9660943326134,38,5,-18,351803,351793,351831,351796,351814,117.57792207792208,18,-1789.0,10,28,2474.0,True,True,bp,-2.238095238095238
7046,670.9792069623917,34,1,8,351852,351831,351865,351837,351856,158.26666666666662,19,-2066.0,21,13,1984.0,True,True,bp,-2.238095238095238
7047,550.2884316970307,34,12,6,351885,351865,351899,351876,351888,213.11111111111111,12,-3394.0,20,14,1488.0,False,False,bp,-2.238095238095238
7048,873.9240243506308,48,-2,22,351934,351899,351947,351912,351936,224.72727272727272,24,-4451.0,35,13,2215.0,True,True,bp,-2.238095238095238
7049,566.4242290479474,61,34,-19,351968,351947,352008,351958,351978,152.10000000000005,20,-4357.0,21,40,2517.0,True,False,bp,-2.238095238095238
7050,890.52959145216,67,22,-7,352038,352008,352075,352032,352045,251.27380952380955,13,-5167.0,30,37,2653.0,True,True,bp,-2.238095238095238
7051,458.0798268361991,52,0,-30,352086,352075,352127,352080,352108,141.9318181818182,28,-4982.0,11,41,2148.0,True,True,bp,-2.238095238095238
7052,598.6611987624922,66,16,-16,352152,352127,352193,352136,352173,29.19940476190476,37,-4048.0,25,41,4151.0,False,False,bp,-2.238095238095238
7053,544.3846454920881,50,1,32,352234,352193,352243,352226,352237,278.33333333333337,11,-3192.0,41,9,2327.0,True,False,bp,-2.238095238095238
7054,528.2639437755397,50,-16,6,352271,352243,352293,352249,352281,94.58181818181818,32,-3796.0,28,22,2000.0,True,True,bp,-2.238095238095238
7055,652.9973814412367,36,0,-16,352303,352293,352329,352297,352315,202.29166666666663,18,-4479.0,10,26,2833.0,True,True,bp,-2.238095238095238
7056,583.2143639677741,37,-3,9,352352,352329,352366,352333,352358,78.82456140350877,25,-3823.0,23,14,1600.0,True,True,bp,-2.238095238095238
7057,654.3151341471231,49,21,-13,352384,352366,352415,352380,352388,290.75,8,-4300.0,18,31,3227.0,False,False,bp,-2.238095238095238
7058,180.73179578046106,28,10,-16,352421,352415,352443,352417,352430,127.15277777777777,13,-2105.0,6,22,2162.0,False,False,bp,-2.238095238095238
7059,451.7950920213623,52,0,-2,352468,352443,352495,352453,352480,55.575,27,-1642.0,25,27,1942.0,True,True,bp,-2.238095238095238
7060,249.12433245804917,48,-10,18,352528,352495,352543,352507,352536,66.44047619047619,29,-1364.0,33,15,1481.0,False,False,bp,-2.238095238095238
7061,922.8069776461424,37,-4,9,352566,352543,352580,352555,352574,136.92045454545456,19,-3277.0,23,14,3150.0,False,False,bp,-2.238095238095238
7062,614.4197855385544,52,14,-6,352603,352580,352632,352589,352618,48.22380952380952,29,-2061.0,23,29,1248.0,False,False,bp,-2.238095238095238
7063,279.2249375799739,65,35,-47,354601,354592,354657,354597,354613,75.04166666666666,16,1515.0,9,56,2528.0,False,False,bp,0.16470588235294117
7064,614.1153799277419,37,31,19,354685,354657,354694,354664,354688,75.26190476190476,24,1464.0,28,9,501.0,False,False,bp,0.16470588235294117
7065,2370.381448998611,99,28,39,354763,354694,354793,354743,354772,235.65,29,-4568.0,69,30,5738.0,False,False,bp,0.16470588235294117
7066,3339.0536726213722,83,29,1,354835,354793,354876,354829,354853,366.36111111111114,24,-4351.0,42,41,9521.0,True,True,bp,0.16470588235294117
7067,3529.805910058868,83,10,1,354918,354876,354959,354906,354936,287.70833333333337,30,-2939.0,42,41,7998.0,True,True,bp,0.16470588235294117
7068,3196.3422601698344,64,-10,14,354998,354959,355023,354976,355008,237.2090909090909,32,-1340.0,39,25,7167.0,True,False,bp,0.16470588235294117
7069,1094.1833631509098,36,-16,-2,355040,355023,355059,355030,355056,118.30625,26,1814.0,17,19,567.0,False,False,bp,0.16470588235294117
7070,2841.216798353105,67,27,-35,355075,355059,355126,355066,355096,273.03968253968253,30,-3372.0,16,51,8974.0,False,False,bp,0.16470588235294117
7071,2163.6744868524647,68,3,18,355169,355126,355194,355153,355186,154.85661764705884,33,-421.0,43,25,4256.0,True,True,bp,0.16470588235294117
7072,1662.1247843293233,66,-6,16,355235,355194,355260,355222,355250,165.58205128205128,28,-1397.0,41,25,4130.0,False,False,bp,0.16470588235294117
7073,1046.0088535843297,50,0,0,355285,355260,355310,355272,355303,74.5363247863248,31,670.0,25,25,2205.0,False,False,bp,0.16470588235294117
7074,1592.8911023999954,83,1,-1,355351,355310,355393,355334,355373,126.25935828877004,39,-1967.0,41,42,4746.0,False,False,bp,0.16470588235294117
7075,1882.80217011638,83,31,-25,355422,355393,355476,355413,355438,186.89930555555557,25,-1897.0,29,54,3646.0,True,True,bp,0.16470588235294117
7076,1603.1150207785254,67,3,-15,355502,355476,355543,355494,355522,180.725,28,-3010.0,26,41,2989.0,True,True,bp,0.16470588235294117
7077,1138.7802931688825,66,20,-16,355568,355543,355609,355553,355575,140.34285714285716,22,-3047.0,25,41,2645.0,True,False,bp,0.16470588235294117
7078,798.4345421701959,35,26,15,355634,355609,355644,355617,355638,161.1102941176471,21,-2282.0,25,10,2231.0,True,False,bp,0.16470588235294117
7079,469.26502030673714,72,-2,44,355702,355644,355716,355685,355709,55.65126050420168,24,-2029.0,58,14,1480.0,True,False,bp,0.16470588235294117
7080,225.53820884664765,33,24,3,355734,355716,355749,355731,355740,162.08333333333334,9,-1593.0,18,15,1640.0,True,False,bp,0.16470588235294117
7081,431.3855656205328,61,-16,43,355801,355749,355810,355773,355805,138.91071428571428,32,-2205.0,52,9,1785.0,True,False,bp,0.16470588235294117
7082,411.3239726756717,46,3,2,355834,355810,355856,355821,355841,93.78571428571428,20,-1479.0,24,22,2238.0,False,False,bp,0.16470588235294117
7083,427.37684953143525,70,-29,20,355901,355856,355926,355864,355911,50.409459459459455,47,-1275.0,45,25,1596.0,True,False,bp,0.16470588235294117
7084,731.2901997490545,34,1,8,355947,355926,355960,355929,355953,130.25,24,-1438.0,21,13,2636.0,True,False,bp,0.16470588235294117
7085,552.4374106283362,81,-8,3,356002,355960,356041,355978,356023,47.45535714285714,45,-1586.0,42,39,1050.0,False,False,bp,0.16470588235294117
7086,466.5456161106736,51,-4,3,356068,356041,356092,356060,356081,90.91826923076924,21,-2875.0,27,24,1651.0,False,False,bp,0.16470588235294117
7087,156.70201281407162,34,7,-10,356104,356092,356126,356098,356114,144.8,16,-3277.0,12,22,1594.0,True,True,bp,0.16470588235294117
7088,684.8406806794543,49,1,3,356152,356126,356175,356137,356162,144.31666666666666,25,-4768.0,26,23,2527.0,True,True,bp,0.16470588235294117
7089,436.01420292854607,68,-5,-14,356202,356175,356243,356188,356220,64.65079365079364,32,-4358.0,27,41,2519.0,True,True,bp,0.16470588235294117
7090,526.689909251112,55,1,-37,356252,356243,356298,356247,356273,136.64285714285714,26,-3742.0,9,46,2756.0,False,False,bp,0.16470588235294117
7091,309.6513300195709,44,-12,-28,356306,356298,356342,356300,356329,76.86956521739131,29,-1915.0,8,36,1661.0,False,False,bp,0.16470588235294117
7092,729.9653152738323,56,-20,-38,356351,356342,356398,356346,356386,170.1,40,-3228.0,9,47,2602.0,False,False,bp,0.16470588235294117
7093,408.82799681291056,79,-36,-39,356418,356398,356477,356406,356462,22.41666666666667,56,-1803.0,20,59,4581.0,False,False,bp,0.16470588235294117
7094,1443.8450343410022,37,26,11,356501,356477,356514,356482,356506,219.5,24,-1197.0,24,13,3250.0,True,False,bp,0.16470588235294117
7095,544.6685378727327,47,-5,-7,354602,354582,354629,354589,354617,72.13333333333333,28,-858.0,20,27,2262.0,True,True,bp,0.16470588235294117
7096,881.2805294320456,64,-9,-20,354651,354629,354693,354640,354679,91.44480519480518,39,-1192.0,22,42,3311.0,True,False,bp,0.16470588235294117
7097,1142.01218071532,83,18,1,354735,354693,354776,354709,354741,134.05769230769232,32,-1557.0,42,41,2847.0,True,True,bp,0.16470588235294117
7098,506.0561034400658,84,4,-34,354801,354776,354860,354791,354832,73.69193548387095,41,-1156.0,25,59,3469.0,True,True,bp,0.16470588235294117
7099,1777.4239953671563,82,51,-30,354886,354860,354942,354877,354904,215.22222222222226,27,-2449.0,26,56,3917.0,True,True,bp,0.16470588235294117
7100,1697.0897685898312,80,9,18,354991,354942,355022,354982,355003,186.13888888888889,21,-1656.0,49,31,4547.0,True,False,bp,0.16470588235294117
7101,1762.551213527366,43,0,5,355046,355022,355065,355033,355055,163.15811965811966,22,-1853.0,24,19,2685.0,True,False,bp,0.16470588235294117
7102,996.0534562942897,62,2,-22,355085,355065,355127,355077,355109,150.16666666666666,32,-2315.0,20,42,5172.0,True,False,bp,0.16470588235294117
7103,2198.7684748995475,67,1,-15,355153,355127,355194,355143,355171,183.4111111111111,28,-1252.0,26,41,5752.0,True,True,bp,0.16470588235294117
7104,1551.437066883345,54,18,-8,355217,355194,355248,355200,355222,185.3529411764706,22,596.0,23,31,2830.0,True,True,bp,0.16470588235294117
7105,1154.5563019180215,62,19,-20,355269,355248,355310,355262,355286,160.26890756302518,24,192.0,21,41,3041.0,True,True,bp,0.16470588235294117
7106,1345.3483691120712,78,-22,10,355354,355310,355388,355329,355374,106.865,45,-302.0,44,34,5682.0,True,True,bp,0.16470588235294117
7107,1316.2493748619704,39,-6,11,355413,355388,355427,355397,355423,74.19375,26,2260.0,25,14,1365.0,False,False,bp,0.16470588235294117
7108,1263.2949616658145,49,1,1,355452,355427,355476,355443,355468,120.57986111111113,25,1224.0,25,24,2847.0,False,False,bp,0.16470588235294117
7109,2670.5427086858567,64,5,12,355514,355476,355540,355494,355520,261.28333333333336,26,-3317.0,38,26,4300.0,False,False,bp,0.16470588235294117
7110,2428.3348252364976,53,8,-7,355563,355540,355593,355551,355571,285.9166666666667,20,-4651.0,23,30,5725.0,True,True,bp,0.16470588235294117
7111,1440.0134804211411,50,0,0,355618,355593,355643,355599,355636,106.11695906432749,37,-3571.0,25,25,3082.0,True,False,bp,0.16470588235294117
7112,647.0990057591191,100,-51,18,355702,355643,355743,355673,355737,52.11871921182265,64,-2407.0,59,41,3572.0,True,False,bp,0.16470588235294117
7113,1002.5659190749024,34,-3,16,355768,355743,355777,355750,355771,148.47222222222226,21,-2858.0,25,9,1013.0,False,False,bp,0.16470588235294117
7114,478.48235126920616,49,6,-1,355801,355777,355826,355789,355806,154.40833333333333,17,-4126.0,24,25,2004.0,False,False,bp,0.16470588235294117
7115,623.1572423062985,34,-16,-14,355836,355826,355860,355829,355854,99.71031746031746,25,-3411.0,10,24,3645.0,False,False,bp,0.16470588235294117
7116,427.344496079103,65,-38,-43,355871,355860,355925,355863,355918,73.33776595744679,55,-1503.0,11,54,3151.0,False,False,bp,0.16470588235294117
7117,501.34376583074,34,1,10,355947,355925,355959,355935,355953,153.0,18,-992.0,22,12,2488.0,True,False,bp,0.16470588235294117
7118,927.8257865931874,66,11,18,356001,355959,356025,355972,356009,125.20905172413794,37,-3282.0,42,24,1577.0,False,False,bp,0.16470588235294117
7119,733.0496221888523,56,-1,32,356069,356025,356081,356057,356073,199.79166666666669,16,-5359.0,44,12,2396.0,False,False,bp,0.16470588235294117
7120,300.1096895869508,33,4,-11,356092,356081,356114,356088,356108,146.125,20,-4644.0,11,22,2514.0,True,False,bp,0.16470588235294117
7121,239.5303040804137,64,-21,50,356171,356114,356178,356132,356174,106.58974358974359,42,-4267.0,57,7,1247.0,True,False,bp,0.16470588235294117
7122,87.21230708750309,32,21,20,356204,356178,356210,356195,356207,181.05555555555557,12,-4795.0,26,6,1628.0,True,False,bp,0.16470588235294117
7123,464.1114669991362,81,-1,1,356251,356210,356291,356240,356270,117.47607655502392,30,-6005.0,41,40,3256.0,False,False,bp,0.16470588235294117
7124,376.00288835617823,34,20,-14,356301,356291,356325,356299,356312,150.0681818181818,13,-3082.0,10,24,3391.0,False,False,bp,0.16470588235294117
7125,1188.1234454059695,51,-10,3,356352,356325,356376,356345,356368,152.01339285714286,23,-3006.0,27,24,2521.0,True,True,bp,0.16470588235294117
7126,771.9955228640644,43,-20,15,356405,356376,356419,356381,356413,92.75,32,-3636.0,29,14,1820.0,False,False,bp,0.16470588235294117
7127,319.8312291900438,53,-2,-31,356430,356419,356472,356425,356453,65.65217391304347,28,-2279.0,11,42,4363.0,False,False,bp,0.16470588235294117
7128,686.0410078094421,53,0,-23,356487,356472,356525,356479,356504,84.33823529411767,25,521.0,15,38,2675.0,False,False,bp,0.16470588235294117
7129,192.6592553317899,36,-12,14,356550,356525,356561,356529,356558,28.273809523809533,29,1735.0,25,11,591.0,False,False,bp,0.16470588235294117
7130,282.6553940074355,36,10,0,356579,356561,356597,356575,356586,185.25,11,134.0,18,18,796.0,False,False,bp,0.16470588235294117
7131,1656.4243805714752,61,1,1,358435,358404,358465,358427,358451,209.3125,24,-2208.0,31,30,4083.0,True,True,bp,-3.776315789473684
7132,1052.513801786025,77,6,-39,358484,358465,358542,358476,358512,106.51785714285714,36,-387.0,19,58,2926.0,False,False,bp,-3.776315789473684
7133,3526.2663348804967,50,9,-2,358566,358542,358592,358554,358574,417.0625,20,-5882.0,24,26,8154.0,False,False,bp,-3.776315789473684
7134,757.0110595418267,50,13,2,358618,358592,358642,358603,358624,145.86666666666667,21,1088.0,26,24,3244.0,False,False,bp,-3.776315789473684
7135,2895.087133166411,50,14,2,358668,358642,358692,358658,358676,363.2875,18,-2006.0,26,24,6198.0,True,True,bp,-3.776315789473684
7136,2133.88747002309,66,7,-14,358718,358692,358758,358708,358735,225.94117647058826,27,-2145.0,26,40,4080.0,True,True,bp,-3.776315789473684
7137,1760.4092415016958,51,23,-7,358780,358758,358809,358769,358790,162.30454545454546,21,-1366.0,22,29,3825.0,True,True,bp,-3.776315789473684
7138,3068.008838633069,84,26,-6,358848,358809,358893,358834,358859,270.84415584415586,25,-3983.0,39,45,7212.0,True,True,bp,-3.776315789473684
7139,1886.081035883436,83,-5,-1,358934,358893,358976,358910,358952,126.25694444444444,42,-2306.0,41,42,5011.0,True,True,bp,-3.776315789473684
7140,1438.0967950553063,50,13,2,359002,358976,359026,358989,359010,160.84615384615384,21,-1216.0,26,24,2736.0,True,True,bp,-3.776315789473684
7141,1331.754875758844,66,2,-14,359052,359026,359092,359044,359068,194.71875,24,-2557.0,26,40,4511.0,False,False,bp,-3.776315789473684
7142,597.3374569413595,34,-4,-14,359102,359092,359126,359094,359119,122.31617647058823,25,128.0,10,24,3242.0,False,False,bp,-3.776315789473684
7143,605.4657295169968,50,-13,8,359155,359126,359176,359140,359170,65.3,30,1356.0,29,21,2002.0,True,True,bp,-3.776315789473684
7144,137.10687585008566,36,-1,12,359200,359176,359212,359187,359205,72.86923076923077,18,2262.0,24,12,1535.0,True,True,bp,-3.776315789473684
7145,1075.7121909195712,63,-2,-15,359236,359212,359275,359222,359255,87.68233082706767,33,2540.0,24,39,4516.0,False,False,bp,-3.776315789473684
7146,1152.9078016799374,51,2,1,359301,359275,359326,359286,359307,93.28333333333332,21,4487.0,26,25,1749.0,True,False,bp,-3.776315789473684
7147,186.34509074611424,22,15,-4,359335,359326,359348,359330,359340,165.0,10,4177.0,9,13,998.0,False,False,bp,-3.776315789473684
7148,986.8247206926037,83,22,-5,359387,359348,359431,359365,359396,144.62878787878788,31,213.0,39,44,1733.0,False,False,bp,-3.776315789473684
7149,1502.40533179569,61,15,-9,359457,359431,359492,359449,359467,212.3375,18,-1705.0,26,35,3877.0,False,False,bp,-3.776315789473684
7150,1369.0793271853106,65,2,-13,359518,359492,359557,359500,359531,111.70726495726495,31,-1458.0,26,39,3058.0,True,True,bp,-3.776315789473684
7151,957.729460075725,52,-6,10,359588,359557,359609,359564,359597,69.69444444444444,33,-1749.0,31,21,2030.0,True,True,bp,-3.776315789473684
7152,655.8068761929437,51,-5,1,359635,359609,359660,359624,359647,84.73863636363637,23,-1580.0,26,25,2206.0,True,True,bp,-3.776315789473684
7153,302.8200339037519,82,-19,-34,359684,359660,359742,359665,359720,39.71271929824562,55,-1629.0,24,58,1371.0,True,False,bp,-3.776315789473684
7154,473.60054327589654,64,-12,20,359784,359742,359806,359756,359789,81.51071428571429,33,-2224.0,42,22,1479.0,True,False,bp,-3.776315789473684
7155,809.1542660659555,36,-18,-8,359820,359806,359842,359810,359836,107.8625,26,-3188.0,14,22,1887.0,False,False,bp,-3.776315789473684
7156,276.7148813241386,34,12,-16,359851,359842,359876,359844,359868,73.53781512605042,24,-2179.0,9,25,2108.0,False,False,bp,-3.776315789473684
7157,217.77270674193764,83,-22,-1,359917,359876,359959,359904,359944,30.300569800569807,40,-1723.0,41,42,1475.0,True,True,bp,-3.776315789473684
7158,87.33382095177139,36,16,-16,359969,359959,359995,359962,359983,56.0,21,-1465.0,10,26,543.0,False,False,bp,-3.776315789473684
7159,145.95160255049112,65,12,15,360035,359995,360060,360020,360038,196.03333333333333,18,-3463.0,40,25,1888.0,False,False,bp,-3.776315789473684
7160,199.82402990556648,32,22,4,360078,360060,360092,360068,360084,21.66666666666667,16,-2574.0,18,14,708.0,False,False,bp,-3.776315789473684
7161,237.0337839018687,84,-8,32,360150,360092,360176,360122,360156,109.70833333333331,34,-4227.0,58,26,2074.0,False,False,bp,-3.776315789473684
7162,244.66278120135036,29,19,-13,360184,360176,360205,360182,360196,111.91666666666669,14,-2852.0,8,21,1128.0,False,False,bp,-3.776315789473684
7163,410.45067561696953,38,26,18,360233,360205,360243,360229,360236,222.41666666666663,7,-2641.0,28,10,2007.0,False,False,bp,-3.776315789473684
7164,216.17794318726257,66,-13,50,360301,360243,360309,360269,360304,76.98958333333333,35,-3408.0,58,8,1194.0,False,False,bp,-3.776315789473684
7165,206.74754491619146,50,10,4,360336,360309,360359,360326,360346,40.90000000000001,20,-3085.0,27,23,1392.0,True,True,bp,-3.776315789473684
7166,360.66134373979037,33,16,7,360379,360359,360392,360376,360386,162.71428571428572,10,-2520.0,20,13,2647.0,False,False,bp,-3.776315789473684
7167,400.38441320967837,67,19,17,360434,360392,360459,360412,360440,85.56060606060606,28,-1230.0,42,25,1885.0,True,True,bp,-3.776315789473684
7168,2448.007492718302,49,-2,-3,358429,358406,358455,358411,358439,180.67222222222225,28,-2593.0,23,26,4940.0,True,True,bp,-3.776315789473684
7169,1497.0014954414748,50,-13,10,358485,358455,358505,358465,358497,116.00833333333333,32,-1869.0,30,20,3014.0,True,True,bp,-3.776315789473684
7170,619.1400161984219,38,6,20,358534,358505,358543,358516,358538,169.29166666666666,22,-1038.0,29,9,2628.0,True,False,bp,-3.776315789473684
7171,1416.361035096313,82,5,0,358584,358543,358625,358566,358595,169.41666666666669,29,-3103.0,41,41,4943.0,False,False,bp,-3.776315789473684
7172,550.3472906495653,35,28,-17,358634,358625,358660,358629,358640,138.66666666666666,11,380.0,9,26,1985.0,False,False,bp,-3.776315789473684
7173,826.1530143164432,49,12,1,358685,358660,358709,358679,358690,158.75,11,1085.0,25,24,2198.0,True,True,bp,-3.776315789473684
7174,772.2759300726287,51,0,-31,358719,358709,358760,358713,358747,159.39880952380952,34,-49.0,10,41,2679.0,True,False,bp,-3.776315789473684
7175,1081.6476468524347,55,19,-5,358785,358760,358815,358781,358797,221.8333333333333,16,512.0,25,30,3703.0,True,True,bp,-3.776315789473684
7176,2629.480884332261,73,19,-11,358846,358815,358888,358832,358856,258.25,24,-1779.0,31,42,5972.0,True,True,bp,-3.776315789473684
7177,1645.3769261606315,87,0,-29,358917,358888,358975,358899,358947,134.05,48,-1422.0,29,58,5671.0,True,False,bp,-3.776315789473684
7178,1746.7924752426845,51,14,3,359002,358975,359026,358995,359012,261.17857142857144,17,-364.0,27,24,3837.0,True,False,bp,-3.776315789473684
7179,1827.642752668296,66,37,10,359064,359026,359092,359043,359075,181.55194805194802,32,-1588.0,38,28,5045.0,True,True,bp,-3.776315789473684
7180,364.17593514871396,100,4,50,359167,359092,359192,359144,359173,113.17753623188406,29,849.0,75,25,2301.0,True,False,bp,-3.776315789473684
7181,1252.8220300490664,52,0,0,359218,359192,359244,359206,359236,116.80555555555556,30,989.0,26,26,4002.0,True,False,bp,-3.776315789473684
7182,975.116361900858,77,-8,3,359284,359244,359321,359266,359301,85.29084967320263,35,1856.0,40,37,2693.0,True,True,bp,-3.776315789473684
7183,1633.9048500694626,55,4,-27,359335,359321,359376,359328,359356,184.35714285714286,28,1340.0,14,41,4441.0,True,True,bp,-3.776315789473684
7184,895.1084607095671,66,-17,12,359415,359376,359442,359388,359430,71.56296296296296,42,-78.0,39,27,2182.0,False,False,bp,-3.776315789473684
7185,305.71857061487674,34,10,4,359461,359442,359476,359455,359470,137.94444444444446,15,221.0,19,15,2195.0,True,True,bp,-3.776315789473684
7186,1594.2046112391834,50,12,0,359501,359476,359526,359495,359519,240.22222222222226,24,-1326.0,25,25,3638.0,True,False,bp,-3.776315789473684
7187,955.71726089306,71,19,33,359578,359526,359597,359555,359583,153.66521739130434,28,-1321.0,52,19,2318.0,True,True,bp,-3.776315789473684
7188,961.8978689538983,78,26,-2,359635,359597,359675,359630,359646,270.8636363636364,16,-2761.0,38,40,3366.0,True,True,bp,-3.776315789473684
7189,713.384218348974,51,11,1,359701,359675,359726,359688,359713,94.0096153846154,25,-2824.0,26,25,1049.0,False,False,bp,-3.776315789473684
7190,1022.8643065860747,57,2,25,359767,359726,359783,359749,359771,153.86111111111111,22,-4379.0,41,16,2505.0,False,False,bp,-3.776315789473684
7191,1036.9403287456275,54,-4,-16,359802,359783,359837,359795,359821,141.48496240601503,26,-4431.0,19,35,2970.0,True,True,bp,-3.776315789473684
7192,551.0725833420839,40,0,-12,359851,359837,359877,359843,359863,149.08333333333331,20,-3986.0,14,26,2425.0,True,True,bp,-3.776315789473684
7193,496.63927765222655,34,-9,18,359903,359877,359911,359883,359906,137.31666666666666,23,-4966.0,26,8,1376.0,False,False,bp,-3.776315789473684
7194,66.9692030552375,25,21,11,359929,359911,359936,359920,359931,179.88888888888889,11,-5559.0,18,7,1345.0,True,False,bp,-3.776315789473684
7195,644.5220767024363,42,4,22,359968,359936,359978,359963,359974,256.4166666666667,11,-6610.0,32,10,3335.0,True,False,bp,-3.776315789473684
7196,352.6123842446341,63,-23,7,360013,359978,360041,359989,360029,41.60416666666667,40,-4950.0,35,28,1742.0,True,False,bp,-3.776315789473684
7197,399.29334959575317,34,-6,-12,360052,360041,360075,360046,360070,144.88888888888889,24,-5851.0,11,23,2058.0,True,False,bp,-3.776315789473684
7198,726.195736602633,54,-25,-2,360101,360075,360129,360088,360123,47.236013986013994,35,-6147.0,26,28,3781.0,True,True,bp,-3.776315789473684
7199,443.166231021165,80,-13,-34,360152,360129,360209,360133,360181,49.8584392014519,48,-4692.0,23,57,3821.0,True,True,bp,-3.776315789473684
7200,571.8689894002671,66,-9,-38,360223,360209,360275,360216,360252,122.69950738916256,36,-3332.0,14,52,2213.0,True,False,bp,-3.776315789473684
7201,769.9528694754836,38,4,-8,360290,360275,360313,360279,360298,120.4090909090909,19,-3330.0,15,23,2264.0,True,False,bp,-3.776315789473684
7202,784.0138205261937,63,11,-21,360334,360313,360376,360321,360353,91.22672064777329,32,-3383.0,21,42,4456.0,False,False,bp,-3.776315789473684
7203,601.7188468343534,48,19,2,360401,360376,360424,360396,360407,175.75,11,-877.0,25,23,1861.0,False,False,bp,-3.776315789473684
7204,483.8358938354769,35,11,17,360450,360424,360459,360437,360454,126.4903846153846,17,-1039.0,26,9,1928.0,True,False,bp,-3.776315789473684
7205,186.96378011920254,34,18,-16,362767,362758,362792,362761,362778,139.0681818181818,17,826.0,9,25,1468.0,False,False,bp,1.208955223880597
7206,1304.6088018656171,83,5,-1,362833,362792,362875,362813,362851,114.15277777777777,38,-3023.0,41,42,3974.0,False,False,bp,1.208955223880597
7207,991.2658709576656,68,39,-16,362901,362875,362943,362894,362908,207.57142857142856,14,-2117.0,26,42,2367.0,True,True,bp,1.208955223880597
7208,856.0719835062594,66,5,-18,362967,362943,363009,362961,362986,133.71929824561406,25,-1742.0,24,42,2766.0,True,True,bp,1.208955223880597
7209,434.0091489992485,51,4,-11,363029,363009,363060,363016,363046,69.27149321266968,30,-1111.0,20,31,1334.0,True,True,bp,1.208955223880597
7210,376.66280080522665,71,26,9,363100,363060,363131,363080,363116,45.3,36,-1419.0,40,31,2138.0,True,True,bp,1.208955223880597
7211,403.91543643625,109,-31,31,363201,363131,363240,363178,363227,64.0794314381271,49,-2218.0,70,39,2389.0,False,False,bp,1.208955223880597
7212,372.8343828798933,38,2,-24,363247,363240,363278,363245,363267,95.775,22,-129.0,7,31,3176.0,False,False,bp,1.208955223880597
7213,793.9969987318965,64,0,12,363316,363278,363342,363291,363318,172.77,27,175.0,38,26,1857.0,True,True,bp,1.208955223880597
7214,930.4101076003038,39,-4,9,363366,363342,363381,363345,363371,139.7952380952381,26,-62.0,24,15,2629.0,True,True,bp,1.208955223880597
7215,540.4145241921085,44,-4,-6,363400,363381,363425,363393,363414,103.64285714285714,21,406.0,19,25,1362.0,True,True,bp,1.208955223880597
7216,624.4993474634524,50,-23,2,363451,363425,363475,363431,363470,64.22894736842105,39,-703.0,26,24,2411.0,True,True,bp,1.208955223880597
7217,885.4213092316858,50,2,-2,363499,363475,363525,363486,363508,124.73076923076924,22,-972.0,24,26,2954.0,True,True,bp,1.208955223880597
7218,1276.720585365769,51,5,-1,363550,363525,363576,363532,363557,174.8214285714286,25,-701.0,25,26,3702.0,True,True,bp,1.208955223880597
7219,1094.020444538535,49,-5,-1,363600,363576,363625,363587,363610,119.68461538461538,23,-536.0,24,25,2027.0,True,True,bp,1.208955223880597
7220,334.1525849120063,34,4,-16,363634,363625,363659,363628,363652,71.22222222222223,24,457.0,9,25,2076.0,False,False,bp,1.208955223880597
7221,597.7670732445197,47,-10,13,363689,363659,363706,363680,363702,96.81623931623932,22,252.0,30,17,1736.0,True,True,bp,1.208955223880597
7222,595.2398574984387,36,-8,18,363733,363706,363742,363714,363738,118.7,24,-856.0,27,9,1699.0,True,True,bp,1.208955223880597
7223,359.6944010852976,48,-24,28,363780,363742,363790,363754,363786,53.948717948717956,32,-613.0,38,10,1378.0,True,False,bp,1.208955223880597
7224,184.6909670223846,35,7,-13,363801,363790,363825,363794,363812,83.9090909090909,18,-228.0,11,24,1596.0,True,False,bp,1.208955223880597
7225,327.85465052442765,63,19,-13,363850,363825,363888,363837,363861,116.04195804195804,24,-870.0,25,38,1352.0,True,False,bp,1.208955223880597
7226,903.0140383032148,59,14,-1,363917,363888,363947,363904,363929,116.99679487179485,25,-1775.0,29,30,2658.0,True,True,bp,1.208955223880597
7227,602.2174732697306,79,-12,-1,363986,363947,364026,363968,364008,75.50252525252526,40,-3030.0,39,40,3481.0,False,False,bp,1.208955223880597
7228,259.77015569836425,50,-21,-2,364050,364026,364076,364036,364072,12.568181818181818,36,-110.0,24,26,1363.0,False,False,bp,1.208955223880597
7229,659.2385419936489,50,-10,-2,364100,364076,364126,364087,364113,113.53846153846158,26,-1451.0,24,26,2207.0,True,True,bp,1.208955223880597
7230,531.4933182333017,32,10,-16,364134,364126,364158,364129,364146,202.98333333333332,17,-1826.0,8,24,2230.0,True,False,bp,1.208955223880597
7231,366.98630053627596,68,-11,-14,364185,364158,364226,364173,364207,83.81060606060606,34,-1171.0,27,41,2040.0,True,False,bp,1.208955223880597
7232,698.6350222329373,33,16,-11,364237,364226,364259,364230,364252,109.2,22,-1008.0,11,22,2108.0,True,False,bp,1.208955223880597
7233,660.4980032820125,83,-30,31,364316,364259,364342,364290,364334,74.73717948717949,44,-1434.0,57,26,2666.0,True,False,bp,1.208955223880597
7234,258.73187385778454,50,9,-32,364351,364342,364392,364348,364375,163.875,27,-278.0,9,41,2099.0,True,False,bp,1.208955223880597
7235,737.5910259244661,50,7,0,364417,364392,364442,364411,364429,168.20833333333331,18,-791.0,25,25,2158.0,True,True,bp,1.208955223880597
7236,374.06711287532,49,11,3,364468,364442,364491,364454,364474,99.88095238095238,20,-273.0,26,23,1782.0,True,True,bp,1.208955223880597
7237,382.1356051688166,34,-7,8,364512,364491,364525,364505,364520,116.90178571428572,15,-562.0,21,13,1360.0,True,True,bp,1.208955223880597
7238,283.3847961055776,34,-10,6,364545,364525,364559,364528,364554,71.79411764705883,26,-582.0,20,14,2165.0,False,False,bp,1.208955223880597
7239,662.8865358587527,62,0,-12,364584,364559,364621,364570,364600,45.99107142857143,30,713.0,25,37,2516.0,False,False,bp,1.208955223880597
7240,1344.9043480496393,50,-2,2,362768,362742,362792,362760,362784,166.8125,24,-309.0,26,24,2901.0,True,True,bp,1.208955223880597
7241,1084.2526488727108,47,28,3,362817,362792,362839,362806,362823,166.4848484848485,17,-319.0,25,22,2648.0,True,False,bp,1.208955223880597
7242,759.5053117160554,92,-3,32,362901,362839,362931,362868,362915,92.56060606060606,47,-1810.0,62,30,3204.0,True,False,bp,1.208955223880597
7243,1195.5472461848565,73,19,3,362969,362931,363004,362959,362980,167.52727272727273,21,-3038.0,38,35,2983.0,True,True,bp,1.208955223880597
7244,161.161768607972,38,-2,16,363031,363004,363042,363020,363041,8.459090909090909,21,-1901.0,27,11,182.0,False,False,bp,1.208955223880597
7245,558.9298467333866,46,9,4,363067,363042,363088,363060,363072,215.75714285714287,12,-4843.0,25,21,2014.0,False,False,bp,1.208955223880597
7246,501.2139442143042,37,27,-17,363098,363088,363125,363093,363110,120.54166666666669,17,-4444.0,10,27,2435.0,True,False,bp,1.208955223880597
7247,295.2182517165951,83,-16,1,363167,363125,363208,363154,363190,90.59364548494983,36,-4549.0,42,41,2280.0,True,False,bp,1.208955223880597
7248,293.9459185335528,66,-10,-50,363216,363208,363274,363210,363248,121.05208333333331,38,-3592.0,8,58,5858.0,False,False,bp,1.208955223880597
7249,257.98801623198545,34,29,-24,363279,363274,363308,363276,363289,166.91666666666669,13,1084.0,5,29,1948.0,False,False,bp,1.208955223880597
7250,443.6655718089318,67,-9,17,363350,363308,363375,363331,363363,60.65587044534414,32,1605.0,42,25,2052.0,True,False,bp,1.208955223880597
7251,175.98515312262558,35,-11,3,363394,363375,363410,363386,363408,54.75,22,2613.0,19,16,828.0,False,False,bp,1.208955223880597
7252,795.5819779087116,33,1,15,363434,363410,363443,363419,363439,128.4,20,1332.0,24,9,2258.0,False,False,bp,1.208955223880597
7253,585.1336074137054,82,-11,-32,363468,363443,363525,363460,363504,123.09722222222223,44,861.0,25,57,3628.0,True,False,bp,1.208955223880597
7254,1362.138069619436,48,-6,2,363550,363525,363573,363537,363565,66.90769230769232,28,1777.0,25,23,3409.0,True,False,bp,1.208955223880597
7255,803.290181285305,69,-16,25,363620,363573,363642,363587,363625,141.7060606060606,38,-495.0,47,22,2681.0,False,False,bp,1.208955223880597
7256,739.6369153053157,36,-13,14,363667,363642,363678,363647,363672,137.025,25,-1087.0,25,11,1776.0,True,False,bp,1.208955223880597
7257,159.6021039408875,30,23,-12,363687,363678,363708,363684,363694,239.07142857142856,10,-909.0,9,21,2152.0,True,False,bp,1.208955223880597
7258,289.23881629067415,52,-14,12,363740,363708,363760,363727,363757,51.93438914027149,30,-423.0,32,20,1432.0,True,False,bp,1.208955223880597
7259,472.06300375151534,49,-7,23,363796,363760,363809,363773,363801,54.13913043478261,28,-1134.0,36,13,1214.0,True,True,bp,1.208955223880597
7260,622.9883404249489,36,7,14,363834,363809,363845,363822,363838,165.33333333333334,16,-2096.0,25,11,2461.0,True,False,bp,1.208955223880597
7261,912.4836027125799,61,12,-15,363868,363845,363906,363861,363884,174.08035714285714,23,-2898.0,23,38,2787.0,True,False,bp,1.208955223880597
7262,864.6036608586618,38,29,18,363934,363906,363944,363919,363939,177.46666666666667,20,-3043.0,28,10,3398.0,True,False,bp,1.208955223880597
7263,1010.2318961844549,81,4,35,364002,363944,364025,363988,364007,201.35714285714286,19,-3475.0,58,23,4094.0,True,False,bp,1.208955223880597
7264,763.0185217018447,44,1,2,364048,364025,364069,364030,364054,113.83333333333334,24,-1959.0,23,21,1694.0,True,False,bp,1.208955223880597
7265,574.3880561821536,41,-3,-9,364085,364069,364110,364079,364106,128.6547619047619,27,-2677.0,16,25,2855.0,True,False,bp,1.208955223880597
7266,419.4324601372202,65,1,15,364150,364110,364175,364130,364155,142.775,25,-3435.0,40,25,2335.0,True,False,bp,1.208955223880597
7267,911.843459551578,49,12,-29,364185,364175,364224,364181,364198,225.8942307692308,17,-3189.0,10,39,3871.0,True,False,bp,1.208955223880597
7268,232.3885838316585,19,18,-3,364232,364224,364243,364227,364236,204.25,9,-1419.0,8,11,1052.0,False,False,bp,1.208955223880597
7269,994.0968517974808,50,10,0,364268,364243,364293,364263,364278,230.45,15,-3276.0,25,25,2603.0,False,False,bp,1.208955223880597
7270,960.954556081638,66,-13,16,364334,364293,364359,364303,364342,155.8266129032258,39,-4029.0,41,25,4565.0,False,False,bp,1.208955223880597
7271,512.4488568732661,83,10,-55,364373,364359,364442,364368,364401,140.1535714285714,33,-1381.0,14,69,3007.0,False,False,bp,1.208955223880597
7272,355.68318561841363,32,2,-16,364450,364442,364474,364444,364462,149.41666666666669,18,-421.0,8,24,2614.0,True,False,bp,1.208955223880597
7273,1368.1432711530313,46,8,-2,364496,364474,364520,364482,364505,137.89682539682542,23,-389.0,22,24,3374.0,True,True,bp,1.208955223880597
7274,628.0766601476668,39,-1,21,364550,364520,364559,364536,364554,154.64285714285714,18,-329.0,30,9,2637.0,True,True,bp,1.208955223880597
7275,658.338469574162,62,19,-12,364584,364559,364621,364571,364589,242.7769230769231,18,-1367.0,25,37,3097.0,True,False,bp,1.208955223880597
7276,630.9198960438888,50,9,0,366117,366092,366142,366111,366128,166.78787878787878,17,-337.0,25,25,1861.0,True,True,bp,0.7272727272727273
7277,253.31953878178481,78,-10,4,366183,366142,366220,366154,366197,39.70443349753693,43,-1331.0,41,37,1865.0,True,False,bp,0.7272727272727273
7278,655.8844911829914,36,0,-8,366234,366220,366256,366230,366246,141.625,16,-744.0,14,22,2397.0,True,False,bp,0.7272727272727273
7279,578.2184612716999,35,-10,-5,366271,366256,366291,366262,366285,103.4325396825397,23,-762.0,15,20,1745.0,False,False,bp,0.7272727272727273
7280,1361.7680078164015,64,-11,-14,366316,366291,366355,366298,366335,114.14766081871346,37,-3702.0,25,39,3437.0,False,False,bp,0.7272727272727273
7281,1646.596834945359,53,-13,-3,366380,366355,366408,366361,366395,114.15789473684212,34,-3412.0,25,28,4372.0,True,True,bp,0.7272727272727273
7282,1264.3088387363036,35,-2,17,366434,366408,366443,366416,366439,144.44444444444446,23,-2491.0,26,9,2011.0,True,False,bp,0.7272727272727273
7283,471.30823290493834,48,0,-2,366466,366443,366491,366460,366477,116.32575757575756,17,-1838.0,23,25,2006.0,True,True,bp,0.7272727272727273
7284,968.8609411920627,51,23,-9,366512,366491,366542,366494,366519,107.46428571428572,25,-1987.0,21,30,2520.0,True,True,bp,0.7272727272727273
7285,1623.1538553610471,66,11,10,366580,366542,366608,366567,366586,220.7628205128205,19,-2786.0,38,28,4336.0,True,True,bp,0.7272727272727273
7286,1030.8921854978128,61,-2,-11,366633,366608,366669,366616,366647,83.13025210084034,31,-2282.0,25,36,2286.0,False,False,bp,0.7272727272727273
7287,280.10283512394335,56,12,-28,366683,366669,366725,366676,366696,131.27472527472526,20,-1122.0,14,42,3670.0,False,False,bp,0.7272727272727273
7288,461.60868076635285,34,10,-16,366734,366725,366759,366728,366752,86.8888888888889,24,1121.0,9,25,1939.0,False,False,bp,0.7272727272727273
7289,931.4829721345179,66,-15,16,366800,366759,366825,366786,366819,112.37781954887221,33,-984.0,41,25,3343.0,False,False,bp,0.7272727272727273
7290,921.1242247629033,51,12,-1,366850,366825,366876,366837,366860,118.51153846153845,23,-286.0,25,26,3145.0,True,True,bp,0.7272727272727273
7291,406.0338647587712,47,15,3,366901,366876,366923,366895,366909,154.5625,14,964.0,25,22,706.0,False,False,bp,0.7272727272727273
7292,564.8425965410977,52,11,2,366950,366923,366975,366938,366957,144.25,19,-67.0,27,25,2530.0,False,False,bp,0.7272727272727273
7293,905.9396696722316,67,9,-15,367001,366975,367042,366987,367017,76.49553571428572,30,-75.0,26,41,2498.0,True,True,bp,0.7272727272727273
7294,347.92049587824334,65,-18,17,367083,367042,367107,367056,367094,71.10101010101009,38,-499.0,41,24,1139.0,False,False,bp,0.7272727272727273
7295,467.4076131380142,50,-11,2,367133,367107,367157,367114,367144,90.99282296650719,30,-962.0,26,24,1691.0,True,True,bp,0.7272727272727273
7296,877.5794725560016,35,2,7,367178,367157,367192,367163,367186,100.04583333333332,23,-860.0,21,14,2317.0,False,False,bp,0.7272727272727273
7297,1043.2871205687384,83,-8,23,367245,367192,367275,367211,367256,125.63770053475938,45,-3335.0,53,30,4529.0,False,False,bp,0.7272727272727273
7298,1715.410116153983,51,4,31,367316,367275,367326,367293,367321,153.82608695652175,28,-2839.0,41,10,2513.0,True,True,bp,0.7272727272727273
7299,1198.6097630596769,83,12,-3,367366,367326,367409,367353,367384,107.99572649572652,31,-3486.0,40,43,3876.0,True,True,bp,0.7272727272727273
7300,1699.5583715067387,66,9,-16,367434,367409,367475,367427,367455,208.9523809523809,28,-3939.0,25,41,4530.0,True,True,bp,0.7272727272727273
7301,1898.0960695888227,51,10,1,367501,367475,367526,367492,367516,193.57777777777775,24,-3062.0,26,25,4260.0,True,True,bp,0.7272727272727273
7302,1149.754810333188,66,8,16,367567,367526,367592,367550,367576,124.25163398692811,26,-2746.0,41,25,2387.0,True,True,bp,0.7272727272727273
7303,1069.1354567939284,54,-7,2,367620,367592,367646,367610,367639,110.84736842105265,29,-3440.0,28,26,2335.0,True,True,bp,0.7272727272727273
7304,372.6907174079738,79,-22,29,367700,367646,367725,367661,367711,42.32051282051282,50,-3129.0,54,25,1680.0,True,True,bp,0.7272727272727273
7305,358.0179475832716,50,-16,30,367765,367725,367775,367739,367770,67.12307692307692,31,-2978.0,40,10,1080.0,False,False,bp,0.7272727272727273
7306,379.5948643777783,33,2,7,367795,367775,367808,367785,367804,113.69444444444444,19,-4275.0,20,13,1934.0,False,False,bp,0.7272727272727273
7307,360.72805205412857,68,-9,16,367850,367808,367876,367825,367861,99.56727272727272,36,-5845.0,42,26,1512.0,False,False,bp,0.7272727272727273
7308,470.88961199221495,49,-17,-3,367899,367876,367925,367888,367917,54.95454545454545,29,-5488.0,23,26,2600.0,False,False,bp,0.7272727272727273
7309,686.6828835040443,67,7,-15,367951,367925,367992,367929,367962,76.18181818181819,33,-4857.0,26,41,3134.0,True,True,bp,0.7272727272727273
7310,727.9305960288905,67,11,-11,368020,367992,368059,368002,368029,83.05555555555556,27,-5001.0,28,39,2753.0,True,True,bp,0.7272727272727273
7311,688.1302453540036,66,7,-18,368083,368059,368125,368067,368099,51.71875,32,-4186.0,24,42,1822.0,True,True,bp,0.7272727272727273
7312,759.0517938894882,83,4,-33,368150,368125,368208,368138,368173,91.93297101449276,35,-5796.0,25,58,3312.0,True,True,bp,0.7272727272727273
7313,577.8105178414902,52,-2,-36,368216,368208,368260,368212,368239,148.94565217391303,27,-4236.0,8,44,2084.0,True,False,bp,0.7272727272727273
7314,156.77211880022526,30,19,-14,368268,368260,368290,368264,368273,208.875,9,-3363.0,8,22,2402.0,True,False,bp,0.7272727272727273
7315,728.5101492352358,51,-2,1,368316,368290,368341,368301,368324,116.64583333333331,23,-2574.0,26,25,3454.0,False,False,bp,0.7272727272727273
7316,244.7039767811941,28,21,-10,368350,368341,368369,368345,368359,117.28888888888888,14,-462.0,9,19,1612.0,False,False,bp,0.7272727272727273
7317,838.5165709622154,55,-2,9,368401,368369,368424,368394,368416,125.14285714285714,22,-1487.0,32,23,1945.0,True,False,bp,0.7272727272727273
7318,541.556917596393,83,-1,-25,368453,368424,368507,368436,368474,65.8809523809524,38,-3018.0,29,54,2286.0,True,False,bp,0.7272727272727273
7319,1818.8429274916275,66,9,-14,366117,366091,366157,366104,366130,161.26923076923075,26,-840.0,26,40,4420.0,True,True,bp,0.7272727272727273
7320,2694.182529970672,52,14,-18,366174,366157,366209,366165,366189,276.6666666666667,24,-2823.0,17,35,5602.0,True,True,bp,0.7272727272727273
7321,2356.444645725709,67,20,-17,366234,366209,366276,366227,366244,362.58571428571435,17,-2527.0,25,42,6177.0,True,False,bp,0.7272727272727273
7322,1458.1257508607848,32,15,6,366295,366276,366308,366281,366301,192.1190476190476,20,-559.0,19,13,3100.0,True,False,bp,0.7272727272727273
7323,938.0261743737697,57,8,27,366350,366308,366365,366336,366356,158.69047619047618,20,-1012.0,42,15,2384.0,True,False,bp,0.7272727272727273
7324,768.0451356482686,63,-13,7,366400,366365,366428,366384,366417,58.904411764705884,33,-1212.0,35,28,2984.0,True,True,bp,0.7272727272727273
7325,832.2843991109011,45,4,-1,366450,366428,366473,366437,366457,116.28021978021978,20,262.0,22,23,2920.0,True,True,bp,0.7272727272727273
7326,2501.176415533308,52,24,-10,366494,366473,366525,366481,366505,225.3076923076923,24,-2013.0,21,31,4846.0,True,False,bp,0.7272727272727273
7327,1115.294420516507,84,-6,30,366582,366525,366609,366553,366589,152.36945812807883,36,72.0,57,27,4284.0,True,False,bp,0.7272727272727273
7328,2964.7103596310612,66,18,-18,366633,366609,366675,366619,366640,297.6071428571429,21,-3551.0,24,42,4662.0,False,False,bp,0.7272727272727273
7329,841.5095995082457,49,-27,1,366700,366675,366724,366679,366717,66.56442577030812,38,-796.0,25,24,3206.0,False,False,bp,0.7272727272727273
7330,1196.5134937232615,50,6,-30,366734,366724,366774,366728,366752,175.72222222222226,24,-259.0,10,40,4368.0,True,False,bp,0.7272727272727273
7331,1541.0989051841527,50,2,-16,366791,366774,366824,366782,366804,172.09401709401712,22,336.0,17,33,2985.0,True,True,bp,0.7272727272727273
7332,577.7111083727835,68,-11,-18,366849,366824,366892,366828,366871,59.7521645021645,43,738.0,25,43,2712.0,True,True,bp,0.7272727272727273
7333,889.0619750987569,83,-18,1,366934,366892,366975,366903,366956,78.6524926686217,53,-745.0,42,41,3995.0,True,True,bp,0.7272727272727273
7334,2044.2064968225795,66,16,-12,367002,366975,367041,366991,367016,192.77272727272728,25,-2171.0,27,39,3962.0,True,True,bp,0.7272727272727273
7335,1563.3838694828873,50,27,0,367066,367041,367091,367057,367072,276.3888888888889,15,-1745.0,25,25,4380.0,True,True,bp,0.7272727272727273
7336,1757.2299011388932,63,0,13,367129,367091,367154,367114,367138,226.53333333333336,24,-2856.0,38,25,4837.0,True,True,bp,0.7272727272727273
7337,1813.6285175958535,53,6,-5,367178,367154,367207,367162,367186,158.71875,24,-1505.0,24,29,3434.0,True,True,bp,0.7272727272727273
7338,1737.0948299974634,68,-2,-14,367234,367207,367275,367216,367256,120.4090909090909,40,-2532.0,27,41,5297.0,True,True,bp,0.7272727272727273
7339,3908.178698741527,56,1,0,367303,367275,367331,367294,367318,363.18888888888887,24,-5524.0,28,28,7687.0,True,True,bp,0.7272727272727273
7340,2659.373620801763,60,3,-18,367352,367331,367391,367343,367370,247.91666666666663,27,-3186.0,21,39,5971.0,True,True,bp,0.7272727272727273
7341,1466.7209740724954,51,-16,7,367420,367391,367442,367400,367431,124.03181818181818,31,-2089.0,29,22,2479.0,True,True,bp,0.7272727272727273
7342,1058.4854802704415,46,-2,4,367467,367442,367488,367446,367472,167.58095238095237,26,-1628.0,25,21,3302.0,True,True,bp,0.7272727272727273
7343,2389.478526898818,54,13,-24,367503,367488,367542,367496,367519,233.44642857142856,23,-2603.0,15,39,5380.0,True,False,bp,0.7272727272727273
7344,3881.187940194708,50,10,-2,367566,367542,367592,367555,367577,368.3636363636364,22,-4770.0,24,26,8548.0,True,True,bp,0.7272727272727273
7345,2533.737154314501,63,33,-1,367623,367592,367655,367609,367634,201.98701298701297,25,-2600.0,31,32,3506.0,True,True,bp,0.7272727272727273
7346,1226.9053994797666,74,5,16,367700,367655,367729,367692,367712,243.41666666666669,20,-2801.0,45,29,3687.0,False,False,bp,0.7272727272727273
7347,704.1459664970436,62,-4,-22,367749,367729,367791,367737,367775,58.95833333333334,38,-243.0,20,42,2929.0,False,False,bp,0.7272727272727273
7348,481.45311138911666,73,-23,47,367851,367791,367864,367809,367855,121.39285714285714,46,-1929.0,60,13,1500.0,False,False,bp,0.7272727272727273
7349,734.9227353147121,61,-3,-23,367883,367864,367925,367878,367905,132.8090909090909,27,-2463.0,19,42,1893.0,True,True,bp,0.7272727272727273
7350,913.2238689885494,49,2,-31,367934,367925,367974,367929,367961,139.51111111111112,32,-2433.0,9,40,3963.0,False,False,bp,0.7272727272727273
7351,1141.3138841460311,65,6,-3,368005,367974,368039,367995,368029,113.07083333333333,34,-1952.0,31,34,2137.0,True,True,bp,0.7272727272727273
7352,524.9586181195281,86,-2,2,368083,368039,368125,368069,368103,67.875,34,-2915.0,44,42,2569.0,True,False,bp,0.7272727272727273
7353,643.5807479041549,50,9,-2,368149,368125,368175,368135,368156,106.28571428571428,21,-2471.0,24,26,2280.0,True,False,bp,0.7272727272727273
7354,1043.2222798486298,37,2,13,368200,368175,368212,368186,368205,163.85,19,-2425.0,25,12,2956.0,True,False,bp,0.7272727272727273
7355,334.2081394357743,94,-31,8,368263,368212,368306,368226,368288,55.20972972972973,62,-3180.0,51,43,2283.0,False,False,bp,0.7272727272727273
7356,692.8607178065186,58,8,-4,368333,368306,368364,368319,368354,48.92857142857143,35,-1971.0,27,31,3192.0,False,False,bp,0.7272727272727273
7357,758.405434998577,59,9,35,368411,368364,368423,368397,368417,147.80952380952382,20,-1688.0,47,12,2194.0,True,True,bp,0.7272727272727273
7358,2430.21810480078,83,35,3,370051,370008,370091,370041,370068,238.585294117647,27,-2751.0,43,40,7022.0,True,True,bp,-3.2777777777777777
7359,2199.777525390733,101,30,17,370150,370091,370192,370130,370163,223.68846153846158,33,-2589.0,59,42,7323.0,True,True,bp,-3.2777777777777777
7360,2436.99602900338,84,0,22,370245,370192,370276,370226,370259,187.93796992481202,33,78.0,53,31,6926.0,True,False,bp,-3.2777777777777777
7361,3232.951230467146,82,37,-34,370300,370276,370358,370292,370317,334.06985294117646,25,203.0,24,58,6531.0,True,False,bp,-3.2777777777777777
7362,4262.51816160515,66,15,4,370393,370358,370424,370379,370404,344.32142857142856,25,-3044.0,35,31,8227.0,True,True,bp,-3.2777777777777777
7363,2283.626646590711,62,22,-8,370451,370424,370486,370444,370470,186.19924812030075,26,956.0,27,35,3008.0,False,False,bp,-3.2777777777777777
7364,3095.3869233543805,84,9,10,370533,370486,370570,370518,370545,291.15,27,-3880.0,47,37,7546.0,False,False,bp,-3.2777777777777777
7365,910.7142242238144,84,-13,-24,370600,370570,370654,370581,370627,63.557504873294356,46,1181.0,30,54,2463.0,False,False,bp,-3.2777777777777777
7366,735.6373200130772,37,-3,-11,370667,370654,370691,370660,370681,114.78571428571428,21,1201.0,13,24,1465.0,False,False,bp,-3.2777777777777777
7367,758.6858813782712,100,2,-16,370733,370691,370791,370699,370750,81.17647058823529,51,-1557.0,42,58,3675.0,False,False,bp,-3.2777777777777777
7368,399.88872680924567,67,-5,-15,370817,370791,370858,370803,370836,54.22368421052632,33,-279.0,26,41,1758.0,True,True,bp,-3.2777777777777777
7369,239.5353359802305,29,3,21,370883,370858,370887,370864,370884,67.26315789473685,20,-259.0,25,4,216.0,False,False,bp,-3.2777777777777777
7370,507.1152001199507,38,1,10,370911,370887,370925,370907,370920,167.94444444444446,13,-1899.0,24,14,1798.0,False,False,bp,-3.2777777777777777
7371,806.9810491949594,67,-31,-9,370954,370925,370992,370934,370985,57.852419354838716,51,-2358.0,29,38,4064.0,True,False,bp,-3.2777777777777777
7372,750.7060474989337,88,-25,26,371049,370992,371080,371005,371062,69.02097902097903,57,-718.0,57,31,2512.0,True,False,bp,-3.2777777777777777
7373,445.26926233194143,30,8,8,371099,371080,371110,371094,371103,294.0,9,-962.0,19,11,2352.0,True,False,bp,-3.2777777777777777
7374,586.6555578643787,47,-14,-3,371132,371110,371157,371120,371147,69.84166666666667,27,-1144.0,22,25,1637.0,True,True,bp,-3.2777777777777777
7375,285.79286473721714,34,9,-16,371166,371157,371191,371160,371174,122.27083333333331,14,-1124.0,9,25,585.0,False,False,bp,-3.2777777777777777
7376,457.60862098864317,33,-10,-5,371205,371191,371224,371197,371218,81.54326923076924,21,-1890.0,14,19,1989.0,False,False,bp,-3.2777777777777777
7377,308.2790844566975,34,-1,-16,371233,371224,371258,371229,371246,145.18269230769232,17,-1403.0,9,25,2344.0,True,True,bp,-3.2777777777777777
7378,478.65844440868415,33,0,-13,371268,371258,371291,371262,371278,101.73333333333332,16,-600.0,10,23,1156.0,True,True,bp,-3.2777777777777777
7379,158.0176963949769,33,-5,9,371312,371291,371324,371294,371318,45.25,24,-585.0,21,12,650.0,False,False,bp,-3.2777777777777777
7380,387.59443876763464,85,3,-33,371350,371324,371409,371337,371380,67.59615384615384,43,-2167.0,26,59,2816.0,False,False,bp,-3.2777777777777777
7381,912.3261640431984,49,9,-5,371431,371409,371458,371426,371444,200.1846153846154,18,-1751.0,22,27,2960.0,True,False,bp,-3.2777777777777777
7382,889.5825872186133,49,11,-7,371479,371458,371507,371471,371487,136.5625,16,-900.0,21,28,2584.0,True,True,bp,-3.2777777777777777
7383,1248.5469745142286,36,-1,14,371532,371507,371543,371514,371537,159.42777777777778,23,-1562.0,25,11,2490.0,True,True,bp,-3.2777777777777777
7384,617.2760904703478,53,18,21,371580,371543,371596,371559,371589,77.63492063492063,30,-1569.0,37,16,1538.0,True,False,bp,-3.2777777777777777
7385,224.5354333133346,95,-17,57,371672,371596,371691,371637,371674,109.87142857142857,37,-2003.0,76,19,1264.0,True,False,bp,-3.2777777777777777
7386,451.2380177370147,34,-11,-16,371700,371691,371725,371694,371721,108.0238095238095,27,-2433.0,9,25,1940.0,True,False,bp,-3.2777777777777777
7387,626.1742498732096,60,-15,-10,371750,371725,371785,371737,371773,56.70903010033445,36,-2713.0,25,35,2121.0,True,False,bp,-3.2777777777777777
7388,545.6050071083823,28,28,2,371800,371785,371813,371794,371802,308.25,8,-3620.0,15,13,2260.0,True,False,bp,-3.2777777777777777
7389,588.4664514398563,56,5,20,371851,371813,371869,371838,371855,113.83653846153842,17,-3979.0,38,18,1187.0,False,False,bp,-3.2777777777777777
7390,230.9602560856867,38,3,-10,371883,371869,371907,371877,371895,100.375,18,-3936.0,14,24,1598.0,True,True,bp,-3.2777777777777777
7391,402.69644085750974,55,5,-11,371929,371907,371962,371916,371941,70.97115384615384,25,-3278.0,22,33,2338.0,False,False,bp,-3.2777777777777777
7392,216.78828365944972,30,21,8,371981,371962,371992,371971,371985,131.0,14,-2077.0,19,11,1674.0,False,False,bp,-3.2777777777777777
7393,234.05362896952212,50,28,32,372033,371992,372042,372020,372037,165.99038461538458,17,-3042.0,41,9,1723.0,True,False,bp,-3.2777777777777777
7394,511.97610036063,99,1,17,372100,372042,372141,372082,372123,67.26207729468601,41,-4204.0,58,41,2925.0,True,False,bp,-3.2777777777777777
7395,77.72259535618942,67,-20,47,372198,372141,372208,372165,372202,96.95075757575758,37,-3251.0,57,10,1090.0,True,False,bp,-3.2777777777777777
7396,368.0330106602576,50,-4,0,372233,372208,372258,372219,372246,60.68681318681318,27,-3596.0,25,25,2157.0,True,True,bp,-3.2777777777777777
7397,636.4915637543401,51,23,1,372284,372258,372309,372269,372286,161.33333333333334,17,-4277.0,26,25,1672.0,True,False,bp,-3.2777777777777777
7398,413.50450972542274,89,26,-9,372349,372309,372398,372326,372354,171.67826086956518,28,-4715.0,40,49,3177.0,False,False,bp,-3.2777777777777777
7399,691.759291053193,59,36,-23,372416,372398,372457,372408,372422,177.41666666666663,14,-2209.0,18,41,4143.0,False,False,bp,-3.2777777777777777
7400,445.1851295030821,68,-7,18,372500,372457,372525,372472,372511,73.39935064935065,39,-812.0,43,25,1733.0,True,False,bp,-3.2777777777777777
7401,571.811126073686,53,17,-5,372549,372525,372578,372543,372563,110.13095238095238,20,-1066.0,24,29,1493.0,False,False,bp,-3.2777777777777777
7402,394.7644562808074,64,-6,32,372626,372578,372642,372600,372633,93.21428571428572,33,-3180.0,48,16,2063.0,False,False,bp,-3.2777777777777777
7403,998.126048638985,97,1,13,370049,369994,370091,370030,370063,93.38909774436091,33,-2142.0,55,42,2731.0,True,False,bp,-3.2777777777777777
7404,174.7421203013126,24,29,-6,370100,370091,370115,370097,370107,158.78571428571428,10,-780.0,9,15,981.0,False,False,bp,-3.2777777777777777
7405,1387.7573834209713,76,3,-2,370152,370115,370191,370146,370170,164.72222222222226,24,-2040.0,37,39,5097.0,False,False,bp,-3.2777777777777777
7406,1008.4334191729267,79,2,5,370233,370191,370270,370197,370244,85.28030303030303,47,-94.0,42,37,3315.0,True,True,bp,-3.2777777777777777
7407,1524.0468548838867,88,24,-22,370303,370270,370358,370293,370322,171.3763157894737,29,-1316.0,33,55,3663.0,True,True,bp,-3.2777777777777777
7408,369.792182669756,82,-16,36,370417,370358,370440,370375,370421,125.5595238095238,46,-611.0,59,23,2191.0,True,False,bp,-3.2777777777777777
7409,875.8877127907461,51,-9,3,370467,370440,370491,370451,370479,59.29166666666666,28,-624.0,27,24,2756.0,True,True,bp,-3.2777777777777777
7410,665.2705539866319,62,-34,22,370533,370491,370553,370498,370546,63.81428571428572,48,-1713.0,42,20,1903.0,False,False,bp,-3.2777777777777777
7411,245.95429636998696,36,39,-10,370566,370553,370589,370560,370571,183.1833333333333,11,-1370.0,13,23,2524.0,True,False,bp,-3.2777777777777777
7412,931.3604822671543,85,-25,3,370633,370589,370674,370621,370666,80.79924242424242,45,-932.0,44,41,4101.0,True,False,bp,-3.2777777777777777
7413,1946.4431604709869,65,11,-13,370700,370674,370739,370686,370711,165.9090909090909,25,-1768.0,26,39,3187.0,False,False,bp,-3.2777777777777777
7414,532.2592926389218,35,9,-13,370750,370739,370774,370747,370762,165.70833333333334,15,68.0,11,24,2542.0,False,False,bp,-3.2777777777777777
7415,476.6698370059407,38,4,12,370799,370774,370812,370786,370804,104.7153846153846,18,101.0,25,13,1288.0,False,False,bp,-3.2777777777777777
7416,1310.5682287109396,46,7,-2,370834,370812,370858,370826,370846,163.875,20,-1745.0,22,24,3390.0,False,False,bp,-3.2777777777777777
7417,675.7855353874683,46,-18,4,370883,370858,370904,370873,370900,78.2529411764706,27,-967.0,25,21,1454.0,True,True,bp,-3.2777777777777777
7418,188.98470343764674,31,10,-9,370915,370904,370935,370909,370921,158.41666666666666,12,-1352.0,11,20,1680.0,True,True,bp,-3.2777777777777777
7419,439.23111443514387,41,13,-13,370949,370935,370976,370943,370961,145.54166666666669,18,-1592.0,14,27,1926.0,True,True,bp,-3.2777777777777777
7420,760.6580847865135,32,10,14,370999,370976,371008,370992,371003,220.19642857142856,11,-1422.0,23,9,2817.0,True,True,bp,-3.2777777777777777
7421,1169.8862244899085,50,4,0,371033,371008,371058,371024,371041,176.97222222222226,17,-1630.0,25,25,2582.0,True,True,bp,-3.2777777777777777
7422,550.4199225519799,49,0,-9,371078,371058,371107,371062,371086,66.125,24,-421.0,20,29,1506.0,True,True,bp,-3.2777777777777777
7423,751.092969412771,49,-19,-29,371117,371107,371156,371110,371146,89.9655172413793,36,-849.0,10,39,2360.0,True,True,bp,-3.2777777777777777
7424,1096.021546481189,53,-17,-23,371171,371156,371209,371163,371197,129.95673076923077,34,-1760.0,15,38,2529.0,True,True,bp,-3.2777777777777777
7425,285.5615083150461,33,-15,15,371233,371209,371242,371214,371237,126.48684210526315,23,-874.0,24,9,1700.0,True,False,bp,-3.2777777777777777
7426,213.8379602633615,48,12,-34,371249,371242,371290,371245,371269,158.95,24,-1050.0,7,41,1530.0,True,False,bp,-3.2777777777777777
7427,758.8950701551744,46,5,8,371317,371290,371336,371305,371322,146.60833333333338,17,-2108.0,27,19,1918.0,True,False,bp,-3.2777777777777777
7428,1169.1956756284826,39,9,-11,371350,371336,371375,371344,371368,169.72222222222226,24,-2811.0,14,25,2630.0,True,False,bp,-3.2777777777777777
7429,506.81145497263856,51,-9,31,371416,371375,371426,371401,371420,160.19166666666666,19,-1987.0,41,10,2223.0,True,False,bp,-3.2777777777777777
7430,233.23519493503827,31,-2,13,371448,371426,371457,371430,371453,89.60555555555555,23,-897.0,22,9,1708.0,True,True,bp,-3.2777777777777777
7431,736.4191244321264,51,12,1,371483,371457,371508,371474,371488,149.07777777777778,14,-1111.0,26,25,1943.0,True,True,bp,-3.2777777777777777
7432,230.5537839676825,32,-13,-8,371520,371508,371540,371514,371535,77.68333333333334,21,-169.0,12,20,1369.0,True,True,bp,-3.2777777777777777
7433,383.38199780587433,29,4,1,371555,371540,371569,371543,371559,97.04166666666666,16,-1071.0,15,14,755.0,False,False,bp,-3.2777777777777777
7434,155.9319660198539,22,15,6,371583,371569,371591,371579,371587,237.0,8,-1996.0,14,8,1972.0,False,False,bp,-3.2777777777777777
7435,661.1579078904872,49,32,1,371616,371591,371640,371610,371623,167.23809523809524,13,-2159.0,25,24,2411.0,True,False,bp,-3.2777777777777777
7436,345.99637668673415,81,21,5,371683,371640,371721,371668,371688,132.03333333333333,20,-2031.0,43,38,2103.0,True,True,bp,-3.2777777777777777
7437,415.583622635456,50,22,-26,371733,371721,371771,371729,371750,174.46323529411762,21,-1775.0,12,38,2722.0,True,True,bp,-3.2777777777777777
7438,225.38299467554114,53,-15,29,371812,371771,371824,371793,371821,51.046783625731,28,-1578.0,41,12,1024.0,False,False,bp,-3.2777777777777777
7439,474.0833309982111,33,-1,9,371845,371824,371857,371834,371850,130.5,16,-3637.0,21,12,2054.0,False,False,bp,-3.2777777777777777
7440,519.6039049176215,38,1,14,371883,371857,371895,371865,371884,126.72222222222223,19,-4238.0,26,12,394.0,False,False,bp,-3.2777777777777777
7441,506.9239254853235,46,-9,-4,371916,371895,371941,371904,371935,87.07456140350875,31,-4086.0,21,25,3607.0,False,False,bp,-3.2777777777777777
7442,621.0760178584865,50,8,30,371981,371941,371991,371957,371984,185.16666666666663,27,-3479.0,40,10,1918.0,True,True,bp,-3.2777777777777777
7443,938.211842569675,54,13,26,372031,371991,372045,372019,372035,261.6666666666667,16,-5285.0,40,14,3051.0,True,True,bp,-3.2777777777777777
7444,904.2904390603965,46,2,8,372072,372045,372091,372064,372083,144.9431818181818,19,-4922.0,27,19,2510.0,False,False,bp,-3.2777777777777777
7445,267.7817914233495,33,16,13,372114,372091,372124,372104,372117,158.15,13,-3500.0,23,10,2076.0,False,False,bp,-3.2777777777777777
7446,226.27321071909248,50,-6,38,372168,372124,372174,372146,372171,141.32575757575756,25,-4800.0,44,6,1160.0,False,False,bp,-3.2777777777777777
7447,546.1674734735196,49,8,3,372200,372174,372223,372190,372204,191.7,14,-6290.0,26,23,2235.0,False,False,bp,-3.2777777777777777
7448,802.5141608041366,51,6,-35,372231,372223,372274,372226,372254,129.45217391304348,28,-5805.0,8,43,2276.0,True,False,bp,-3.2777777777777777
7449,695.8544435320134,63,-17,-13,372299,372274,372337,372288,372323,122.92234848484848,35,-6576.0,25,38,2787.0,False,False,bp,-3.2777777777777777
7450,277.51197609838965,26,-1,-14,372343,372337,372363,372341,372356,128.26923076923077,15,-4275.0,6,20,2466.0,False,False,bp,-3.2777777777777777
7451,663.4574354235632,60,7,-28,372379,372363,372423,372370,372394,102.67777777777779,24,-3701.0,16,44,3951.0,False,False,bp,-3.2777777777777777
7452,161.52544503223655,33,0,-23,372428,372423,372456,372425,372443,135.36666666666667,18,-717.0,5,28,2062.0,False,False,bp,-3.2777777777777777
7453,352.0067368335111,34,7,-10,372468,372456,372490,372461,372477,148.89682539682542,16,-893.0,12,22,1720.0,True,True,bp,-3.2777777777777777
7454,687.1549768848099,52,4,0,372516,372490,372542,372500,372527,79.5965909090909,27,-1590.0,26,26,1973.0,False,False,bp,-3.2777777777777777
7455,950.6249904585844,55,9,-7,372566,372542,372597,372558,372578,188.9375,20,-3882.0,24,31,1232.0,False,False,bp,-3.2777777777777777
7456,674.487732472238,77,2,-47,372612,372597,372674,372607,372642,187.0,35,-4993.0,15,62,5663.0,False,False,bp,-3.2777777777777777
7457,1782.6848915500675,82,-5,24,374127,374074,374156,374101,374140,156.40384615384616,39,168.0,53,29,5157.0,True,True,bp,-2.1607142857142856
7458,1723.5515657869641,84,12,2,374199,374156,374240,374174,374206,164.19428571428568,32,-788.0,43,41,2720.0,False,False,bp,-2.1607142857142856
7459,1991.1127671840134,53,10,19,374276,374240,374293,374250,374286,127.67307692307692,36,-2623.0,36,17,3620.0,True,True,bp,-2.1607142857142856
7460,2249.7494836728674,81,8,23,374345,374293,374374,374332,374359,188.7335164835165,27,-3479.0,52,29,5541.0,True,True,bp,-2.1607142857142856
7461,955.7390750687962,100,-8,16,374432,374374,374474,374394,374450,97.87426900584795,56,-3318.0,58,42,4770.0,True,True,bp,-2.1607142857142856
7462,2358.637017152331,73,-2,11,374516,374474,374547,374498,374535,161.46929824561403,37,-4039.0,42,31,6600.0,True,True,bp,-2.1607142857142856
7463,776.7787075823827,93,-32,11,374599,374547,374640,374570,374627,61.135467980295566,57,-1383.0,52,41,2586.0,True,True,bp,-2.1607142857142856
7464,1182.3149997834594,63,-2,-5,374669,374640,374703,374652,374689,64.01176470588236,37,-479.0,29,34,3083.0,True,True,bp,-2.1607142857142856
7465,1392.26026312601,75,14,19,374750,374703,374778,374724,374762,130.55448717948718,38,-2008.0,47,28,4217.0,True,True,bp,-2.1607142857142856
7466,2352.8299078864593,80,9,24,374830,374778,374858,374814,374845,191.6145833333333,31,-4316.0,52,28,5242.0,False,False,bp,-2.1607142857142856
7467,1018.8479635654719,94,-2,-10,374900,374858,374952,374885,374923,82.35797101449278,38,-1393.0,42,52,4114.0,False,False,bp,-2.1607142857142856
7468,597.5550032313221,38,1,-10,374966,374952,374990,374959,374982,89.75892857142857,23,1241.0,14,24,2055.0,False,False,bp,-2.1607142857142856
7469,1108.8575692919321,50,15,2,375016,374990,375040,375006,375024,183.8875,18,630.0,26,24,3616.0,True,True,bp,-2.1607142857142856
7470,1802.4861621033367,51,27,1,375066,375040,375091,375057,375076,229.1833333333333,19,-282.0,26,25,3742.0,True,True,bp,-2.1607142857142856
7471,1147.9353027181553,85,-5,25,375146,375091,375176,375122,375161,86.32083333333333,39,-129.0,55,30,3011.0,True,False,bp,-2.1607142857142856
7472,2039.2614684987966,48,17,20,375210,375176,375224,375195,375218,182.6375,23,-2097.0,34,14,3048.0,True,False,bp,-2.1607142857142856
7473,661.3910118163712,83,14,1,375266,375224,375307,375258,375284,130.60416666666666,26,-2065.0,42,41,2405.0,True,False,bp,-2.1607142857142856
7474,994.5911720397996,65,8,-15,375332,375307,375372,375324,375352,121.1,28,-2143.0,25,40,3144.0,True,True,bp,-2.1607142857142856
7475,715.1070147526814,69,-5,15,375414,375372,375441,375388,375426,103.21153846153842,38,-1174.0,42,27,1835.0,True,True,bp,-2.1607142857142856
7476,651.8901907503376,67,15,-19,375465,375441,375508,375459,375487,142.8939393939394,28,-1513.0,24,43,2848.0,True,True,bp,-2.1607142857142856
7477,795.8345881025189,66,5,14,375548,375508,375574,375530,375558,102.82777777777778,28,-967.0,40,26,1815.0,True,True,bp,-2.1607142857142856
7478,980.792174156342,66,-7,8,375611,375574,375640,375591,375623,100.45833333333331,32,-1720.0,37,29,2998.0,True,True,bp,-2.1607142857142856
7479,1053.8577044673102,67,0,-15,375666,375640,375707,375648,375681,83.32777777777778,33,-1553.0,26,41,2762.0,True,True,bp,-2.1607142857142856
7480,804.8397744991113,50,-26,2,375733,375707,375757,375714,375752,61.07894736842106,38,-846.0,26,24,2464.0,True,True,bp,-2.1607142857142856
7481,618.7589746412281,67,-27,-15,375783,375757,375824,375764,375810,58.048732943469794,46,-1308.0,26,41,1647.0,True,True,bp,-2.1607142857142856
7482,286.3549834917177,49,-14,-23,375837,375824,375873,375829,375861,42.5625,32,-696.0,13,36,1137.0,True,True,bp,-2.1607142857142856
7483,101.09764238369786,34,-16,4,375892,375873,375907,375879,375904,36.94551282051282,25,-620.0,19,15,1053.0,True,False,bp,-2.1607142857142856
7484,342.3601600704467,50,3,-28,375918,375907,375957,375913,375943,81.86,30,-1097.0,11,39,1268.0,False,False,bp,-2.1607142857142856
7485,836.1835751223705,67,-32,7,375994,375957,376024,375976,376018,75.0486111111111,42,-3098.0,37,30,2620.0,False,False,bp,-2.1607142857142856
7486,867.4016958470372,49,-12,-7,376045,376024,376073,376028,376061,88.68014705882355,33,-2812.0,21,28,3203.0,False,False,bp,-2.1607142857142856
7487,398.59341345463366,67,-8,-17,376098,376073,376140,376082,376121,25.86548913043478,39,-933.0,25,42,2616.0,False,False,bp,-2.1607142857142856
7488,673.8457178119385,49,-16,13,376171,376140,376189,376152,376182,58.923444976076546,30,-819.0,31,18,1282.0,False,False,bp,-2.1607142857142856
7489,531.8878989355245,34,-14,18,376215,376189,376223,376196,376218,136.5438596491228,22,-2189.0,26,8,1447.0,False,False,bp,-2.1607142857142856
7490,263.7856462759227,50,-27,-20,376238,376223,376273,376226,376264,33.79166666666667,38,-1480.0,15,35,1752.0,False,False,bp,-2.1607142857142856
7491,299.88745945619564,38,18,-22,376281,376273,376311,376275,376295,72.22619047619048,20,-877.0,8,30,1438.0,True,True,bp,-2.1607142857142856
7492,297.9127440370237,59,-10,15,376348,376311,376370,376333,376359,101.48484848484848,26,-1778.0,37,22,1633.0,True,False,bp,-2.1607142857142856
7493,492.0736529308493,39,10,-17,376381,376370,376409,376375,376392,190.5833333333333,17,-2464.0,11,28,1898.0,False,False,bp,-2.1607142857142856
7494,109.22464257093878,37,-1,3,376429,376409,376446,376419,376437,27.5875,18,-1369.0,20,17,691.0,False,False,bp,-2.1607142857142856
7495,385.4765285299951,28,5,10,376465,376446,376474,376454,376467,191.8636363636364,13,-2395.0,19,9,1515.0,False,False,bp,-2.1607142857142856
7496,305.84104120688204,49,-23,5,376501,376474,376523,376485,376519,22.09375,34,-1771.0,27,22,1461.0,False,False,bp,-2.1607142857142856
7497,886.7896580733055,35,12,-3,376539,376523,376558,376530,376550,119.29797979797979,20,-3554.0,16,19,1435.0,False,False,bp,-2.1607142857142856
7498,505.3539592438598,78,-14,2,376598,376558,376636,376582,376619,65.99553571428572,37,-6034.0,40,38,1526.0,False,False,bp,-2.1607142857142856
7499,268.8864686576015,55,37,-29,376649,376636,376691,376642,376657,143.20535714285714,15,-5593.0,13,42,2763.0,False,False,bp,-2.1607142857142856
7500,155.91775961292714,81,-26,5,376734,376691,376772,376709,376755,57.37714285714286,46,-5572.0,43,38,2726.0,True,False,bp,-2.1607142857142856
7501,423.35915520897737,52,6,-32,376782,376772,376824,376775,376798,115.54910714285714,23,-4300.0,10,42,3394.0,False,False,bp,-2.1607142857142856
7502,305.0034173093779,39,3,-21,376833,376824,376863,376827,376848,49.7,21,-2000.0,9,30,1322.0,False,False,bp,-2.1607142857142856
7503,397.2899277231707,61,4,-23,376882,376863,376924,376872,376907,53.92,35,-1833.0,19,42,2527.0,False,False,bp,-2.1607142857142856
7504,1036.8052300645045,66,-18,16,376965,376924,376990,376946,376983,79.64619883040936,37,-2854.0,41,25,2949.0,True,True,bp,-2.1607142857142856
7505,4266.256216307913,73,17,1,374115,374078,374151,374097,374127,305.4027777777778,30,-3566.0,37,36,8474.0,True,True,bp,-2.1607142857142856
7506,2920.4736877470696,73,8,-5,374185,374151,374224,374174,374204,259.8468899521531,30,-2576.0,34,39,6224.0,True,True,bp,-2.1607142857142856
7507,2382.285908923931,62,11,8,374259,374224,374286,374242,374270,173.6898395721925,28,-3227.0,35,27,3212.0,False,False,bp,-2.1607142857142856
7508,1330.0101184604628,54,17,6,374316,374286,374340,374309,374323,245.28571428571428,14,-2633.0,30,24,4417.0,True,True,bp,-2.1607142857142856
7509,1988.5246257285746,51,9,-5,374363,374340,374391,374354,374377,201.65873015873012,23,-2672.0,23,28,4362.0,True,True,bp,-2.1607142857142856
7510,2276.664713017109,67,15,1,374425,374391,374458,374409,374442,189.22610294117646,33,-3963.0,34,33,6219.0,True,True,bp,-2.1607142857142856
7511,2042.0510480635864,79,29,3,374499,374458,374537,374490,374508,248.16666666666669,18,-2225.0,41,38,4370.0,True,True,bp,-2.1607142857142856
7512,599.3247906385056,98,-35,24,374598,374537,374635,374555,374617,90.08873929008568,62,-1926.0,61,37,4482.0,False,False,bp,-2.1607142857142856
7513,1223.9492060193274,49,9,5,374662,374635,374684,374644,374670,93.21527777777777,26,586.0,27,22,2385.0,False,False,bp,-2.1607142857142856
7514,582.2327487756069,91,-30,39,374749,374684,374775,374705,374767,70.41287878787878,62,-578.0,65,26,3251.0,True,False,bp,-2.1607142857142856
7515,1240.2549189899655,66,3,18,374817,374775,374841,374799,374833,85.97222222222223,34,-1069.0,42,24,3621.0,True,True,bp,-2.1607142857142856
7516,583.1960691090974,50,-2,26,374879,374841,374891,374870,374886,167.88888888888889,16,-1045.0,38,12,2225.0,True,False,bp,-2.1607142857142856
7517,993.9241159430487,65,28,-27,374910,374891,374956,374900,374918,203.5875,18,-1760.0,19,46,4206.0,False,False,bp,-2.1607142857142856
7518,994.805935248889,41,0,-1,374976,374956,374997,374964,374987,70.32954545454545,23,1117.0,20,21,2467.0,False,False,bp,-2.1607142857142856
7519,360.1957103612194,43,15,-7,375015,374997,375040,375010,375027,54.075,17,2790.0,18,25,1398.0,False,False,bp,-2.1607142857142856
7520,1286.9256277859986,51,12,33,375082,375040,375091,375059,375085,199.0144927536232,26,424.0,42,9,2354.0,False,False,bp,-2.1607142857142856
7521,1349.95961513789,82,-4,0,375132,375091,375173,375123,375158,167.51709401709405,35,-1367.0,41,41,3739.0,True,True,bp,-2.1607142857142856
7522,1354.8950383150038,83,13,-13,375208,375173,375256,375189,375220,162.51973684210526,31,-1321.0,35,48,4609.0,True,True,bp,-2.1607142857142856
7523,1711.5422046621345,62,3,-16,375279,375256,375318,375264,375294,123.56666666666666,30,-1104.0,23,39,3269.0,True,True,bp,-2.1607142857142856
7524,2054.5367126669958,57,-7,3,375348,375318,375375,375327,375363,146.15238095238095,36,-2570.0,30,27,5179.0,True,True,bp,-2.1607142857142856
7525,2052.4597495002245,49,13,9,375404,375375,375424,375392,375419,143.66666666666669,27,-2220.0,29,20,2884.0,True,True,bp,-2.1607142857142856
7526,421.9497784748048,66,-2,16,375465,375424,375490,375459,375479,118.8095238095238,20,-1386.0,41,25,818.0,False,False,bp,-2.1607142857142856
7527,359.5661829899681,28,2,-8,375500,375490,375518,375497,375512,73.20833333333333,15,-1327.0,10,18,341.0,False,False,bp,-2.1607142857142856
7528,1355.8148824249986,39,-2,9,375542,375518,375557,375529,375551,143.16239316239316,22,-3678.0,24,15,3490.0,False,False,bp,-2.1607142857142856
7529,735.6685532955287,60,-3,-8,375583,375557,375617,375571,375600,75.58823529411767,29,-2261.0,26,34,2242.0,True,True,bp,-2.1607142857142856
7530,358.39553062238883,40,-18,-12,375631,375617,375657,375626,375653,105.42272727272729,27,-1493.0,14,26,1773.0,True,True,bp,-2.1607142857142856
7531,1138.1323134687912,34,3,-16,375666,375657,375691,375662,375685,290.0986842105263,23,-2931.0,9,25,3723.0,True,True,bp,-2.1607142857142856
7532,1540.6818347633355,49,10,1,375716,375691,375740,375711,375732,242.55625,21,-2816.0,25,24,3834.0,True,True,bp,-2.1607142857142856
7533,811.0266883512219,71,-4,9,375780,375740,375811,375763,375794,83.56302521008402,31,-1177.0,40,31,3272.0,True,True,bp,-2.1607142857142856
7534,747.5147939775387,62,-20,36,375860,375811,375873,375821,375867,73.06959706959708,46,-2342.0,49,13,1334.0,False,False,bp,-2.1607142857142856
7535,710.9968066220749,67,-17,27,375920,375873,375940,375893,375930,99.42777777777779,37,-5032.0,47,20,1427.0,False,False,bp,-2.1607142857142856
7536,1019.3844655755407,50,6,-6,375962,375940,375990,375950,375968,194.5,18,-5890.0,22,28,3683.0,False,False,bp,-2.1607142857142856
7537,670.7523315817041,33,7,-19,375997,375990,376023,375992,376009,180.675,17,-3952.0,7,26,2859.0,False,False,bp,-2.1607142857142856
7538,896.6957734897815,50,0,2,376049,376023,376073,376033,376060,86.5653409090909,27,-3207.0,26,24,2517.0,True,True,bp,-2.1607142857142856
7539,368.0456304917701,56,0,-4,376099,376073,376129,376087,376112,104.13782051282051,25,-2381.0,26,30,3002.0,True,True,bp,-2.1607142857142856
7540,189.73982560159584,34,9,8,376150,376129,376163,376137,376155,71.02307692307693,18,-1304.0,21,13,1586.0,False,False,bp,-2.1607142857142856
7541,366.08066198394204,76,-10,26,376214,376163,376239,376182,376217,123.90625,35,-3015.0,51,25,1520.0,False,False,bp,-2.1607142857142856
7542,870.3667478302114,47,-19,-3,376261,376239,376286,376242,376276,80.66315789473684,34,-3476.0,22,25,3353.0,True,True,bp,-2.1607142857142856
7543,784.4831218049183,41,4,-11,376301,376286,376327,376291,376311,133.4,20,-2696.0,15,26,3354.0,True,True,bp,-2.1607142857142856
7544,444.79484381421446,44,9,-2,376348,376327,376371,376335,376350,227.0,15,-1552.0,21,23,1603.0,True,True,bp,-2.1607142857142856
7545,366.8880258049575,41,6,-29,376377,376371,376412,376374,376396,168.93859649122808,22,-815.0,6,35,2168.0,False,False,bp,-2.1607142857142856
7546,431.7543261596634,38,17,0,376431,376412,376450,376424,376435,174.71428571428572,11,-335.0,19,19,1846.0,True,True,bp,-2.1607142857142856
7547,1123.5132738826783,50,-1,10,376480,376450,376500,376463,376486,122.08333333333331,23,-1105.0,30,20,1975.0,False,False,bp,-2.1607142857142856
7548,464.4377756090872,44,-19,24,376534,376500,376544,376508,376543,43.85470085470086,35,-3159.0,34,10,132.0,False,False,bp,-2.1607142857142856
7549,268.27562365712043,42,-7,30,376580,376544,376586,376559,376582,100.0,23,-6423.0,36,6,1097.0,False,False,bp,-2.1607142857142856
7550,277.1442415182791,49,13,-13,376604,376586,376635,376598,376613,95.05555555555556,15,-6583.0,18,31,2857.0,False,False,bp,-2.1607142857142856
7551,286.2372618299673,39,9,-11,376649,376635,376674,376641,376668,49.713815789473685,27,-3911.0,14,25,2534.0,False,False,bp,-2.1607142857142856
7552,265.227634202109,67,14,17,376716,376674,376741,376704,376728,114.20833333333331,24,-4249.0,42,25,1587.0,True,True,bp,-2.1607142857142856
7553,921.5693086278936,66,12,18,376783,376741,376807,376766,376789,197.843137254902,23,-4515.0,42,24,4205.0,False,False,bp,-2.1607142857142856
7554,425.19738788085317,84,20,-2,376848,376807,376891,376824,376855,150.2797619047619,31,-2242.0,41,43,3739.0,False,False,bp,-2.1607142857142856
7555,410.26999098771523,32,4,20,376917,376891,376923,376906,376921,142.625,15,-154.0,26,6,1818.0,False,False,bp,-2.1607142857142856
7556,351.0988063985603,39,10,13,376949,376923,376962,376940,376952,178.0,12,-1701.0,26,13,643.0,False,False,bp,-2.1607142857142856
7557,334.2621826721345,77,9,-37,376982,376962,377039,376974,377004,124.4431818181818,30,-3947.0,20,57,2167.0,False,False,bp,-2.1607142857142856
7558,577.3551369355163,50,30,0,378315,378290,378340,378302,378326,95.6643356643357,24,2052.0,25,25,1881.0,False,False,bp,-5.2407407407407405
7559,1329.6170201962802,99,-7,19,378399,378340,378439,378380,378422,120.01716247139588,42,-197.0,59,40,6186.0,False,False,bp,-5.2407407407407405
7560,801.2524988057573,69,-24,47,378497,378439,378508,378457,378503,43.78333333333333,46,1492.0,58,11,429.0,False,False,bp,-5.2407407407407405
7561,965.7144065417053,77,-13,3,378548,378508,378585,378525,378566,94.68478260869566,41,-1319.0,40,37,3838.0,False,False,bp,-5.2407407407407405
7562,1921.4100731296128,54,17,-16,378604,378585,378639,378594,378615,175.7818181818182,21,-1461.0,19,35,3658.0,True,True,bp,-5.2407407407407405
7563,1661.935812990872,67,2,-9,378668,378639,378706,378653,378681,150.59230769230768,28,-2074.0,29,38,4248.0,True,True,bp,-5.2407407407407405
7564,1386.1382175991168,50,11,-22,378720,378706,378756,378711,378733,153.4957264957265,22,-627.0,14,36,3647.0,True,True,bp,-5.2407407407407405
7565,1461.4974408898286,50,24,0,378781,378756,378806,378766,378788,163.24761904761903,22,-229.0,25,25,3098.0,True,False,bp,-5.2407407407407405
7566,1975.8717923267345,89,-6,-3,378849,378806,378895,378834,378874,166.61333333333334,40,-2765.0,43,46,7323.0,True,False,bp,-5.2407407407407405
7567,1995.1229609271024,78,9,-14,378927,378895,378973,378908,378947,131.61315789473684,39,356.0,32,46,5237.0,True,True,bp,-5.2407407407407405
7568,2978.8558863209614,53,15,21,379010,378973,379026,378995,379018,249.34583333333333,23,-112.0,37,16,4721.0,True,True,bp,-5.2407407407407405
7569,1187.043166336496,79,-9,31,379081,379026,379105,379056,379087,157.69333333333333,31,-952.0,55,24,2584.0,False,False,bp,-5.2407407407407405
7570,732.193007406978,84,2,-32,379131,379105,379189,379109,379154,87.07707509881422,45,-764.0,26,58,4553.0,True,False,bp,-5.2407407407407405
7571,282.9144310048856,67,14,-15,379215,379189,379256,379201,379241,60.87362637362639,40,1287.0,26,41,1626.0,False,False,bp,-5.2407407407407405
7572,775.0674102455616,84,-5,32,379314,379256,379340,379295,379329,84.59824561403508,34,-354.0,58,26,2424.0,False,False,bp,-5.2407407407407405
7573,1485.5249148222265,49,-1,7,379368,379340,379389,379358,379383,145.83333333333334,25,-1290.0,28,21,3511.0,False,False,bp,-5.2407407407407405
7574,614.4453929477011,41,9,9,379414,379389,379430,379407,379419,142.25714285714287,12,515.0,25,16,1659.0,False,False,bp,-5.2407407407407405
7575,462.1263951118206,42,17,-6,379448,379430,379472,379440,379454,81.77083333333334,14,1500.0,18,24,1778.0,False,False,bp,-5.2407407407407405
7576,241.4643056181996,35,2,15,379497,379472,379507,379485,379503,69.875,18,1535.0,25,10,1012.0,False,False,bp,-5.2407407407407405
7577,1014.8574344293879,66,27,-18,379531,379507,379573,379523,379555,135.39583333333334,32,23.0,24,42,3603.0,False,False,bp,-5.2407407407407405
7578,1900.9130116211504,81,-11,37,379632,379573,379654,379614,379644,168.97222222222226,30,-2510.0,59,22,3856.0,True,False,bp,-5.2407407407407405
7579,991.307439211402,36,-13,18,379681,379654,379690,379663,379685,240.75,22,-1998.0,27,9,3026.0,True,False,bp,-5.2407407407407405
7580,421.8994132083972,45,2,-27,379699,379690,379735,379694,379719,105.025,25,-487.0,9,36,2206.0,True,False,bp,-5.2407407407407405
7581,716.312146117879,72,10,-6,379768,379735,379807,379746,379784,66.91193181818181,38,-1500.0,33,39,1931.0,True,True,bp,-5.2407407407407405
7582,379.7112828798033,52,9,30,379848,379807,379859,379832,379854,51.3125,22,-837.0,41,11,1116.0,False,False,bp,-5.2407407407407405
7583,397.7619296659965,64,-28,40,379911,379859,379923,379885,379920,81.48931623931624,35,-2364.0,52,12,1783.0,False,False,bp,-5.2407407407407405
7584,670.6707689914109,47,-5,-3,379945,379923,379970,379927,379953,100.88194444444444,26,-3426.0,22,25,2344.0,True,True,bp,-5.2407407407407405
7585,659.4601057852101,36,14,-20,379978,379970,380006,379974,379993,156.925,19,-2780.0,8,28,2823.0,True,False,bp,-5.2407407407407405
7586,673.0868299385463,56,26,4,380036,380006,380062,380026,380044,109.7,18,-3168.0,30,26,412.0,False,False,bp,-5.2407407407407405
7587,246.29985355959357,75,17,-1,380099,380062,380137,380088,380106,232.03896103896102,18,-5728.0,37,38,1986.0,False,False,bp,-5.2407407407407405
7588,388.321487733651,35,22,-21,380144,380137,380172,380141,380154,287.6333333333333,13,-5483.0,7,28,2405.0,True,False,bp,-5.2407407407407405
7589,447.5506369935803,50,14,-12,380191,380172,380222,380189,380200,265.44444444444446,11,-4281.0,19,31,2631.0,False,False,bp,-5.2407407407407405
7590,130.78460796537254,18,13,-4,380229,380222,380240,380225,380233,314.75,8,-3681.0,7,11,2269.0,True,False,bp,-5.2407407407407405
7591,517.7424924400465,50,13,-2,380264,380240,380290,380254,380274,94.15,20,-3310.0,24,26,2266.0,True,False,bp,-5.2407407407407405
7592,518.0406318809775,49,14,-1,380314,380290,380339,380307,380318,277.5357142857143,11,-3357.0,24,25,2801.0,True,False,bp,-5.2407407407407405
7593,300.4418125999078,21,15,-3,380348,380339,380360,380343,380353,236.0,10,-2621.0,9,12,2613.0,True,False,bp,-5.2407407407407405
7594,735.0468036722066,58,-1,16,380397,380360,380418,380378,380402,158.7736842105263,24,-1891.0,37,21,2728.0,True,False,bp,-5.2407407407407405
7595,1034.5378598123668,37,42,-9,380432,380418,380455,380425,380437,224.3857142857143,12,-1738.0,14,23,3134.0,True,False,bp,-5.2407407407407405
7596,423.99144908933783,64,0,24,380499,380455,380519,380491,380508,159.11111111111111,17,-2737.0,44,20,859.0,False,False,bp,-5.2407407407407405
7597,523.8050958541352,70,21,-44,380532,380519,380589,380525,380550,130.1746031746032,25,-3815.0,13,57,3883.0,False,False,bp,-5.2407407407407405
7598,1676.3263225756284,66,8,8,378310,378273,378339,378292,378320,143.71111111111108,28,444.0,37,29,3394.0,True,True,bp,-5.2407407407407405
7599,850.1449697612729,51,14,-1,378364,378339,378390,378356,378371,169.50892857142856,15,1475.0,25,26,2907.0,False,False,bp,-5.2407407407407405
7600,4537.329244525823,49,13,-7,378411,378390,378439,378400,378423,416.5037878787878,23,-3323.0,21,28,11520.0,False,False,bp,-5.2407407407407405
7601,3835.1278483577917,68,0,-4,378471,378439,378507,378459,378489,291.90277777777777,30,-852.0,32,36,6322.0,True,True,bp,-5.2407407407407405
7602,2306.076793007853,54,2,-4,378532,378507,378561,378519,378552,178.49038461538458,33,-1027.0,25,29,4025.0,True,True,bp,-5.2407407407407405
7603,1803.570904466185,79,4,-5,378598,378561,378640,378587,378616,171.10353535353534,29,-1358.0,37,42,5145.0,True,True,bp,-5.2407407407407405
7604,2636.0950427121124,50,13,-2,378664,378640,378690,378649,378676,232.06666666666663,27,-1458.0,24,26,6785.0,True,True,bp,-5.2407407407407405
7605,1179.2299126943435,66,17,18,378732,378690,378756,378716,378736,174.65625,20,1408.0,42,24,2021.0,True,True,bp,-5.2407407407407405
7606,1310.786790665732,50,15,2,378782,378756,378806,378773,378794,176.47222222222226,21,-518.0,26,24,2875.0,True,True,bp,-5.2407407407407405
7607,1536.4696382725808,83,-14,-7,378844,378806,378889,378830,378869,141.70857142857142,39,-2151.0,38,45,6208.0,True,True,bp,-5.2407407407407405
7608,2143.9338919155225,51,14,-25,378902,378889,378940,378894,378917,220.85833333333332,23,-364.0,13,38,4696.0,True,True,bp,-5.2407407407407405
7609,1384.7685228121973,49,-2,11,378970,378940,378989,378954,378983,107.21394230769229,29,281.0,30,19,3045.0,True,True,bp,-5.2407407407407405
7610,668.4419249613396,50,-12,6,379017,378989,379039,379010,379033,142.04910714285714,23,539.0,28,22,2582.0,True,True,bp,-5.2407407407407405
7611,806.7314785125017,54,-17,-34,379049,379039,379093,379044,379082,183.75151515151515,38,129.0,10,44,3212.0,True,False,bp,-5.2407407407407405
7612,1810.030069793263,46,17,-4,379114,379093,379139,379103,379120,251.59848484848484,17,-1052.0,21,25,4105.0,True,True,bp,-5.2407407407407405
7613,1419.835917444855,54,-3,2,379167,379139,379193,379154,379184,107.5045248868778,30,126.0,28,26,3551.0,True,True,bp,-5.2407407407407405
7614,1322.1527435807052,63,-15,13,379231,379193,379256,379211,379244,136.79615384615386,33,-382.0,38,25,3791.0,True,True,bp,-5.2407407407407405
7615,1123.759378634574,39,-2,1,379276,379256,379295,379262,379286,121.30714285714286,24,32.0,20,19,2578.0,True,True,bp,-5.2407407407407405
7616,1204.591274507352,44,5,-4,379315,379295,379339,379308,379332,151.28151260504202,24,-134.0,20,24,3579.0,True,False,bp,-5.2407407407407405
7617,1874.8484454684226,83,30,-9,379376,379339,379422,379361,379385,201.5,24,-367.0,37,46,5057.0,True,False,bp,-5.2407407407407405
7618,358.69175870892184,67,0,19,379465,379422,379489,379439,379476,54.736013986013994,37,1649.0,43,24,1055.0,False,False,bp,-5.2407407407407405
7619,581.0924109352217,83,-29,-1,379530,379489,379572,379513,379558,71.23319327731093,45,-448.0,41,42,3271.0,False,False,bp,-5.2407407407407405
7620,459.4124058301842,34,-9,-12,379583,379572,379606,379574,379598,56.17777777777778,24,2023.0,11,23,2174.0,False,False,bp,-5.2407407407407405
7621,2440.1587401280285,50,-16,0,379631,379606,379656,379613,379645,188.8690476190476,32,-1839.0,25,25,5829.0,False,False,bp,-5.2407407407407405
7622,1225.7854896051335,50,-13,-12,379675,379656,379706,379661,379696,94.6904761904762,35,308.0,19,31,2402.0,True,True,bp,-5.2407407407407405
7623,528.0170471171182,50,-3,8,379735,379706,379756,379718,379743,97.64705882352942,25,-159.0,29,21,1409.0,False,False,bp,-5.2407407407407405
7624,576.368923413283,67,-10,15,379797,379756,379823,379765,379809,66.22395833333334,44,-1395.0,41,26,2328.0,True,True,bp,-5.2407407407407405
7625,470.46131098422586,66,-16,42,379877,379823,379889,379843,379885,60.297794117647065,42,-1328.0,54,12,1788.0,True,True,bp,-5.2407407407407405
7626,648.341305936831,67,-15,21,379933,379889,379956,379911,379944,84.93181818181819,33,-2585.0,44,23,1646.0,True,True,bp,-5.2407407407407405
7627,174.9531246987838,67,6,-25,379977,379956,380023,379962,379994,50.88627450980393,32,-1980.0,21,46,2719.0,False,False,bp,-5.2407407407407405
7628,1111.9272348737857,50,5,-8,380044,380023,380073,380032,380052,128.45833333333331,20,-2416.0,21,29,2397.0,True,False,bp,-5.2407407407407405
7629,141.5684226241839,33,24,-15,380082,380073,380106,380077,380093,86.22727272727272,16,-1455.0,9,24,1559.0,False,False,bp,-5.2407407407407405
7630,620.6693523441338,50,-2,32,380147,380106,380156,380133,380152,138.37142857142857,19,-3960.0,41,9,1689.0,False,False,bp,-5.2407407407407405
7631,362.39704666856017,81,-32,-33,380180,380156,380237,380169,380226,81.73814229249012,57,-3755.0,24,57,3938.0,False,False,bp,-5.2407407407407405
7632,605.6672419507228,37,8,19,380265,380237,380274,380251,380268,171.78571428571428,17,-2599.0,28,9,2183.0,True,False,bp,-5.2407407407407405
7633,278.404927842372,64,3,-18,380297,380274,380338,380293,380316,176.61842105263162,23,-2591.0,23,41,2258.0,True,False,bp,-5.2407407407407405
7634,562.1413253381069,35,-12,-15,380348,380338,380373,380342,380366,102.0,24,-1597.0,10,25,2936.0,False,False,bp,-5.2407407407407405
7635,448.00797339812,49,-8,-25,380385,380373,380422,380378,380405,101.675,27,-171.0,12,37,2040.0,True,True,bp,-5.2407407407407405
7636,495.78411603943016,34,23,-16,380431,380422,380456,380424,380443,108.8095238095238,19,355.0,9,25,1994.0,True,False,bp,-5.2407407407407405
7637,179.63986083907776,67,-22,49,380514,380456,380523,380485,380518,96.26724137931036,33,-1184.0,58,9,1585.0,False,False,bp,-5.2407407407407405
7638,280.28002117150885,51,-7,-13,380542,380523,380574,380529,380561,41.58502024291498,32,-1023.0,19,32,2277.0,True,False,bp,-5.2407407407407405
7639,706.5313291564244,51,15,-31,382048,382038,382089,382043,382068,174.5,25,-10.0,10,41,2162.0,True,True,bp,-3.6808510638297873
7640,1552.0919351180632,66,-3,-14,382115,382089,382155,382108,382135,179.4535714285714,27,-1747.0,26,40,3615.0,False,False,bp,-3.6808510638297873
7641,528.8414463087065,34,-13,-14,382165,382155,382189,382159,382183,99.66666666666669,24,237.0,10,24,1779.0,False,False,bp,-3.6808510638297873
7642,158.61895396511375,33,4,-15,382198,382189,382222,382194,382209,207.51136363636363,15,-63.0,9,24,1782.0,True,True,bp,-3.6808510638297873
7643,1336.1899737834415,34,23,6,382242,382222,382256,382228,382249,140.78571428571428,21,-642.0,20,14,3257.0,True,False,bp,-3.6808510638297873
7644,2490.3304460724944,83,13,11,382303,382256,382339,382293,382320,193.9,27,-1441.0,47,36,6247.0,True,False,bp,-3.6808510638297873
7645,3351.636113473523,83,2,-3,382379,382339,382422,382360,382394,239.38245614035088,34,-3027.0,40,43,7997.0,True,True,bp,-3.6808510638297873
7646,2587.300188751692,51,6,-1,382447,382422,382473,382430,382458,178.87967914438502,28,24.0,25,26,4504.0,True,False,bp,-3.6808510638297873
7647,822.1288743192621,99,-27,17,382531,382473,382572,382492,382554,85.17391304347825,62,-1104.0,58,41,4515.0,True,False,bp,-3.6808510638297873
7648,1212.4439324681387,50,-6,2,382598,382572,382622,382589,382615,155.38235294117646,26,-1053.0,26,24,1774.0,False,False,bp,-3.6808510638297873
7649,670.9791622450631,67,9,-15,382648,382622,382689,382635,382666,56.72649572649572,31,-731.0,26,41,2793.0,True,True,bp,-3.6808510638297873
7650,2279.15844486391,53,-4,7,382719,382689,382742,382706,382733,185.63736263736263,27,-2974.0,30,23,5194.0,True,True,bp,-3.6808510638297873
7651,1265.3516251459066,64,0,2,382775,382742,382806,382756,382784,95.4970760233918,28,-1357.0,33,31,1969.0,True,True,bp,-3.6808510638297873
7652,1779.7060882318094,50,-1,-4,382829,382806,382856,382812,382844,143.2450980392157,32,-1891.0,23,27,6503.0,False,False,bp,-3.6808510638297873
7653,1584.0229385401044,66,8,18,382898,382856,382922,382875,382903,178.25652173913045,28,-168.0,42,24,2794.0,True,True,bp,-3.6808510638297873
7654,1559.8309029315262,50,24,0,382947,382922,382972,382939,382955,272.0,16,-2044.0,25,25,3833.0,True,True,bp,-3.6808510638297873
7655,1491.8405480889398,66,16,18,383014,382972,383038,382995,383022,171.125,27,-1688.0,42,24,3916.0,True,True,bp,-3.6808510638297873
7656,568.2785899229252,103,-1,-13,383083,383038,383141,383065,383109,45.198717948717956,44,-2184.0,45,58,952.0,False,False,bp,-3.6808510638297873
7657,1159.490751012502,64,-14,-12,383167,383141,383205,383152,383191,128.34583333333333,39,-3973.0,26,38,5790.0,False,False,bp,-3.6808510638297873
7658,907.80021953377,51,-10,1,383231,383205,383256,383216,383249,41.40555555555555,33,-367.0,26,25,2797.0,False,False,bp,-3.6808510638297873
7659,1065.3662843667598,50,16,32,383297,383256,383306,383272,383301,151.97,29,-2542.0,41,9,1908.0,False,False,bp,-3.6808510638297873
7660,2045.2248164193127,83,-4,31,383363,383306,383389,383346,383370,232.93697478991595,24,-5094.0,57,26,5393.0,False,False,bp,-3.6808510638297873
7661,632.9335615635317,45,-13,-25,383399,383389,383434,383390,383424,70.8622222222222,34,-722.0,10,35,1964.0,False,False,bp,-3.6808510638297873
7662,433.2426646774515,34,18,-6,383448,383434,383468,383445,383459,150.9848484848485,14,0.0,14,20,1533.0,False,False,bp,-3.6808510638297873
7663,553.7562680241748,87,8,-23,383500,383468,383555,383491,383540,140.33194444444445,49,-2655.0,32,55,3217.0,False,False,bp,-3.6808510638297873
7664,266.06996015921453,87,-15,57,383627,383555,383642,383597,383634,56.75476190476191,37,-1770.0,72,15,1686.0,True,False,bp,-3.6808510638297873
7665,470.8305724724111,75,11,-33,383663,383642,383717,383656,383689,91.82967032967035,33,-1495.0,21,54,3589.0,False,False,bp,-3.6808510638297873
7666,730.4131648000648,56,-6,4,383747,383717,383773,383733,383768,67.1190476190476,35,-623.0,30,26,1800.0,True,True,bp,-3.6808510638297873
7667,347.7491566887715,66,-25,16,383814,383773,383839,383797,383836,31.208556149732622,39,-150.0,41,25,1051.0,False,False,bp,-3.6808510638297873
7668,259.1899799800504,67,-29,43,383894,383839,383906,383850,383902,45.88636363636364,52,-1854.0,55,12,1285.0,False,False,bp,-3.6808510638297873
7669,584.0136711722732,70,6,4,383943,383906,383976,383925,383951,92.99305555555556,26,-1410.0,37,33,2862.0,False,False,bp,-3.6808510638297873
7670,355.38982755979265,29,10,13,383997,383976,384005,383983,384001,99.23214285714286,18,168.0,21,8,1599.0,False,False,bp,-3.6808510638297873
7671,251.22694178128984,51,15,31,384046,384005,384056,384029,384049,170.93137254901958,20,-2110.0,41,10,1517.0,False,False,bp,-3.6808510638297873
7672,333.9565782099487,67,-19,39,384109,384056,384123,384084,384116,70.55714285714284,32,-3592.0,53,14,1560.0,True,False,bp,-3.6808510638297873
7673,89.92978306737801,49,23,-25,384135,384123,384172,384129,384151,102.97916666666666,22,-3071.0,12,37,3229.0,False,False,bp,-3.6808510638297873
7674,521.8793237975236,50,-9,24,384209,384172,384222,384196,384215,78.41666666666666,19,-798.0,37,13,1944.0,False,False,bp,-3.6808510638297873
7675,298.52904815638624,33,0,-17,384230,384222,384255,384225,384243,153.35384615384615,18,-747.0,8,25,1733.0,False,False,bp,-3.6808510638297873
7676,946.2159759774904,50,10,4,384282,384255,384305,384261,384293,70.40043290043292,32,-2482.0,27,23,1944.0,False,False,bp,-3.6808510638297873
7677,664.2081742999591,68,-1,22,384350,384305,384373,384335,384361,54.58484848484849,26,-3281.0,45,23,2021.0,True,True,bp,-3.6808510638297873
7678,612.1031781974799,80,-16,2,384414,384373,384453,384386,384430,46.20982142857143,44,-2695.0,41,39,1923.0,True,False,bp,-3.6808510638297873
7679,353.2825799474564,19,12,1,384463,384453,384472,384458,384466,323.4,8,-3427.0,10,9,2203.0,True,False,bp,-3.6808510638297873
7680,769.4794614725456,56,36,-6,384497,384472,384528,384486,384504,119.16233766233766,18,-3165.0,25,31,2775.0,False,False,bp,-3.6808510638297873
7681,207.6453442509771,48,9,24,384564,384528,384576,384558,384567,153.91666666666666,9,-1737.0,36,12,1185.0,False,False,bp,-3.6808510638297873
7682,445.1160074794109,63,-4,-21,384597,384576,384639,384585,384616,49.97368421052632,31,-1549.0,21,42,2408.0,False,False,bp,-3.6808510638297873
7683,651.7225727345026,34,-8,14,384663,384639,384673,384643,384667,130.025,24,-1332.0,24,10,1686.0,True,False,bp,-3.6808510638297873
7684,877.7383749769023,49,7,-1,384697,384673,384722,384683,384703,148.0952380952381,20,-1069.0,24,25,3209.0,False,False,bp,-3.6808510638297873
7685,728.3738016584689,48,-20,-4,382030,382008,382056,382016,382050,62.007142857142846,34,-1663.0,22,26,2886.0,True,True,bp,-3.6808510638297873
7686,990.4833597433372,50,-15,-2,382080,382056,382106,382064,382098,80.48958333333334,34,-1013.0,24,26,2950.0,True,True,bp,-3.6808510638297873
7687,1728.3686943067366,47,7,3,382131,382106,382153,382117,382137,243.88095238095238,20,-3037.0,25,22,3714.0,True,True,bp,-3.6808510638297873
7688,1800.2373750668692,54,10,0,382180,382153,382207,382164,382191,164.82954545454544,27,-2670.0,27,27,5143.0,True,True,bp,-3.6808510638297873
7689,2139.2010234491054,64,8,18,382248,382207,382271,382228,382256,174.4,28,-1750.0,41,23,3965.0,True,True,bp,-3.6808510638297873
7690,1215.5762960237305,66,-8,22,382315,382271,382337,382292,382323,161.09782608695653,31,-3445.0,44,22,4719.0,True,True,bp,-3.6808510638297873
7691,1640.9781780118976,70,-12,-14,382365,382337,382407,382346,382390,123.08736842105264,44,-3314.0,28,42,5666.0,True,True,bp,-3.6808510638297873
7692,2184.9436371109314,66,-4,4,382442,382407,382473,382422,382453,153.16136363636363,31,-2589.0,35,31,4525.0,True,True,bp,-3.6808510638297873
7693,1024.072525109066,70,2,-18,382499,382473,382543,382480,382515,91.51809210526315,35,-2250.0,26,44,1790.0,False,False,bp,-3.6808510638297873
7694,445.03924780952616,63,-4,-21,382564,382543,382606,382552,382589,79.94666666666666,37,-2227.0,21,42,3213.0,True,True,bp,-3.6808510638297873
7695,1753.492666868118,49,-11,1,382631,382606,382655,382622,382648,155.35294117647058,26,-3040.0,25,24,3361.0,True,True,bp,-3.6808510638297873
7696,609.5486694995943,34,1,16,382680,382655,382689,382663,382685,107.3235294117647,22,-2542.0,25,9,1274.0,False,False,bp,-3.6808510638297873
7697,1548.2214217107876,67,-3,-15,382715,382689,382756,382708,382736,185.57142857142856,28,-4452.0,26,41,4709.0,False,False,bp,-3.6808510638297873
7698,1546.0666863976196,45,0,-27,382765,382756,382801,382761,382785,232.45,24,-2819.0,9,36,3218.0,True,True,bp,-3.6808510638297873
7699,1677.3191053345774,65,16,-37,382815,382801,382866,382809,382834,242.78508771929825,25,-4053.0,14,51,4390.0,True,True,bp,-3.6808510638297873
7700,1961.4998167696729,56,3,-26,382881,382866,382922,382875,382902,242.35714285714286,27,-4037.0,15,41,3358.0,True,True,bp,-3.6808510638297873
7701,1023.8055282979808,68,-1,-14,382949,382922,382990,382932,382967,79.71732026143792,35,-3211.0,27,41,3128.0,False,False,bp,-3.6808510638297873
7702,281.3916351176486,33,17,13,383013,382990,383023,383001,383018,76.29166666666667,17,-1194.0,23,10,1456.0,False,False,bp,-3.6808510638297873
7703,1062.2969854290286,68,13,14,383064,383023,383091,383052,383070,169.54166666666669,18,-2725.0,41,27,2925.0,False,False,bp,-3.6808510638297873
7704,959.7721226584238,64,-23,6,383126,383091,383155,383101,383142,90.235,41,-2803.0,35,29,2847.0,True,False,bp,-3.6808510638297873
7705,1193.5150433262866,34,12,2,383173,383155,383189,383160,383180,159.8021978021978,20,-2872.0,18,16,3242.0,True,False,bp,-3.6808510638297873
7706,1341.204346265314,68,1,-8,383219,383189,383257,383212,383241,183.5649350649351,29,-2959.0,30,38,4488.0,True,False,bp,-3.6808510638297873
7707,1756.8320165098355,48,-3,-2,383280,383257,383305,383271,383299,173.51169590643275,28,-2508.0,23,25,3538.0,True,False,bp,-3.6808510638297873
7708,514.6298962985609,94,-21,-10,383347,383305,383399,383324,383376,64.60344827586206,52,-1959.0,42,52,3155.0,False,False,bp,-3.6808510638297873
7709,189.97034493884559,24,21,8,383415,383399,383423,383407,383418,119.0,11,167.0,16,8,1393.0,False,False,bp,-3.6808510638297873
7710,447.7380573073538,105,-33,43,383497,383423,383528,383450,383512,75.62198581560284,62,-2739.0,74,31,3171.0,False,False,bp,-3.6808510638297873
7711,814.4409668643738,79,-16,-39,383548,383528,383607,383541,383585,124.1061776061776,44,-2071.0,20,59,4145.0,True,False,bp,-3.6808510638297873
7712,989.479555227792,33,6,5,383626,383607,383640,383613,383635,117.31196581196579,22,-928.0,19,14,2080.0,False,False,bp,-3.6808510638297873
7713,814.8956683287677,80,-24,2,383681,383640,383720,383663,383706,58.3488888888889,43,-3402.0,41,39,4690.0,False,False,bp,-3.6808510638297873
7714,1343.9066175712107,69,1,-15,383747,383720,383789,383725,383762,116.17727272727274,37,-3299.0,27,42,3742.0,True,False,bp,-3.6808510638297873
7715,944.5068353377268,33,-2,-3,383804,383789,383822,383800,383814,272.6,14,-2366.0,15,18,3931.0,True,False,bp,-3.6808510638297873
7716,793.3420480793262,35,-2,-7,383836,383822,383857,383826,383844,166.1875,18,-2496.0,14,21,1328.0,False,False,bp,-3.6808510638297873
7717,514.0179293755159,36,-6,12,383881,383857,383893,383860,383886,94.82857142857141,26,-3553.0,24,12,1499.0,True,True,bp,-3.6808510638297873
7718,462.2983257542311,41,25,1,383914,383893,383934,383906,383916,215.5,10,-3988.0,21,20,1509.0,True,True,bp,-3.6808510638297873
7719,1162.5461107274518,43,5,9,383960,383934,383977,383951,383968,192.80555555555557,17,-4199.0,26,17,3944.0,False,False,bp,-3.6808510638297873
7720,738.5561200467564,47,25,-9,383996,383977,384024,383990,384008,168.20833333333331,18,-2609.0,19,28,1710.0,True,False,bp,-3.6808510638297873
7721,165.1942913789857,50,-3,28,384063,384024,384074,384051,384070,103.11309523809523,19,-3522.0,39,11,1758.0,False,False,bp,-3.6808510638297873
7722,678.0002597409,65,-15,-13,384100,384074,384139,384086,384122,121.70454545454544,36,-5661.0,26,39,4171.0,False,False,bp,-3.6808510638297873
7723,731.9328837679612,50,-9,-32,384148,384139,384189,384143,384175,163.36296296296297,32,-3749.0,9,41,2432.0,True,True,bp,-3.6808510638297873
7724,975.4167584352448,67,-9,-17,384214,384189,384256,384198,384237,83.61548913043478,39,-4434.0,25,42,1716.0,True,True,bp,-3.6808510638297873
7725,835.9087388124382,48,-19,0,384280,384256,384304,384267,384298,76.71153846153845,31,-4466.0,24,24,3401.0,True,False,bp,-3.6808510638297873
7726,428.77045748880965,35,-14,-13,384315,384304,384339,384310,384334,131.10526315789474,24,-2813.0,11,24,3163.0,True,True,bp,-3.6808510638297873
7727,716.6995706488381,40,-10,28,384373,384339,384379,384344,384376,155.9080459770115,32,-3272.0,34,6,1962.0,True,False,bp,-3.6808510638297873
7728,449.73127631239487,59,-8,-3,384407,384379,384438,384398,384427,124.28055555555555,29,-3589.0,28,31,2491.0,True,False,bp,-3.6808510638297873
7729,392.16274567935756,66,-19,-14,384464,384438,384504,384448,384487,48.72826086956522,39,-2923.0,26,40,2632.0,True,False,bp,-3.6808510638297873
7730,284.1674790967022,36,13,-16,384514,384504,384540,384507,384529,105.66190476190478,22,-2195.0,10,26,1858.0,True,False,bp,-3.6808510638297873
7731,247.21436936665557,65,-3,17,384581,384540,384605,384564,384593,88.92156862745098,29,-2758.0,41,24,3276.0,True,False,bp,-3.6808510638297873
7732,688.3527867624568,85,3,-27,384634,384605,384690,384619,384659,108.14666666666668,40,-2697.0,29,56,3633.0,True,False,bp,-3.6808510638297873
7733,1045.3013942994753,53,-11,15,384724,384690,384743,384702,384732,110.5568181818182,30,-1665.0,34,19,2719.0,True,False,bp,-3.6808510638297873
7734,386.2015116329711,34,17,-2,386321,386305,386339,386311,386331,90.6,20,-867.0,16,18,1697.0,True,False,bp,-1.018181818181818
7735,621.2780506899021,66,11,16,386380,386339,386405,386368,386386,161.45833333333334,18,-1130.0,41,25,2959.0,True,False,bp,-1.018181818181818
7736,586.4860261869156,67,2,-17,386430,386405,386472,386415,386445,78.93333333333334,30,-772.0,25,42,3270.0,True,False,bp,-1.018181818181818
7737,872.1548222887596,33,14,17,386497,386472,386505,386477,386500,193.75833333333333,23,-729.0,25,8,2275.0,True,False,bp,-1.018181818181818
7738,1020.4673637591713,84,-3,32,386563,386505,386589,386537,386570,157.57142857142856,33,-2203.0,58,26,3211.0,False,False,bp,-1.018181818181818
7739,393.01821757268686,72,22,-24,386613,386589,386661,386600,386634,34.247252747252745,34,490.0,24,48,2728.0,False,False,bp,-1.018181818181818
7740,213.74643061077896,77,-5,27,386713,386661,386738,386690,386727,24.389751552795033,37,1450.0,52,25,1367.0,False,False,bp,-1.018181818181818
7741,865.2610339971376,51,1,33,386780,386738,386789,386759,386784,131.35714285714286,25,-35.0,42,9,1588.0,False,False,bp,-1.018181818181818
7742,890.0547381080697,50,21,8,386818,386789,386839,386810,386828,137.75,18,-837.0,29,21,1996.0,True,False,bp,-1.018181818181818
7743,173.07849625618886,83,-5,33,386897,386839,386922,386867,386902,97.61666666666666,35,121.0,58,25,2030.0,True,True,bp,-1.018181818181818
7744,428.4539529664624,50,-7,0,386947,386922,386972,386932,386957,48.26666666666666,25,910.0,25,25,1526.0,True,True,bp,-1.018181818181818
7745,662.454726526816,33,-13,-7,386985,386972,387005,386975,387000,80.65,25,903.0,13,20,2522.0,True,False,bp,-1.018181818181818
7746,1363.2004311558212,66,6,-14,387031,387005,387071,387012,387048,114.12229102167184,36,-1230.0,26,40,3008.0,True,False,bp,-1.018181818181818
7747,1269.405125317284,68,17,-16,387097,387071,387139,387090,387115,154.17857142857144,25,-608.0,26,42,4606.0,True,True,bp,-1.018181818181818
7748,1543.6966060346526,66,-8,8,387176,387139,387205,387157,387186,146.84736842105264,29,-87.0,37,29,3902.0,False,False,bp,-1.018181818181818
7749,556.8944290614759,38,4,-20,387214,387205,387243,387207,387231,95.80252100840336,24,2578.0,9,29,2973.0,False,False,bp,-1.018181818181818
7750,2024.6479149796396,52,6,16,387277,387243,387295,387259,387284,192.1190476190476,25,-188.0,34,18,2822.0,False,False,bp,-1.018181818181818
7751,195.399127841064,60,6,12,387331,387295,387355,387315,387342,51.15909090909091,27,281.0,36,24,1523.0,True,True,bp,-1.018181818181818
7752,1721.5957136622674,51,33,1,387381,387355,387406,387375,387392,238.92424242424244,17,-1167.0,26,25,5201.0,True,False,bp,-1.018181818181818
7753,1735.4654891156,99,11,15,387463,387406,387505,387442,387482,120.21177944862156,40,-1623.0,57,42,4566.0,True,False,bp,-1.018181818181818
7754,1571.5172972566668,100,13,-16,387547,387505,387605,387533,387573,146.30494505494502,40,-3163.0,42,58,2611.0,False,False,bp,-1.018181818181818
7755,914.9093676844068,67,-5,17,387647,387605,387672,387626,387665,71.01190476190476,39,-2402.0,42,25,3944.0,False,False,bp,-1.018181818181818
7756,1367.154976274886,66,-13,16,387713,387672,387738,387699,387730,115.0924369747899,31,-1468.0,41,25,4155.0,False,False,bp,-1.018181818181818
7757,453.9649885707328,33,4,17,387763,387738,387771,387748,387764,51.76666666666666,16,1043.0,25,8,646.0,False,False,bp,-1.018181818181818
7758,641.0467624439043,34,22,18,387797,387771,387805,387784,387799,155.21153846153842,15,647.0,26,8,1506.0,False,False,bp,-1.018181818181818
7759,1252.0971957301574,68,-5,14,387846,387805,387873,387836,387865,117.9605263157895,29,-1364.0,41,27,2308.0,False,False,bp,-1.018181818181818
7760,1692.2044344516744,53,-6,21,387910,387873,387926,387889,387917,161.47619047619048,28,-3455.0,37,16,3738.0,False,False,bp,-1.018181818181818
7761,708.5690289360019,62,-8,-20,387947,387926,387988,387939,387981,87.96323529411767,42,-1481.0,21,41,2154.0,False,False,bp,-1.018181818181818
7762,973.8183409719501,83,7,-7,388026,387988,388071,388015,388042,112.13920454545456,27,-2577.0,38,45,3181.0,True,True,bp,-1.018181818181818
7763,311.72067739542837,51,9,-31,388081,388071,388122,388076,388102,126.32380952380952,26,-1399.0,10,41,1208.0,False,False,bp,-1.018181818181818
7764,995.5456039904343,50,-2,-2,388146,388122,388172,388137,388157,207.39393939393935,20,-4852.0,24,26,3459.0,False,False,bp,-1.018181818181818
7765,219.82016112871682,50,19,-32,388181,388172,388222,388175,388195,154.23809523809524,20,-3378.0,9,41,3405.0,False,False,bp,-1.018181818181818
7766,235.58330084225327,32,3,18,388247,388222,388254,388234,388249,133.53846153846158,15,-1627.0,25,7,1783.0,False,False,bp,-1.018181818181818
7767,252.8247880988957,67,0,-13,388281,388254,388321,388267,388297,55.995535714285715,30,-1734.0,27,40,1899.0,True,False,bp,-1.018181818181818
7768,664.6119457032884,34,0,-14,388331,388321,388355,388327,388349,146.09722222222226,22,-1245.0,10,24,3307.0,False,False,bp,-1.018181818181818
7769,631.9831179645411,50,-1,24,388392,388355,388405,388371,388399,89.16666666666666,28,-241.0,37,13,1258.0,True,True,bp,-1.018181818181818
7770,847.300964413865,63,27,19,388446,388405,388468,388426,388453,94.79285714285713,27,-1364.0,41,22,1956.0,True,False,bp,-1.018181818181818
7771,452.8602322511686,67,-3,17,386330,386288,386355,386310,386336,110.925,26,-322.0,42,25,2951.0,True,False,bp,-1.018181818181818
7772,1188.8073784404908,34,3,6,386375,386355,386389,386359,386384,119.35763888888887,25,614.0,20,14,3250.0,True,False,bp,-1.018181818181818
7773,1713.936279618498,68,12,14,386430,386389,386457,386412,386437,232.88888888888889,25,-555.0,41,27,5158.0,True,False,bp,-1.018181818181818
7774,1077.142725120546,81,-7,1,386498,386457,386538,386474,386513,67.55,39,493.0,41,40,1788.0,False,False,bp,-1.018181818181818
7775,1282.5177782623007,49,1,-1,386562,386538,386587,386545,386571,159.44444444444446,26,940.0,24,25,5080.0,False,False,bp,-1.018181818181818
7776,1215.1237562476374,52,18,-6,386610,386587,386639,386598,386617,138.375,19,2732.0,23,29,2157.0,True,True,bp,-1.018181818181818
7777,440.377432199334,50,-11,32,386680,386639,386689,386654,386684,116.55769230769229,30,1617.0,41,9,1328.0,False,False,bp,-1.018181818181818
7778,181.35975985705858,52,14,-2,386714,386689,386741,386703,386724,64.73636363636363,21,1295.0,25,27,784.0,False,False,bp,-1.018181818181818
7779,921.8980319881958,54,-5,-2,386767,386741,386795,386759,386785,102.75,26,-33.0,26,28,2298.0,False,False,bp,-1.018181818181818
7780,563.829058740841,43,1,-7,386813,386795,386838,386806,386825,135.19642857142856,19,234.0,18,25,2106.0,True,True,bp,-1.018181818181818
7781,1089.8898892957172,33,-8,-13,386848,386838,386871,386845,386864,186.94791666666663,19,773.0,10,23,3643.0,False,False,bp,-1.018181818181818
7782,466.6633338079475,34,-11,14,386895,386871,386905,386875,386904,33.022222222222226,29,2547.0,24,10,214.0,False,False,bp,-1.018181818181818
7783,678.1927019641099,67,-26,-15,386931,386905,386972,386922,386964,110.32828282828281,42,-179.0,26,41,2827.0,False,False,bp,-1.018181818181818
7784,2244.5704482795913,50,12,-10,386992,386972,387022,386980,387004,200.875,24,-1619.0,20,30,5557.0,True,True,bp,-1.018181818181818
7785,1539.341522856155,66,-23,-10,387050,387022,387088,387040,387080,134.06666666666666,40,440.0,28,38,5019.0,True,True,bp,-1.018181818181818
7786,2196.868048652694,51,-2,-1,387113,387088,387139,387097,387127,163.40625,30,408.0,25,26,4768.0,True,True,bp,-1.018181818181818
7787,2827.114020186352,65,-5,-7,387168,387139,387204,387155,387187,213.43927125506082,32,-1869.0,29,36,5684.0,True,True,bp,-1.018181818181818
7788,1571.7814338024216,97,-10,-37,387234,387204,387301,387214,387266,112.18125,52,-1205.0,30,67,6296.0,True,True,bp,-1.018181818181818
7789,1781.9890105146576,60,-14,-2,387330,387301,387361,387308,387347,101.98128342245991,39,949.0,29,31,3719.0,True,False,bp,-1.018181818181818
7790,3275.795171923337,61,12,-13,387385,387361,387422,387372,387400,251.53333333333333,28,-2470.0,24,37,6441.0,True,True,bp,-1.018181818181818
7791,2658.1589101218287,77,-4,-7,387457,387422,387499,387440,387476,198.09597523219816,36,-3412.0,35,42,5920.0,True,True,bp,-1.018181818181818
7792,2223.1480297838125,69,29,-35,387516,387499,387568,387508,387529,240.9423076923077,21,-2619.0,17,52,3669.0,True,True,bp,-1.018181818181818
7793,1262.311536236878,49,-17,9,387597,387568,387617,387579,387609,98.06944444444444,30,-1557.0,29,20,2939.0,True,True,bp,-1.018181818181818
7794,1393.9838967962796,71,-3,-13,387646,387617,387688,387622,387660,147.87797619047618,38,-2817.0,29,42,4975.0,True,True,bp,-1.018181818181818
7795,2276.9640174805786,50,20,-2,387712,387688,387738,387695,387721,194.88235294117646,26,-1846.0,24,26,5339.0,True,True,bp,-1.018181818181818
7796,1365.0980805856136,63,14,19,387779,387738,387801,387767,387785,178.95833333333331,18,150.0,41,22,2619.0,True,True,bp,-1.018181818181818
7797,373.2720091579912,37,2,21,387830,387801,387838,387817,387832,200.5576923076923,15,-1287.0,29,8,1296.0,False,False,bp,-1.018181818181818
7798,1000.2096190394059,51,8,1,387864,387838,387889,387849,387868,201.04166666666663,19,-3731.0,26,25,2929.0,False,False,bp,-1.018181818181818
7799,1095.7054578042957,33,4,3,387907,387889,387922,387895,387915,155.77083333333331,20,-4343.0,18,15,2968.0,True,True,bp,-1.018181818181818
7800,1748.9053449577573,54,9,14,387956,387922,387976,387939,387965,172.82352941176467,26,-5882.0,34,20,4144.0,True,True,bp,-1.018181818181818
7801,286.44017188224115,51,-13,33,388018,387976,388027,388000,388021,267.0,21,-5300.0,42,9,2904.0,True,False,bp,-1.018181818181818
7802,160.49868906202119,45,1,1,388050,388027,388072,388029,388061,101.18831168831171,32,-4554.0,23,22,1942.0,True,True,bp,-1.018181818181818
7803,665.398797768088,49,19,1,388097,388072,388121,388094,388108,276.93939393939394,14,-4344.0,25,24,3138.0,True,True,bp,-1.018181818181818
7804,761.7682325367357,50,14,2,388147,388121,388171,388141,388152,241.56666666666663,11,-4226.0,26,24,2402.0,True,False,bp,-1.018181818181818
7805,574.8159218565038,85,8,-65,388181,388171,388256,388177,388214,186.6931818181818,37,-4073.0,10,75,3371.0,True,False,bp,-1.018181818181818
7806,406.68543214358596,55,-2,-41,388263,388256,388311,388259,388287,216.8125,28,-2984.0,7,48,2684.0,False,False,bp,-1.018181818181818
7807,249.68159121008316,40,7,-24,388319,388311,388351,388313,388332,114.51923076923076,19,-1493.0,8,32,3344.0,False,False,bp,-1.018181818181818
7808,1071.0126761038314,50,5,-22,388365,388351,388401,388358,388384,105.00375939849623,26,-304.0,14,36,2663.0,True,True,bp,-1.018181818181818
7809,891.1101164182083,38,2,22,388431,388401,388439,388415,388435,111.28125,20,-2669.0,30,8,1525.0,False,False,bp,-1.018181818181818
7810,352.480532680605,46,10,4,388464,388439,388485,388457,388475,134.525974025974,18,-3702.0,25,21,1386.0,False,False,bp,-1.018181818181818
7811,590.9652203079312,101,-17,51,390047,389971,390072,390012,390062,58.952380952380956,50,-257.0,76,25,3303.0,False,False,bp,-1.5714285714285714
7812,1846.19604426414,66,-4,14,390112,390072,390138,390095,390121,159.46732026143792,26,-505.0,40,26,3999.0,True,True,bp,-1.5714285714285714
7813,705.7627502167854,33,2,17,390163,390138,390171,390143,390167,94.45,24,267.0,25,8,884.0,False,False,bp,-1.5714285714285714
7814,927.554639073304,67,8,5,390207,390171,390238,390193,390219,94.0238095238095,26,-873.0,36,31,3169.0,False,False,bp,-1.5714285714285714
7815,1521.310917046005,66,0,-10,390266,390238,390304,390253,390284,125.48931623931624,31,-1291.0,28,38,4172.0,True,True,bp,-1.5714285714285714
7816,1984.5988319945584,67,5,-13,390331,390304,390371,390315,390350,166.50822368421052,35,-2681.0,27,40,6286.0,False,False,bp,-1.5714285714285714
7817,812.2784965768607,67,8,17,390413,390371,390438,390390,390423,54.28478260869565,33,1002.0,42,25,553.0,False,False,bp,-1.5714285714285714
7818,647.3000017985853,101,-15,17,390497,390438,390539,390464,390517,65.16969696969697,53,-1712.0,59,42,4185.0,False,False,bp,-1.5714285714285714
7819,1173.8187360499505,66,7,-18,390563,390539,390605,390555,390586,163.67391304347825,31,-1483.0,24,42,2546.0,True,True,bp,-1.5714285714285714
7820,859.0118871950348,100,10,-18,390646,390605,390705,390624,390662,100.41761363636364,38,-2138.0,41,59,4266.0,True,False,bp,-1.5714285714285714
7821,1088.361125423262,51,1,-1,390730,390705,390756,390710,390742,79.54166666666666,32,-691.0,25,26,2500.0,True,False,bp,-1.5714285714285714
7822,607.2071663052516,42,9,10,390782,390756,390798,390775,390787,155.3142857142857,12,-618.0,26,16,1535.0,True,True,bp,-1.5714285714285714
7823,572.7459110829333,40,25,-8,390814,390798,390838,390808,390825,124.21212121212122,17,-907.0,16,24,1915.0,True,False,bp,-1.5714285714285714
7824,862.3881519839557,101,-18,-7,390885,390838,390939,390867,390917,84.36805555555556,50,-2619.0,47,54,4645.0,False,False,bp,-1.5714285714285714
7825,1032.3897806487544,50,-14,-8,390960,390939,390989,390949,390984,56.14583333333333,35,342.0,21,29,2963.0,False,False,bp,-1.5714285714285714
7826,411.81138051354554,33,2,15,391013,390989,391022,391005,391019,108.47916666666669,14,558.0,24,9,1097.0,False,False,bp,-1.5714285714285714
7827,862.555083852969,49,11,1,391047,391022,391071,391035,391055,146.3125,20,-1517.0,25,24,1905.0,False,False,bp,-1.5714285714285714
7828,803.7201328141026,99,20,-13,391114,391071,391170,391086,391133,80.07988721804512,47,-3001.0,43,56,3869.0,False,False,bp,-1.5714285714285714
7829,266.867346210478,57,-5,29,391213,391170,391227,391200,391218,116.16153846153848,18,-924.0,43,14,1698.0,False,False,bp,-1.5714285714285714
7830,381.5460412914469,44,24,-6,391246,391227,391271,391231,391257,81.3878787878788,26,-279.0,19,25,2473.0,False,False,bp,-1.5714285714285714
7831,386.0799744889129,67,-1,51,391330,391271,391338,391307,391334,88.08695652173913,27,-120.0,59,8,1385.0,False,False,bp,-1.5714285714285714
7832,1080.4344029221757,83,17,-1,391379,391338,391421,391360,391400,98.62907268170427,40,-1997.0,41,42,2757.0,False,False,bp,-1.5714285714285714
7833,567.4638906679418,116,-9,2,391480,391421,391537,391457,391508,93.73835403726707,51,-3352.0,59,57,4560.0,False,False,bp,-1.5714285714285714
7834,424.5607988270682,81,-8,-29,391563,391537,391618,391550,391592,51.39522546419098,42,-1065.0,26,55,1178.0,False,False,bp,-1.5714285714285714
7835,290.03633127009095,103,-11,-13,391663,391618,391721,391626,391689,51.37422037422037,63,-2686.0,45,58,2532.0,False,False,bp,-1.5714285714285714
7836,628.006072888339,52,7,22,391758,391721,391773,391741,391766,111.54044117647058,25,-1861.0,37,15,2578.0,True,False,bp,-1.5714285714285714
7837,445.23478072832273,82,-27,34,391831,391773,391855,391798,391843,53.46969696969697,45,-2381.0,58,24,2202.0,True,False,bp,-1.5714285714285714
7838,561.7750174679504,46,-25,38,391897,391855,391901,391861,391899,130.51388888888889,38,-2577.0,42,4,1276.0,True,False,bp,-1.5714285714285714
7839,368.43762531665334,37,-2,-11,391914,391901,391938,391912,391929,120.2,17,-1939.0,13,24,2504.0,False,False,bp,-1.5714285714285714
7840,463.4467071866135,39,-10,21,391968,391938,391977,391944,391972,59.79166666666667,28,-1633.0,30,9,496.0,False,False,bp,-1.5714285714285714
7841,192.50886146923332,32,25,4,391995,391977,392009,391990,391996,179.6,6,-3668.0,18,14,481.0,False,False,bp,-1.5714285714285714
7842,346.4942676871202,66,-12,10,392047,392009,392075,392027,392067,44.25,40,-4512.0,38,28,2100.0,False,False,bp,-1.5714285714285714
7843,807.5346516191776,66,15,6,392111,392075,392141,392095,392127,107.46875,32,-4952.0,36,30,2979.0,True,True,bp,-1.5714285714285714
7844,584.2548411965655,97,-7,11,392195,392141,392238,392174,392223,67.44047619047619,49,-5425.0,54,43,3503.0,True,True,bp,-1.5714285714285714
7845,128.08032227320732,60,3,42,392289,392238,392298,392265,392292,111.625,27,-5178.0,51,9,1372.0,False,False,bp,-1.5714285714285714
7846,225.4590702511273,51,-4,33,392340,392298,392349,392322,392343,119.75,21,-5679.0,42,9,1513.0,True,False,bp,-1.5714285714285714
7847,9.173425600919039,22,1,6,392363,392349,392371,392360,392366,277.16666666666663,6,-5547.0,14,8,2090.0,False,False,bp,-1.5714285714285714
7848,139.38960471215032,49,18,-31,392380,392371,392420,392373,392400,63.76428571428572,27,-4481.0,9,40,2132.0,False,False,bp,-1.5714285714285714
7849,342.01911755504483,68,13,8,392458,392420,392488,392445,392466,102.23076923076924,21,-4296.0,38,30,1571.0,False,False,bp,-1.5714285714285714
7850,1269.7443481200169,65,-10,-15,392513,392488,392553,392500,392534,123.04212454212454,34,-6585.0,25,40,5083.0,False,False,bp,-1.5714285714285714
7851,780.9905075509973,37,1,-15,392564,392553,392590,392558,392583,64.90350877192982,25,-2802.0,11,26,3153.0,False,False,bp,-1.5714285714285714
7852,315.8427734141508,81,21,-1,392630,392590,392671,392609,392647,63.658263305322116,38,-1954.0,40,41,2483.0,True,True,bp,-1.5714285714285714
7853,760.1727226725274,67,3,17,392713,392671,392738,392706,392730,143.3151260504202,24,-2016.0,42,25,2613.0,True,True,bp,-1.5714285714285714
7854,368.2114264375022,50,-6,28,392777,392738,392788,392757,392783,87.1,26,-1360.0,39,11,1741.0,True,False,bp,-1.5714285714285714
7855,436.0368567921057,39,5,13,392814,392788,392827,392803,392820,105.16666666666666,17,-2373.0,26,13,685.0,False,False,bp,-1.5714285714285714
7856,614.645580345507,56,17,-16,392847,392827,392883,392842,392858,198.9,16,-3860.0,20,36,3355.0,False,False,bp,-1.5714285714285714
7857,693.5065740398084,40,15,-10,392898,392883,392923,392891,392910,95.2261904761905,19,-2596.0,15,25,2536.0,True,True,bp,-1.5714285714285714
7858,1885.6911817521384,71,27,-37,390017,390000,390071,390010,390032,174.23809523809524,22,761.0,17,54,4502.0,True,True,bp,-1.5714285714285714
7859,2454.4709009542607,66,3,-16,390096,390071,390137,390081,390114,175.59444444444443,33,-55.0,25,41,6159.0,True,True,bp,-1.5714285714285714
7860,2102.258648606265,51,0,1,390163,390137,390188,390150,390177,183.10164835164838,27,-680.0,26,25,2485.0,False,False,bp,-1.5714285714285714
7861,756.0389303143132,62,-11,20,390229,390188,390250,390204,390238,101.31777777777776,34,258.0,41,21,2934.0,False,False,bp,-1.5714285714285714
7862,826.6024864394246,44,4,16,390280,390250,390294,390261,390286,102.62280701754385,25,2340.0,30,14,2526.0,False,False,bp,-1.5714285714285714
7863,1903.4014440673748,61,-1,13,390331,390294,390355,390315,390345,154.8125,30,125.0,37,24,4581.0,True,True,bp,-1.5714285714285714
7864,950.0993715214676,49,1,1,390380,390355,390404,390374,390392,212.08333333333331,18,1123.0,25,24,1879.0,True,True,bp,-1.5714285714285714
7865,857.2308882674174,67,6,-17,390429,390404,390471,390411,390440,119.22474747474749,29,-491.0,25,42,2075.0,True,False,bp,-1.5714285714285714
7866,471.1855807914106,33,-9,-15,390480,390471,390504,390475,390496,123.9,21,202.0,9,24,2294.0,True,False,bp,-1.5714285714285714
7867,757.2576515173586,35,5,-17,390513,390504,390539,390508,390531,127.38888888888887,23,723.0,9,26,2328.0,True,False,bp,-1.5714285714285714
7868,1229.922883707455,74,1,-24,390564,390539,390613,390559,390591,231.65185185185183,32,-647.0,25,49,3977.0,True,False,bp,-1.5714285714285714
7869,1294.1563378210915,58,-6,-22,390631,390613,390671,390624,390652,141.61904761904762,28,125.0,18,40,2217.0,True,False,bp,-1.5714285714285714
7870,256.7670769533326,32,1,-16,390679,390671,390703,390674,390690,166.1909090909091,16,387.0,8,24,1845.0,True,False,bp,-1.5714285714285714
7871,344.30631233615463,34,12,-14,390713,390703,390737,390707,390723,124.05,16,-5.0,10,24,728.0,False,False,bp,-1.5714285714285714
7872,727.7481861494119,68,10,-14,390764,390737,390805,390751,390782,120.30769230769229,31,-1204.0,27,41,4263.0,False,False,bp,-1.5714285714285714
7873,753.1146826132355,49,0,33,390846,390805,390854,390823,390849,204.1231884057971,26,1470.0,41,8,2283.0,False,False,bp,-1.5714285714285714
7874,1228.005281876739,54,-3,30,390896,390854,390908,390875,390902,133.03571428571428,27,-778.0,42,12,1928.0,False,False,bp,-1.5714285714285714
7875,578.135107533322,42,18,4,390931,390908,390950,390926,390941,140.2,15,-378.0,23,19,2367.0,True,True,bp,-1.5714285714285714
7876,318.13528589227553,72,7,-12,390980,390950,391022,390974,391001,106.51190476190477,27,-3.0,30,42,889.0,False,False,bp,-1.5714285714285714
7877,756.4322089741496,65,2,-9,391050,391022,391087,391035,391070,77.46666666666667,35,-634.0,28,37,3563.0,False,False,bp,-1.5714285714285714
7878,1618.8877701209367,67,-3,9,391125,391087,391154,391107,391134,174.52777777777774,27,-2214.0,38,29,4200.0,True,False,bp,-1.5714285714285714
7879,702.8574974804253,34,8,-14,391164,391154,391188,391158,391181,106.44117647058823,23,-115.0,10,24,1786.0,True,False,bp,-1.5714285714285714
7880,395.37156186723365,84,-15,34,391247,391188,391272,391212,391259,82.13452380952381,47,-1239.0,59,25,2290.0,True,False,bp,-1.5714285714285714
7881,593.7467546644524,49,22,1,391297,391272,391321,391291,391301,223.375,10,-1513.0,25,24,2171.0,True,False,bp,-1.5714285714285714
7882,836.9269909052907,68,20,-16,391347,391321,391389,391333,391353,140.46428571428572,20,-1746.0,26,42,3334.0,True,True,bp,-1.5714285714285714
7883,446.9016920175912,66,-17,-20,391412,391389,391455,391393,391435,59.20823798627003,42,-998.0,23,43,1822.0,True,False,bp,-1.5714285714285714
7884,572.6915767874541,39,-11,1,391475,391455,391494,391460,391485,83.13333333333333,25,-1450.0,20,19,1652.0,True,False,bp,-1.5714285714285714
7885,458.5769276272583,44,2,-26,391503,391494,391538,391499,391519,126.8125,20,-946.0,9,35,3211.0,False,False,bp,-1.5714285714285714
7886,557.4954745786966,39,11,-21,391547,391538,391577,391541,391559,124.66666666666669,18,194.0,9,30,1324.0,True,True,bp,-1.5714285714285714
7887,191.5923761397513,55,-2,19,391614,391577,391632,391588,391622,6.8125,34,265.0,37,18,144.0,False,False,bp,-1.5714285714285714
7888,726.49667537777,88,-8,12,391682,391632,391720,391654,391699,84.26155462184875,45,-2859.0,50,38,3203.0,False,False,bp,-1.5714285714285714
7889,561.1119450351504,71,-20,15,391763,391720,391791,391736,391775,60.12962962962963,39,-2305.0,43,28,2988.0,False,False,bp,-1.5714285714285714
7890,429.5239179616661,36,-5,-18,391800,391791,391827,391794,391820,84.41666666666666,26,-448.0,9,27,1976.0,False,False,bp,-1.5714285714285714
7891,224.62844265039345,29,7,11,391847,391827,391856,391841,391851,135.08333333333331,10,90.0,20,9,1273.0,True,True,bp,-1.5714285714285714
7892,368.30534848600405,50,20,-2,391880,391856,391906,391868,391891,30.450757575757574,23,-266.0,24,26,628.0,False,False,bp,-1.5714285714285714
7893,348.3509226011168,62,-22,22,391948,391906,391968,391934,391964,105.77232142857143,30,-3639.0,42,20,1625.0,False,False,bp,-1.5714285714285714
7894,80.94839339770299,34,-2,-18,391976,391968,392002,391972,391991,190.95,19,-4278.0,8,26,1691.0,True,True,bp,-1.5714285714285714
7895,322.07776988847667,35,-1,-13,392013,392002,392037,392008,392025,221.75,17,-4905.0,11,24,2872.0,True,True,bp,-1.5714285714285714
7896,786.093900061539,28,11,-8,392047,392037,392065,392041,392059,181.66666666666663,18,-4832.0,10,18,3222.0,True,False,bp,-1.5714285714285714
7897,160.71386689407302,56,-13,44,392115,392065,392121,392088,392118,88.62962962962963,30,-4122.0,50,6,1020.0,False,False,bp,-1.5714285714285714
7898,177.44695977888648,35,-5,27,392152,392121,392156,392135,392154,177.2352941176471,19,-5289.0,31,4,1123.0,False,False,bp,-1.5714285714285714
7899,523.0142430255806,50,7,-2,392180,392156,392206,392168,392189,94.23611111111113,21,-5318.0,24,26,2723.0,False,False,bp,-1.5714285714285714
7900,375.1507250660922,60,-10,-10,392231,392206,392266,392217,392249,45.90873015873015,32,-4285.0,25,35,1627.0,True,False,bp,-1.5714285714285714
7901,636.9639694324201,29,5,-1,392280,392266,392295,392271,392285,198.94444444444446,14,-5269.0,14,15,2353.0,True,False,bp,-1.5714285714285714
7902,175.74659758633746,44,3,-8,392313,392295,392339,392304,392326,111.56837606837608,22,-4241.0,18,26,2205.0,True,True,bp,-1.5714285714285714
7903,488.74355162993197,43,0,7,392364,392339,392382,392351,392370,91.91025641025641,19,-3974.0,25,18,1868.0,True,True,bp,-1.5714285714285714
7904,449.44567036695435,58,-15,-20,392401,392382,392440,392389,392427,79.67628205128204,38,-4523.0,19,39,2712.0,True,False,bp,-1.5714285714285714
7905,443.7680281494577,45,-3,3,392464,392440,392485,392450,392477,71.74450549450547,27,-3566.0,24,21,1798.0,False,False,bp,-1.5714285714285714
7906,1200.28067215006,70,1,0,392520,392485,392555,392501,392532,130.01754385964912,31,-6304.0,35,35,3606.0,False,False,bp,-1.5714285714285714
7907,441.77070757955903,97,30,-43,392582,392555,392652,392564,392599,58.90196078431373,35,-4890.0,27,70,4088.0,True,False,bp,-1.5714285714285714
7908,490.4591079417939,52,2,-8,392674,392652,392704,392664,392684,93.35,20,-2996.0,22,30,1596.0,True,False,bp,-1.5714285714285714
7909,196.6445679898364,33,-4,-13,392714,392704,392737,392706,392725,103.70454545454544,19,-2623.0,10,23,2292.0,False,False,bp,-1.5714285714285714
7910,175.57866835138202,53,1,-37,392745,392737,392790,392740,392769,85.3125,29,-1459.0,8,45,1574.0,False,False,bp,-1.5714285714285714
7911,759.2309874465947,61,8,-19,392811,392790,392851,392799,392836,115.09833333333331,37,-4113.0,21,40,3011.0,False,False,bp,-1.5714285714285714
7912,465.5427475799064,66,11,24,392896,392851,392917,392881,392901,285.8,20,-3676.0,45,21,4620.0,False,False,bp,-1.5714285714285714
7913,1411.7569255036817,83,16,13,394186,394138,394221,394177,394202,144.82291666666669,25,752.0,48,35,4177.0,True,False,bp,-3.5686274509803924
7914,1441.2521812646617,98,-3,-12,394264,394221,394319,394243,394286,116.12445887445887,43,-282.0,43,55,4788.0,True,True,bp,-3.5686274509803924
7915,1711.897603128838,69,15,-15,394346,394319,394388,394326,394359,110.5173076923077,33,652.0,27,42,3188.0,True,True,bp,-3.5686274509803924
7916,1958.651103607752,66,-3,16,394429,394388,394454,394407,394438,204.44191919191917,31,-2033.0,41,25,4431.0,True,True,bp,-3.5686274509803924
7917,2373.075501450941,51,4,-1,394479,394454,394505,394466,394493,219.03571428571428,27,-3356.0,25,26,5528.0,False,False,bp,-3.5686274509803924
7918,711.917081237712,95,-30,-13,394546,394505,394600,394524,394581,43.64155844155846,57,307.0,41,54,3281.0,False,False,bp,-3.5686274509803924
7919,2218.6224296622304,55,10,-21,394617,394600,394655,394608,394636,197.01754385964912,28,-908.0,17,38,4645.0,True,False,bp,-3.5686274509803924
7920,1700.4785541824717,83,15,1,394697,394655,394738,394674,394707,171.55,33,-976.0,42,41,4885.0,True,True,bp,-3.5686274509803924
7921,2518.7005128155183,61,10,1,394769,394738,394799,394755,394781,165.07142857142856,26,634.0,31,30,5742.0,True,True,bp,-3.5686274509803924
7922,1007.5641158967996,74,-11,22,394847,394799,394873,394817,394852,175.4,35,-770.0,48,26,2617.0,False,False,bp,-3.5686274509803924
7923,386.567371999317,31,-1,-19,394879,394873,394904,394876,394897,114.27777777777777,21,1073.0,6,25,3030.0,False,False,bp,-3.5686274509803924
7924,776.9556414964501,50,15,2,394930,394904,394954,394917,394940,122.28846153846158,23,1331.0,26,24,1738.0,True,True,bp,-3.5686274509803924
7925,543.9795349021659,65,2,19,394996,394954,395019,394978,395000,156.875,22,240.0,42,23,2304.0,True,False,bp,-3.5686274509803924
7926,816.6547963699915,36,24,-12,395031,395019,395055,395024,395041,141.07857142857142,17,330.0,12,24,2103.0,True,False,bp,-3.5686274509803924
7927,315.8907872380337,116,-33,-34,395096,395055,395171,395082,395146,51.24857142857143,64,470.0,41,75,2605.0,True,False,bp,-3.5686274509803924
7928,739.7866103629901,82,-14,-32,395196,395171,395253,395177,395224,68.39943609022556,47,-198.0,25,57,1940.0,True,False,bp,-3.5686274509803924
7929,740.8024528161252,35,3,-15,395263,395253,395288,395257,395281,122.72222222222223,24,-81.0,10,25,2666.0,False,False,bp,-3.5686274509803924
7930,294.10930474847936,50,-9,32,395329,395288,395338,395308,395333,90.80357142857143,25,1732.0,41,9,1552.0,False,False,bp,-3.5686274509803924
7931,262.7446357063953,33,6,9,395359,395338,395371,395349,395366,62.90714285714286,17,2292.0,21,12,1196.0,False,False,bp,-3.5686274509803924
7932,615.8790971432493,34,15,14,395395,395371,395405,395389,395399,255.125,10,698.0,24,10,2300.0,False,False,bp,-3.5686274509803924
7933,1022.5864301269428,49,9,1,395430,395405,395454,395424,395444,146.41666666666669,20,766.0,25,24,2931.0,True,False,bp,-3.5686274509803924
7934,905.5929998686627,83,16,-7,395492,395454,395537,395473,395509,73.10681114551085,36,135.0,38,45,2462.0,True,False,bp,-3.5686274509803924
7935,773.2497785385782,84,-14,2,395580,395537,395621,395561,395603,81.31578947368422,42,-1120.0,43,41,2842.0,True,False,bp,-3.5686274509803924
7936,510.3479425841432,32,1,12,395643,395621,395653,395631,395648,116.35,17,-434.0,22,10,1627.0,True,False,bp,-3.5686274509803924
7937,634.3739430849473,63,9,-11,395679,395653,395716,395666,395695,52.23317307692307,29,-696.0,26,37,1889.0,True,False,bp,-3.5686274509803924
7938,480.4484840512865,71,1,-9,395747,395716,395787,395733,395766,46.29323308270678,33,-1268.0,31,40,1568.0,True,True,bp,-3.5686274509803924
7939,765.545669475563,67,10,11,395826,395787,395854,395800,395831,120.68461538461538,31,-1207.0,39,28,2386.0,True,True,bp,-3.5686274509803924
7940,781.7303172224459,67,-32,17,395896,395854,395921,395872,395916,53.12916666666666,44,-1667.0,42,25,1897.0,True,False,bp,-3.5686274509803924
7941,670.0612049246513,50,-7,-24,395934,395921,395971,395928,395956,163.0681818181818,28,-2117.0,13,37,2331.0,False,False,bp,-3.5686274509803924
7942,174.6147050271397,18,17,0,395980,395971,395989,395977,395985,110.56666666666666,8,-679.0,9,9,1202.0,False,False,bp,-3.5686274509803924
7943,835.6468144757808,47,1,1,396013,395989,396036,396010,396026,169.67948717948718,16,-796.0,24,23,2723.0,False,False,bp,-3.5686274509803924
7944,726.0795228334888,63,-18,-9,396063,396036,396099,396043,396085,61.23863636363636,42,-1471.0,27,36,1451.0,False,False,bp,-3.5686274509803924
7945,488.47635415910463,55,8,-21,396116,396099,396154,396109,396133,94.04201680672269,24,-2144.0,17,38,1300.0,True,True,bp,-3.5686274509803924
7946,266.9802914303067,34,18,16,396179,396154,396188,396165,396182,156.2976190476191,17,-2885.0,25,9,1933.0,True,False,bp,-3.5686274509803924
7947,658.6790994211979,86,-2,28,396245,396188,396274,396217,396248,182.29166666666663,31,-4573.0,57,29,2009.0,True,False,bp,-3.5686274509803924
7948,781.3549776869487,49,0,-37,396280,396274,396323,396277,396302,193.23484848484847,25,-4127.0,6,43,3491.0,False,False,bp,-3.5686274509803924
7949,308.34426772148163,32,18,-18,396330,396323,396355,396327,396335,297.76666666666665,8,-2456.0,7,25,2324.0,True,False,bp,-3.5686274509803924
7950,926.1510748134873,65,0,-33,396371,396355,396420,396361,396397,99.51923076923076,36,-2232.0,16,49,2498.0,True,False,bp,-3.5686274509803924
7951,506.84331905520247,46,8,8,396447,396420,396466,396433,396450,147.21428571428572,17,-1228.0,27,19,1516.0,True,False,bp,-3.5686274509803924
7952,384.7855252601575,38,51,-12,396479,396466,396504,396475,396481,195.25,6,-1294.0,13,25,867.0,False,False,bp,-3.5686274509803924
7953,269.44450354409304,85,1,33,396563,396504,396589,396538,396573,107.75,35,-3271.0,59,26,1929.0,False,False,bp,-3.5686274509803924
7954,689.3048938909326,49,31,-1,396613,396589,396638,396609,396617,277.5,8,-3392.0,24,25,2581.0,True,False,bp,-3.5686274509803924
7955,2449.865982588541,51,4,1,394230,394204,394255,394212,394240,209.9333333333333,28,-898.0,26,25,5692.0,True,True,bp,-3.5686274509803924
7956,4140.498804550138,66,16,-16,394280,394255,394321,394272,394294,459.1071428571429,22,-4295.0,25,41,9035.0,True,True,bp,-3.5686274509803924
7957,2975.910809966752,66,27,-24,394342,394321,394387,394332,394354,283.725,22,-2251.0,21,45,5270.0,True,True,bp,-3.5686274509803924
7958,3085.7707747372137,68,1,-14,394414,394387,394455,394403,394435,241.90476190476193,32,-3348.0,27,41,8005.0,True,True,bp,-3.5686274509803924
7959,4903.059848573644,66,12,-16,394480,394455,394521,394468,394492,438.0416666666666,24,-5642.0,25,41,10463.0,True,True,bp,-3.5686274509803924
7960,3432.0933529645868,50,20,-2,394545,394521,394571,394528,394553,300.625,25,-2616.0,24,26,5918.0,True,True,bp,-3.5686274509803924
7961,3080.7549050949956,83,13,1,394613,394571,394654,394598,394627,253.62619047619046,29,-3287.0,42,41,8424.0,True,True,bp,-3.5686274509803924
7962,3224.727313531378,57,-6,-7,394679,394654,394711,394669,394701,236.12727272727275,32,-1664.0,25,32,5895.0,True,True,bp,-3.5686274509803924
7963,2158.136666880092,77,-4,-3,394748,394711,394788,394727,394771,127.86335403726707,44,-683.0,37,40,6151.0,True,True,bp,-3.5686274509803924
7964,2115.444552757312,66,6,6,394824,394788,394854,394811,394837,189.8076923076923,26,113.0,36,30,3825.0,True,True,bp,-3.5686274509803924
7965,1809.917009629717,51,16,1,394880,394854,394905,394869,394886,265.55303030303025,17,-1417.0,26,25,3746.0,True,True,bp,-3.5686274509803924
7966,1971.4059751051457,66,-16,-12,394932,394905,394971,394919,394961,160.25994694960212,42,-2506.0,27,39,6673.0,True,True,bp,-3.5686274509803924
7967,2227.8539931445325,50,2,2,394997,394971,395021,394987,395005,303.9125,18,-1767.0,26,24,5120.0,False,False,bp,-3.5686274509803924
7968,466.912820528738,67,-10,-17,395046,395021,395088,395025,395070,40.93154761904762,45,2036.0,25,42,2451.0,False,False,bp,-3.5686274509803924
7969,2464.8517382095984,65,13,-11,395115,395088,395153,395105,395131,248.56875,26,-2917.0,27,38,4591.0,False,False,bp,-3.5686274509803924
7970,2812.0669353401445,51,13,1,395179,395153,395204,395170,395188,344.16666666666663,18,-3593.0,26,25,7337.0,True,True,bp,-3.5686274509803924
7971,2777.9565612876386,53,0,-1,395230,395204,395257,395219,395246,216.38920454545453,27,-2022.0,26,27,5531.0,False,False,bp,-3.5686274509803924
7972,913.7056639383306,64,-5,14,395296,395257,395321,395273,395309,64.73076923076923,36,807.0,39,25,2226.0,False,False,bp,-3.5686274509803924
7973,965.4490233240912,66,-9,18,395363,395321,395387,395340,395380,69.57033248081841,40,413.0,42,24,3102.0,True,True,bp,-3.5686274509803924
7974,1320.4645409105,68,-12,26,395434,395387,395455,395411,395448,102.34937888198758,37,-556.0,47,21,3628.0,True,True,bp,-3.5686274509803924
7975,831.4179026362192,50,-3,26,395493,395455,395505,395473,395499,137.825,26,-514.0,38,12,2526.0,True,True,bp,-3.5686274509803924
7976,1751.500590089036,52,0,-2,395530,395505,395557,395522,395547,207.97426470588238,25,-1914.0,25,27,5219.0,True,False,bp,-3.5686274509803924
7977,1238.9249353260507,63,46,15,395596,395557,395620,395572,395600,195.58333333333331,28,-718.0,39,24,2763.0,True,True,bp,-3.5686274509803924
7978,1792.3450099242127,100,3,26,395683,395620,395720,395674,395701,198.52777777777774,27,-2089.0,63,37,5506.0,True,False,bp,-3.5686274509803924
7979,1634.005847182107,50,-9,2,395746,395720,395770,395731,395756,156.7,25,-1085.0,26,24,3171.0,False,False,bp,-3.5686274509803924
7980,668.792400223114,30,3,-16,395777,395770,395800,395772,395790,114.16923076923077,18,1195.0,7,23,2145.0,False,False,bp,-3.5686274509803924
7981,1000.5693413913488,71,4,-23,395824,395800,395871,395811,395850,97.76923076923076,39,-260.0,24,47,2435.0,True,False,bp,-3.5686274509803924
7982,818.1343828813996,49,-11,33,395912,395871,395920,395893,395915,215.26315789473685,22,-778.0,41,8,2910.0,True,False,bp,-3.5686274509803924
7983,326.93760946008814,34,-6,14,395944,395920,395954,395926,395949,119.42777777777779,23,8.0,24,10,1883.0,True,True,bp,-3.5686274509803924
7984,658.531376969916,50,-24,22,395990,395954,396004,395966,396000,53.02916666666667,34,-616.0,36,14,2103.0,True,False,bp,-3.5686274509803924
7985,311.76926853154936,34,5,-12,396015,396004,396038,396010,396023,239.4375,13,-1416.0,11,23,2462.0,True,True,bp,-3.5686274509803924
7986,488.2731214027136,34,30,-18,396046,396038,396072,396041,396058,149.875,17,-1160.0,8,26,1232.0,False,False,bp,-3.5686274509803924
7987,1060.397056606944,82,-7,30,396128,396072,396154,396105,396134,143.51811594202897,29,-4039.0,56,26,2509.0,False,False,bp,-3.5686274509803924
7988,428.12148673251517,33,14,-17,396162,396154,396187,396156,396171,204.16666666666663,15,-3590.0,8,25,2454.0,True,False,bp,-3.5686274509803924
7989,335.93065666879454,39,-14,27,396220,396187,396226,396200,396224,82.2,24,-3449.0,33,6,1138.0,False,False,bp,-3.5686274509803924
7990,247.7262978232362,46,-3,-6,396246,396226,396272,396234,396259,97.6955128205128,25,-4733.0,20,26,1623.0,False,False,bp,-3.5686274509803924
7991,137.7822802968037,32,-7,16,396296,396272,396304,396281,396299,182.76666666666665,18,-4659.0,24,8,2313.0,True,False,bp,-3.5686274509803924
7992,231.1387862660461,34,9,-16,396313,396304,396338,396310,396324,248.65151515151518,14,-4250.0,9,25,3732.0,False,False,bp,-3.5686274509803924
7993,408.1215729130332,33,7,7,396358,396338,396371,396347,396362,96.67045454545456,15,-2304.0,20,13,1579.0,False,False,bp,-3.5686274509803924
7994,662.9388064849935,50,3,6,396399,396371,396421,396384,396403,157.75,19,-1512.0,28,22,2714.0,False,False,bp,-3.5686274509803924
7995,772.2489690699547,49,22,-21,396435,396421,396470,396425,396451,103.15625,26,-1612.0,14,35,1662.0,True,False,bp,-3.5686274509803924
7996,237.89193853752982,66,-11,26,396516,396470,396536,396499,396525,38.401960784313715,26,-2871.0,46,20,866.0,False,False,bp,-3.5686274509803924
7997,637.788286561395,38,-3,6,396558,396536,396574,396540,396567,88.1388888888889,27,-4817.0,22,16,1923.0,False,False,bp,-3.5686274509803924
7998,546.9799231175634,81,-1,-13,396608,396574,396655,396591,396626,94.05718954248366,35,-5165.0,34,47,4181.0,False,False,bp,-3.5686274509803924
7999,847.1368087733025,83,-17,25,397908,397854,397937,397873,397917,111.44444444444444,44,-1086.0,54,29,3465.0,True,True,bp,-1.9583333333333333
8000,1407.779855179585,54,42,-4,397962,397937,397991,397944,397969,156.2420634920635,25,-283.0,25,29,3741.0,True,False,bp,-1.9583333333333333
8001,1677.0816756431134,97,9,35,398057,397991,398088,398036,398068,163.08441558441558,32,-1814.0,66,31,5002.0,True,False,bp,-1.9583333333333333
8002,2150.4162784594264,66,-3,16,398129,398088,398154,398109,398139,174.95,30,-1328.0,41,25,4969.0,True,True,bp,-1.9583333333333333
8003,1462.7231909214486,50,4,0,398179,398154,398204,398166,398192,122.65384615384615,26,64.0,25,25,2820.0,False,False,bp,-1.9583333333333333
8004,2396.688368643232,68,8,-8,398234,398204,398272,398222,398251,225.01225490196083,29,-2873.0,30,38,6494.0,False,False,bp,-1.9583333333333333
8005,1838.318957761273,49,-14,-1,398296,398272,398321,398288,398314,220.47916666666663,26,-1321.0,24,25,3476.0,True,True,bp,-1.9583333333333333
8006,780.857595392697,50,-26,2,398347,398321,398371,398326,398364,64.73949579831933,38,338.0,26,24,2610.0,True,True,bp,-1.9583333333333333
8007,757.2770569427263,35,-5,-7,398385,398371,398406,398376,398398,124.6153846153846,22,429.0,14,21,2404.0,True,True,bp,-1.9583333333333333
8008,1419.637118735949,50,29,-4,398429,398406,398456,398415,398435,133.36904761904762,20,316.0,23,27,2897.0,False,False,bp,-1.9583333333333333
8009,3906.9644068479906,65,30,13,398495,398456,398521,398484,398505,419.5,21,-5939.0,39,26,8075.0,False,False,bp,-1.9583333333333333
8010,3081.8318492818776,100,20,12,398577,398521,398621,398556,398589,268.05357142857144,33,-5063.0,56,44,8599.0,False,False,bp,-1.9583333333333333
8011,1433.5744472019976,81,-3,11,398667,398621,398702,398642,398686,78.78210526315789,44,-386.0,46,35,2837.0,False,False,bp,-1.9583333333333333
8012,1903.6744591817999,101,15,-13,398746,398702,398803,398727,398764,194.14181286549703,37,-5342.0,44,57,7118.0,False,False,bp,-1.9583333333333333
8013,827.1623952160222,34,7,18,398829,398803,398837,398816,398832,160.2051282051282,16,-257.0,26,8,1806.0,False,False,bp,-1.9583333333333333
8014,2313.9098005734504,50,13,2,398863,398837,398887,398855,398870,344.17857142857144,15,-3118.0,26,24,5996.0,False,False,bp,-1.9583333333333333
8015,1106.5004529700032,84,-13,-26,398916,398887,398971,398898,398953,102.19969969969969,55,-2009.0,29,55,5132.0,True,False,bp,-1.9583333333333333
8016,1483.3889264936895,77,3,7,399013,398971,399048,398995,399025,119.11111111111113,30,-1600.0,42,35,2580.0,True,True,bp,-1.9583333333333333
8017,1174.7748924596526,73,8,-11,399079,399048,399121,399058,399089,109.94285714285714,31,-1619.0,31,42,3264.0,True,True,bp,-1.9583333333333333
8018,1338.7860338293092,49,15,-9,399141,399121,399170,399128,399149,154.10096153846158,21,-1518.0,20,29,3349.0,True,True,bp,-1.9583333333333333
8019,1173.887704204465,51,23,-7,399192,399170,399221,399185,399201,184.02380952380955,16,-515.0,22,29,3867.0,True,True,bp,-1.9583333333333333
8020,2838.2343800181457,50,6,12,399252,399221,399271,399240,399263,284.33333333333337,23,-3518.0,31,19,5550.0,True,True,bp,-1.9583333333333333
8021,1300.0125708108592,83,7,-1,399312,399271,399354,399292,399334,104.70454545454544,42,-2723.0,41,42,4221.0,True,True,bp,-1.9583333333333333
8022,1233.7321518943954,78,-8,28,399407,399354,399432,399383,399417,108.2125,34,-1297.0,53,25,3364.0,True,False,bp,-1.9583333333333333
8023,1398.9070851977026,54,7,6,399462,399432,399486,399443,399468,154.32456140350877,25,-2172.0,30,24,2445.0,False,False,bp,-1.9583333333333333
8024,241.3940789791654,51,12,1,399512,399486,399537,399500,399522,64.55833333333334,22,-642.0,26,25,1523.0,False,False,bp,-1.9583333333333333
8025,456.99837074445014,50,-2,2,399563,399537,399587,399556,399574,130.58441558441558,18,-1243.0,26,24,1401.0,True,True,bp,-1.9583333333333333
8026,275.81364000217644,33,-18,-15,399596,399587,399620,399590,399616,68.81666666666666,26,-1164.0,9,24,1439.0,True,True,bp,-1.9583333333333333
8027,452.5491934200329,34,-1,18,399646,399620,399654,399624,399649,104.8181818181818,25,-1980.0,26,8,1391.0,True,True,bp,-1.9583333333333333
8028,261.3143450539536,39,16,11,399679,399654,399693,399673,399684,159.31666666666666,11,-2087.0,25,14,1751.0,True,False,bp,-1.9583333333333333
8029,784.5007121420903,76,2,-12,399725,399693,399769,399711,399751,69.92857142857143,40,-2506.0,32,44,3448.0,True,False,bp,-1.9583333333333333
8030,1114.952948882666,68,3,18,399812,399769,399837,399793,399815,237.04385964912282,22,-3559.0,43,25,2888.0,True,False,bp,-1.9583333333333333
8031,987.0991369009547,33,10,-15,399846,399837,399870,399840,399864,120.88888888888887,24,-2491.0,9,24,3142.0,True,False,bp,-1.9583333333333333
8032,292.43182718593306,67,9,23,399915,399870,399937,399898,399920,89.52941176470587,22,-3573.0,45,22,633.0,False,False,bp,-1.9583333333333333
8033,215.1281943163574,83,-22,7,399982,399937,400020,399951,400003,28.64516129032258,52,-4615.0,45,38,1481.0,False,False,bp,-1.9583333333333333
8034,414.1706887188867,51,16,1,400046,400020,400071,400033,400049,108.28205128205127,16,-4880.0,26,25,1238.0,False,False,bp,-1.9583333333333333
8035,83.99920783658017,39,-3,1,400091,400071,400110,400081,400098,48.19285714285715,17,-4237.0,20,19,1253.0,False,False,bp,-1.9583333333333333
8036,408.44959616726896,37,-3,-9,400124,400110,400147,400112,400134,74.25,22,-4187.0,14,23,2114.0,True,True,bp,-1.9583333333333333
8037,390.25940596315047,58,1,-18,400167,400147,400205,400153,400185,41.14682539682539,32,-3643.0,20,38,2542.0,True,True,bp,-1.9583333333333333
8038,534.6618243413244,39,6,9,400229,400205,400244,400218,400236,124.06493506493507,18,-3332.0,24,15,1690.0,True,False,bp,-1.9583333333333333
8039,388.60521084887887,80,0,-42,400263,400244,400324,400260,400298,198.4809523809524,38,-3432.0,19,61,2689.0,False,False,bp,-1.9583333333333333
8040,379.02989740012055,63,30,-33,400339,400324,400387,400336,400350,120.37878787878788,14,-1413.0,15,48,2753.0,False,False,bp,-1.9583333333333333
8041,495.807630664921,33,12,-13,400397,400387,400420,400394,400410,140.0897435897436,16,-138.0,10,23,839.0,True,True,bp,-1.9583333333333333
8042,268.0157416411486,50,1,0,400445,400420,400470,400438,400457,114.7738095238095,19,-564.0,25,25,2213.0,True,True,bp,-1.9583333333333333
8043,243.7746174761544,35,-1,-7,400484,400470,400505,400477,400493,112.53968253968254,16,-222.0,14,21,1667.0,True,True,bp,-1.9583333333333333
8044,197.0314749399716,31,15,-17,400512,400505,400536,400508,400523,132.7159090909091,15,-153.0,7,24,1440.0,True,False,bp,-1.9583333333333333
8045,1198.211166550367,66,-16,14,397877,397837,397903,397858,397890,125.748987854251,32,-2865.0,40,26,3538.0,False,False,bp,-1.9583333333333333
8046,775.5337434812798,35,-10,-15,397913,397903,397938,397906,397932,117.95488721804512,26,-1109.0,10,25,3020.0,True,False,bp,-1.9583333333333333
8047,782.0465766831762,72,-18,10,397979,397938,398010,397948,397991,70.16397849462365,43,-1139.0,41,31,1867.0,True,False,bp,-1.9583333333333333
8048,257.1765529331244,27,8,5,398026,398010,398037,398016,398031,151.64999999999995,15,-587.0,16,11,2377.0,True,False,bp,-1.9583333333333333
8049,2236.3681958881853,51,7,3,398064,398037,398088,398054,398079,173.18333333333337,25,-1439.0,27,24,5955.0,True,False,bp,-1.9583333333333333
8050,3639.281944790666,67,8,13,398128,398088,398155,398111,398136,352.0477941176471,25,-3220.0,40,27,7934.0,True,True,bp,-1.9583333333333333
8051,4463.928504443855,65,10,-9,398183,398155,398220,398169,398196,336.47527472527474,27,-5095.0,28,37,8524.0,True,True,bp,-1.9583333333333333
8052,3459.6467235821974,67,11,-15,398246,398220,398287,398233,398258,296.14102564102564,25,-4502.0,26,41,7273.0,False,False,bp,-1.9583333333333333
8053,1305.6085521091147,50,1,0,398312,398287,398337,398294,398319,133.14285714285714,25,44.0,25,25,2925.0,False,False,bp,-1.9583333333333333
8054,1844.889989151443,61,-6,-9,398363,398337,398398,398345,398381,140.11111111111111,36,-1136.0,26,35,5820.0,True,True,bp,-1.9583333333333333
8055,4375.847941323787,55,6,-7,398422,398398,398453,398411,398436,348.58766233766227,25,-3326.0,24,31,9140.0,True,True,bp,-1.9583333333333333
8056,3005.793719980693,66,-7,-2,398485,398453,398519,398467,398503,208.25,36,-2689.0,32,34,6428.0,True,True,bp,-1.9583333333333333
8057,2602.805978880438,54,2,2,398547,398519,398573,398532,398559,233.98333333333332,27,-2553.0,28,26,6177.0,True,True,bp,-1.9583333333333333
8058,2888.431771333843,63,5,-15,398597,398573,398636,398588,398616,240.98538011695905,28,-1709.0,24,39,6046.0,True,True,bp,-1.9583333333333333
8059,2357.6107577339603,68,-5,-8,398666,398636,398704,398649,398681,176.63333333333333,32,-2268.0,30,38,4809.0,True,True,bp,-1.9583333333333333
8060,964.5592587494702,51,23,-33,398713,398704,398755,398708,398726,225.17692307692303,18,-533.0,9,42,3228.0,True,True,bp,-1.9583333333333333
8061,1975.830611006288,48,7,2,398780,398755,398803,398767,398790,199.6,23,-1904.0,25,23,4345.0,True,True,bp,-1.9583333333333333
8062,2350.494075532971,67,-2,-13,398830,398803,398870,398820,398850,259.45,30,-4453.0,27,40,6685.0,True,True,bp,-1.9583333333333333
8063,1776.2288387714914,51,1,1,398896,398870,398921,398878,398903,177.48412698412702,25,-1873.0,26,25,3513.0,True,True,bp,-1.9583333333333333
8064,2264.540990972032,50,-5,-2,398945,398921,398971,398929,398961,164.9375,32,-2606.0,24,26,6228.0,True,True,bp,-1.9583333333333333
8065,1538.0272062041095,67,5,15,399012,398971,399038,398988,399019,145.36904761904762,31,-1815.0,41,26,2380.0,False,False,bp,-1.9583333333333333
8066,305.3554956885626,33,7,15,399062,399038,399071,399055,399065,213.14285714285717,10,-1091.0,24,9,2177.0,True,True,bp,-1.9583333333333333
8067,508.77527637476265,50,0,0,399096,399071,399121,399082,399108,76.0,26,-662.0,25,25,2137.0,True,False,bp,-1.9583333333333333
8068,363.1548459677578,53,-22,31,399163,399121,399174,399134,399167,112.7155172413793,33,-565.0,42,11,1656.0,True,False,bp,-1.9583333333333333
8069,526.5892850548488,30,6,-14,399182,399174,399204,399178,399199,168.13235294117646,21,-744.0,8,22,3061.0,True,False,bp,-1.9583333333333333
8070,974.016075437022,67,28,17,399246,399204,399271,399226,399249,186.81666666666663,23,-948.0,42,25,1938.0,True,False,bp,-1.9583333333333333
8071,797.7129864829387,82,3,2,399313,399271,399353,399300,399327,115.65109890109888,27,-1623.0,42,40,3070.0,True,False,bp,-1.9583333333333333
8072,768.2016369277203,33,14,-13,399363,399353,399386,399357,399371,196.6458333333333,14,-1001.0,10,23,2583.0,True,False,bp,-1.9583333333333333
8073,765.1187663265082,40,4,14,399413,399386,399426,399399,399419,143.35714285714286,20,-93.0,27,13,2468.0,True,True,bp,-1.9583333333333333
8074,721.5119312220863,78,4,-8,399461,399426,399504,399443,399474,91.31837606837608,31,-884.0,35,43,1403.0,False,False,bp,-1.9583333333333333
8075,209.98926458793343,84,-2,-64,399514,399504,399588,399509,399559,113.72222222222223,50,-1296.0,10,74,3949.0,False,False,bp,-1.9583333333333333
8076,582.9227973450613,80,11,0,399628,399588,399668,399607,399634,78.29761904761905,27,-295.0,40,40,1125.0,False,False,bp,-1.9583333333333333
8077,425.99246159872075,25,7,-3,399679,399668,399693,399672,399686,121.71428571428572,14,-791.0,11,14,1805.0,True,True,bp,-1.9583333333333333
8078,160.93782296794745,28,10,12,399713,399693,399721,399707,399716,141.25,9,-197.0,20,8,1412.0,True,True,bp,-1.9583333333333333
8079,963.0532161652768,52,-8,0,399747,399721,399773,399735,399764,64.39460784313725,29,-133.0,26,26,3076.0,False,False,bp,-1.9583333333333333
8080,1418.9244109636331,48,-8,30,399812,399773,399821,399785,399816,182.03703703703704,31,-1487.0,39,9,2824.0,True,False,bp,-1.9583333333333333
8081,770.627696757712,54,28,-4,399846,399821,399875,399839,399851,264.4142857142857,12,-2321.0,25,29,2685.0,True,False,bp,-1.9583333333333333
8082,774.1375858973614,45,-7,21,399908,399875,399920,399891,399915,138.70588235294122,24,-1443.0,33,12,3343.0,True,True,bp,-1.9583333333333333
8083,758.7718868810974,64,-11,20,399962,399920,399984,399932,399971,65.13333333333334,39,-701.0,42,22,1361.0,False,False,bp,-1.9583333333333333
8084,515.4507301092758,53,-12,3,400012,399984,400037,399999,400025,119.6153846153846,26,-2417.0,28,25,1902.0,False,False,bp,-1.9583333333333333
8085,525.9843851303965,48,-21,-26,400048,400037,400085,400039,400074,83.4594017094017,35,-1882.0,11,37,2193.0,True,True,bp,-1.9583333333333333
8086,347.77554851744657,53,21,-29,400097,400085,400138,400088,400116,95.51169590643276,28,-1768.0,12,41,2233.0,True,False,bp,-1.9583333333333333
8087,328.58549315128363,83,-7,33,400196,400138,400221,400165,400199,148.19354838709674,34,-2530.0,58,25,1979.0,True,False,bp,-1.9583333333333333
8088,250.2635502643305,50,-21,-30,400231,400221,400271,400226,400268,99.36756756756756,42,-1767.0,10,40,2417.0,True,False,bp,-1.9583333333333333
8089,793.2757080964267,66,-12,14,400311,400271,400337,400289,400327,82.0,38,-1462.0,40,26,3168.0,True,True,bp,-1.9583333333333333
8090,482.94384427448057,51,-6,5,400365,400337,400388,400353,400375,153.96666666666667,22,-360.0,28,23,2362.0,True,False,bp,-1.9583333333333333
8091,290.04802843682614,32,5,-16,400396,400388,400420,400391,400409,124.06153846153845,18,270.0,8,24,2012.0,True,True,bp,-1.9583333333333333
8092,572.6606405333637,50,3,0,400445,400420,400470,400432,400456,120.3111888111888,24,-78.0,25,25,2431.0,True,True,bp,-1.9583333333333333
8093,569.1829716871073,48,6,2,400495,400470,400518,400483,400501,108.33333333333334,18,218.0,25,23,1369.0,True,True,bp,-1.9583333333333333
8094,462.958782480554,36,13,-14,400529,400518,400554,400525,400541,162.70833333333334,16,30.0,11,25,1778.0,True,False,bp,-1.9583333333333333
8095,2427.342118764758,66,10,4,402256,402221,402287,402242,402266,210.3142857142857,24,1396.0,35,31,5100.0,False,False,bp,2.204081632653061
8096,955.5565697373546,67,1,-15,402313,402287,402354,402300,402335,97.4527972027972,35,4255.0,26,41,3198.0,False,False,bp,2.204081632653061
8097,2369.7328030904127,66,1,-6,402384,402354,402420,402371,402402,182.4957264957265,31,2476.0,30,36,5464.0,True,True,bp,2.204081632653061
8098,2600.0254582761763,68,1,-16,402446,402420,402488,402434,402463,224.82598039215688,29,-65.0,26,42,3323.0,False,False,bp,2.204081632653061
8099,684.2615211370826,49,-13,-9,402508,402488,402537,402493,402524,59.31666666666666,31,1985.0,20,29,2710.0,False,False,bp,2.204081632653061
8100,408.2664452237343,31,17,-13,402546,402537,402568,402542,402558,99.875,16,3509.0,9,22,1016.0,False,False,bp,2.204081632653061
8101,3283.931301601135,85,8,-7,402607,402568,402653,402591,402622,273.98125,31,-3535.0,39,46,8268.0,False,False,bp,2.204081632653061
8102,2657.381526801463,50,24,-4,402676,402653,402703,402661,402685,208.65555555555562,24,-1309.0,23,27,3794.0,True,False,bp,2.204081632653061
8103,353.3466387878096,51,10,37,402747,402703,402754,402733,402752,59.42857142857143,19,-284.0,44,7,199.0,False,False,bp,2.204081632653061
8104,2072.071935693327,80,-1,2,402795,402754,402834,402781,402813,176.96825396825398,32,-4669.0,41,39,6969.0,False,False,bp,2.204081632653061
8105,1885.0467322020174,52,-21,4,402862,402834,402886,402844,402879,106.81699346405227,35,-1994.0,28,24,2899.0,True,True,bp,2.204081632653061
8106,396.0833608301138,32,-3,18,402911,402886,402918,402893,402913,53.16666666666667,20,-1157.0,25,7,557.0,False,False,bp,2.204081632653061
8107,725.3720960859137,82,-13,-30,402944,402918,403000,402930,402979,43.29285714285713,49,-1314.0,26,56,4321.0,False,False,bp,2.204081632653061
8108,3015.2487103353133,85,11,-29,403028,403000,403085,403015,403047,260.31983805668017,32,-6020.0,28,57,6720.0,False,False,bp,2.204081632653061
8109,901.887798997752,36,5,-12,403097,403085,403121,403090,403109,134.48214285714286,19,-881.0,12,24,2999.0,False,False,bp,2.204081632653061
8110,196.02307203985995,33,10,17,403146,403121,403154,403133,403149,110.74358974358977,16,828.0,25,8,1366.0,False,False,bp,2.204081632653061
8111,916.912535857755,66,15,18,403196,403154,403220,403175,403201,77.47619047619048,26,62.0,42,24,1429.0,False,False,bp,2.204081632653061
8112,1585.7038745966825,67,-12,11,403259,403220,403287,403242,403271,165.64950980392157,29,-3388.0,39,28,4000.0,False,False,bp,2.204081632653061
8113,421.531795735264,33,-10,-13,403297,403287,403320,403288,403315,66.33333333333334,27,-177.0,10,23,2669.0,False,False,bp,2.204081632653061
8114,1537.0438904097641,50,6,-6,403342,403320,403370,403332,403354,163.075,22,-1120.0,22,28,3417.0,True,True,bp,2.204081632653061
8115,1623.6197902491585,50,7,2,403396,403370,403420,403382,403410,139.07142857142856,28,-1653.0,26,24,3747.0,True,True,bp,2.204081632653061
8116,2075.0370855129863,64,5,20,403462,403420,403484,403445,403472,199.3970588235294,27,-4106.0,42,22,4198.0,True,True,bp,2.204081632653061
8117,694.7180337084692,50,9,6,403512,403484,403534,403504,403518,152.95833333333331,14,-2301.0,28,22,1938.0,True,True,bp,2.204081632653061
8118,1066.5839165361951,38,11,-14,403546,403534,403572,403541,403564,96.8,23,-1344.0,12,26,3576.0,False,False,bp,2.204081632653061
8119,1043.5938156320153,65,5,15,403612,403572,403637,403598,403624,101.875,26,-1790.0,40,25,1915.0,False,False,bp,2.204081632653061
8120,705.257163277668,50,7,-2,403661,403637,403687,403655,403669,196.3333333333333,14,-2223.0,24,26,2912.0,False,False,bp,2.204081632653061
8121,294.3308400621932,50,10,-32,403696,403687,403737,403690,403718,73.93181818181819,28,-514.0,9,41,1598.0,False,False,bp,2.204081632653061
8122,646.916793475596,68,3,14,403778,403737,403805,403756,403784,98.58333333333334,28,-1858.0,41,27,1727.0,True,False,bp,2.204081632653061
8123,284.1262838153985,33,16,7,403825,403805,403838,403815,403832,58.12857142857143,17,-1397.0,20,13,1319.0,True,False,bp,2.204081632653061
8124,580.1666948310143,61,12,31,403884,403838,403899,403865,403888,101.01973684210527,23,-2579.0,46,15,1372.0,True,False,bp,2.204081632653061
8125,442.7512561155239,71,-3,21,403945,403899,403970,403923,403950,147.32727272727269,27,-3041.0,46,25,2754.0,True,False,bp,2.204081632653061
8126,660.2887797718835,33,13,-15,403979,403970,404003,403974,403986,225.57142857142856,12,-2225.0,9,24,3269.0,True,False,bp,2.204081632653061
8127,996.9732140450699,51,7,1,404029,404003,404054,404011,404034,142.15,23,-1578.0,26,25,2264.0,True,True,bp,2.204081632653061
8128,304.88781378162963,34,-4,8,404075,404054,404088,404064,404084,42.15151515151515,20,-1140.0,21,13,1108.0,True,True,bp,2.204081632653061
8129,76.38941512892762,32,8,16,404112,404088,404120,404100,404116,131.95833333333334,16,-2176.0,24,8,1331.0,True,False,bp,2.204081632653061
8130,317.47719295734083,94,-3,-8,404163,404120,404214,404140,404185,57.98320158102767,45,-2918.0,43,51,3257.0,False,False,bp,2.204081632653061
8131,312.9188946107841,39,19,-11,404228,404214,404253,404227,404232,145.375,5,128.0,14,25,1776.0,False,False,bp,2.204081632653061
8132,447.18323353162765,34,16,-14,404263,404253,404287,404256,404266,136.8095238095238,10,-272.0,10,24,538.0,False,False,bp,2.204081632653061
8133,16.842419691066404,17,5,1,404296,404287,404304,404292,404301,139.7,9,-976.0,9,8,997.0,False,False,bp,2.204081632653061
8134,339.25103502566225,38,5,6,404326,404304,404342,404315,404332,114.8409090909091,17,-1346.0,22,16,1735.0,True,False,bp,2.204081632653061
8135,583.9598567542004,45,15,-5,404362,404342,404387,404354,404369,137.27678571428572,15,-1115.0,20,25,2205.0,True,True,bp,2.204081632653061
8136,1070.2611505193804,67,-5,-11,404415,404387,404454,404399,404434,77.26480263157895,35,-1325.0,28,39,3640.0,True,True,bp,2.204081632653061
8137,2248.120423212831,61,-7,-13,404478,404454,404515,404464,404496,167.97619047619048,32,-2903.0,24,37,4980.0,True,True,bp,2.204081632653061
8138,1271.9526861221507,54,35,-26,404529,404515,404569,404521,404539,159.0375,18,-1257.0,14,40,1638.0,False,False,bp,2.204081632653061
8139,852.5890090782256,83,-12,3,404612,404569,404652,404592,404631,76.42368421052632,39,-2665.0,43,40,3127.0,True,True,bp,2.204081632653061
8140,920.3019622891845,52,37,-32,404662,404652,404704,404658,404674,205.95833333333331,16,-1768.0,10,42,2805.0,True,True,bp,2.204081632653061
8141,1162.4672765711896,66,7,16,404745,404704,404770,404727,404757,110.11111111111113,30,-2609.0,41,25,2349.0,True,True,bp,2.204081632653061
8142,1211.0583167132327,72,-16,14,404813,404770,404842,404794,404833,92.0355263157895,39,-3938.0,43,29,3735.0,True,True,bp,2.204081632653061
8143,958.398794161886,84,6,-20,404874,404842,404926,404856,404898,85.04166666666667,42,-2749.0,32,52,4193.0,False,False,bp,2.204081632653061
8144,615.8806698354916,60,-21,32,404972,404926,404986,404946,404980,56.12019230769231,34,-515.0,46,14,1909.0,False,False,bp,2.204081632653061
8145,239.5436138419481,85,-12,-41,405008,404986,405071,404993,405041,51.12424242424242,48,-637.0,22,63,2164.0,True,False,bp,2.204081632653061
8146,318.07551724017134,49,-18,27,405109,405071,405120,405077,405114,68.828125,37,-169.0,38,11,1487.0,False,False,bp,2.204081632653061
8147,564.7755309144059,84,-41,-22,405151,405120,405204,405133,405192,46.513550135501355,59,-2139.0,31,53,1793.0,False,False,bp,2.204081632653061
8148,721.0404834024225,49,-9,1,405229,405204,405253,405210,405243,65.45676691729324,33,-2419.0,25,24,2038.0,True,False,bp,2.204081632653061
8149,288.07623922645814,52,15,-2,405278,405253,405305,405267,405293,57.50606060606061,26,-2222.0,25,27,556.0,False,False,bp,2.204081632653061
8150,530.8858134038852,82,-35,46,405369,405305,405387,405334,405379,57.664285714285704,45,-6601.0,64,18,2164.0,False,False,bp,2.204081632653061
8151,243.89658455369,68,-2,-48,405397,405387,405455,405389,405425,74.58928571428572,36,-5862.0,10,58,2313.0,True,False,bp,2.204081632653061
8152,453.54278705906097,63,0,-49,405462,405455,405518,405459,405494,180.50520833333331,35,-5134.0,7,56,4511.0,False,False,bp,2.204081632653061
8153,665.0592922207787,51,-8,3,405545,405518,405569,405529,405554,91.28125,25,-1943.0,27,24,2846.0,False,False,bp,2.204081632653061
8154,241.6198573415073,34,-1,-2,405585,405569,405603,405571,405598,35.82417582417583,27,239.0,16,18,1323.0,False,False,bp,2.204081632653061
8155,945.466839394363,52,16,0,405629,405603,405655,405624,405636,239.8857142857143,12,-1660.0,26,26,2118.0,False,False,bp,2.204081632653061
8156,451.9313502784352,94,-15,20,405712,405655,405749,405664,405717,172.77916666666667,53,-2990.0,57,37,3451.0,False,False,bp,2.204081632653061
8157,361.7050176271894,88,-49,-64,405761,405749,405837,405755,405823,68.76344086021507,68,-658.0,12,76,2992.0,False,False,bp,2.204081632653061
8158,745.4739552519553,84,-29,22,402257,402204,402288,402234,402282,74.88608695652174,48,-1165.0,53,31,2135.0,False,False,bp,2.204081632653061
8159,369.7592288889379,71,14,-23,402312,402288,402359,402301,402329,52.147058823529406,28,-170.0,24,47,2592.0,False,False,bp,2.204081632653061
8160,451.159455741465,61,12,-23,402378,402359,402420,402371,402399,65.47619047619048,28,1317.0,19,42,2097.0,False,False,bp,2.204081632653061
8161,1627.0942434514193,67,-7,7,402457,402420,402487,402439,402468,136.20454545454544,29,-1550.0,37,30,3137.0,False,False,bp,2.204081632653061
8162,830.9687350308606,50,-13,0,402512,402487,402537,402490,402523,114.1818181818182,33,-511.0,25,25,2627.0,True,True,bp,2.204081632653061
8163,340.0912804148466,50,5,-24,402550,402537,402587,402543,402573,65.37577639751552,30,716.0,13,37,1256.0,False,False,bp,2.204081632653061
8164,1350.9741955440315,67,9,7,402624,402587,402654,402608,402636,109.09375,28,-727.0,37,30,3419.0,False,False,bp,2.204081632653061
8165,2656.0283273939162,66,8,-4,402685,402654,402720,402673,402696,244.57954545454544,23,-3872.0,31,35,5107.0,True,True,bp,2.204081632653061
8166,1551.0710332817735,51,7,-9,402741,402720,402771,402727,402751,153.4714285714286,24,-3395.0,21,30,2694.0,True,True,bp,2.204081632653061
8167,1295.2734314020254,52,-7,-4,402795,402771,402823,402782,402814,96.98987854251013,32,-3158.0,24,28,3897.0,True,True,bp,2.204081632653061
8168,774.6715430062413,65,8,-19,402846,402823,402888,402839,402869,90.3167701863354,30,-1239.0,23,42,1830.0,False,False,bp,2.204081632653061
8169,569.9798137167808,99,-33,51,402963,402888,402987,402907,402970,165.98214285714286,63,-4271.0,75,24,4072.0,False,False,bp,2.204081632653061
8170,1328.2568399924787,100,40,-50,403012,402987,403087,403000,403033,127.96428571428572,33,-3310.0,25,75,5346.0,False,False,bp,2.204081632653061
8171,487.0051911217341,67,-4,11,403126,403087,403154,403106,403139,68.85,33,176.0,39,28,2068.0,False,False,bp,2.204081632653061
8172,801.6462455499465,65,-21,21,403197,403154,403219,403168,403213,67.15625,45,-562.0,43,22,2517.0,True,True,bp,2.204081632653061
8173,1127.3515958147611,51,4,5,403247,403219,403270,403237,403257,175.55,20,-2284.0,28,23,1851.0,False,False,bp,2.204081632653061
8174,56.794611126836394,66,29,-24,403291,403270,403336,403281,403307,52.36875,26,-1123.0,21,45,1697.0,False,False,bp,2.204081632653061
8175,284.4130233771276,51,-12,33,403378,403336,403387,403362,403382,147.9375,20,-1772.0,42,9,2534.0,True,False,bp,2.204081632653061
8176,397.4323493710891,50,-27,8,403416,403387,403437,403390,403429,35.67307692307692,39,-1312.0,29,21,1546.0,False,False,bp,2.204081632653061
8177,601.3251778756252,36,4,-18,403446,403437,403473,403441,403465,56.46842105263158,24,-427.0,9,27,2981.0,False,False,bp,2.204081632653061
8178,753.6314353584007,47,4,31,403512,403473,403520,403493,403514,154.82894736842104,21,-1238.0,39,8,973.0,False,False,bp,2.204081632653061
8179,998.0308947340767,83,-9,-31,403546,403520,403603,403539,403579,138.85714285714286,40,-2893.0,26,57,3383.0,False,False,bp,2.204081632653061
8180,513.0010752380696,68,-30,-18,403628,403603,403671,403610,403657,62.8860153256705,47,-1474.0,25,43,2849.0,True,False,bp,2.204081632653061
8181,86.16312284016071,22,8,-4,403680,403671,403693,403674,403686,137.0,12,-315.0,9,13,1748.0,True,False,bp,2.204081632653061
8182,334.8202655927267,31,19,7,403712,403693,403724,403706,403718,156.5,12,-410.0,19,12,1724.0,True,True,bp,2.204081632653061
8183,335.72022779042044,47,-3,29,403762,403724,403771,403749,403767,105.09230769230768,18,-688.0,38,9,1482.0,True,True,bp,2.204081632653061
8184,143.11791987759938,49,-3,27,403809,403771,403820,403782,403814,64.44074074074075,32,-544.0,38,11,1161.0,True,True,bp,2.204081632653061
8185,184.84840060902195,53,-3,31,403862,403820,403873,403843,403866,112.25,23,-1217.0,42,11,1585.0,True,False,bp,2.204081632653061
8186,422.5977296866622,32,2,6,403892,403873,403905,403886,403900,143.27083333333331,14,-1406.0,19,13,2199.0,True,False,bp,2.204081632653061
8187,743.0569041838603,60,-5,-12,403929,403905,403965,403916,403948,76.89068825910931,32,-1921.0,24,36,1733.0,True,False,bp,2.204081632653061
8188,188.84953583134305,22,19,4,403978,403965,403987,403975,403982,202.375,7,-1146.0,13,9,1946.0,False,False,bp,2.204081632653061
8189,343.64952293052545,84,-50,60,404059,403987,404071,404008,404066,61.76330532212885,58,-1480.0,72,12,1906.0,True,False,bp,2.204081632653061
8190,140.26775115112432,33,9,-11,404082,404071,404104,404074,404093,83.57386363636364,19,-1192.0,11,22,1191.0,False,False,bp,2.204081632653061
8191,839.4160641123607,50,-7,-4,404127,404104,404154,404121,404142,176.55,21,-2434.0,23,27,3012.0,False,False,bp,2.204081632653061
8192,142.57633841601148,28,14,-6,404165,404154,404182,404156,404172,130.75396825396822,16,-916.0,11,17,1165.0,False,False,bp,2.204081632653061
8193,561.7913301746077,83,2,-17,404215,404182,404265,404202,404239,92.71474358974359,37,-1370.0,33,50,3631.0,False,False,bp,2.204081632653061
8194,503.86975572960404,39,1,23,404296,404265,404304,404278,404300,92.63888888888887,22,418.0,31,8,1100.0,False,False,bp,2.204081632653061
8195,525.9935785714508,50,-2,2,404330,404304,404354,404323,404340,175.6142857142857,17,-1695.0,26,24,1228.0,False,False,bp,2.204081632653061
8196,197.4297348193905,50,16,-30,404364,404354,404404,404355,404375,20.146464646464647,20,-714.0,10,40,1364.0,False,False,bp,2.204081632653061
8197,1465.8254346073807,50,17,-2,404428,404404,404454,404411,404434,190.4705882352941,23,-1933.0,24,26,4064.0,True,True,bp,2.204081632653061
8198,396.2607752954776,67,-27,49,404512,404454,404521,404474,404516,149.20394736842104,42,-2462.0,58,9,1959.0,False,False,bp,2.204081632653061
8199,165.95226098388125,49,-11,-1,404545,404521,404570,404531,404557,79.58928571428572,26,-1408.0,24,25,2257.0,False,False,bp,2.204081632653061
8200,221.68498393375907,50,1,-32,404579,404570,404620,404572,404599,67.0,27,-353.0,9,41,1423.0,True,False,bp,2.204081632653061
8201,433.5578641952855,33,-2,9,404641,404620,404653,404627,404647,112.14285714285714,20,-948.0,21,12,1787.0,True,False,bp,2.204081632653061
8202,366.0967751146725,68,26,-16,404679,404653,404721,404665,404682,189.80952380952382,17,-1559.0,26,42,1834.0,True,False,bp,2.204081632653061
8203,874.0195069662151,45,-12,5,404746,404721,404766,404725,404757,87.75757575757576,32,-1895.0,25,20,2763.0,True,False,bp,2.204081632653061
8204,727.7005273417303,88,14,-32,404794,404766,404854,404777,404810,95.67279411764706,33,-2421.0,28,60,3931.0,False,False,bp,2.204081632653061
8205,126.60454105503328,16,24,0,404862,404854,404870,404857,404866,179.175,9,-33.0,8,8,1473.0,False,False,bp,2.204081632653061
8206,817.2758338792108,67,0,17,404912,404870,404937,404899,404925,93.0,26,-1008.0,42,25,2655.0,True,False,bp,2.204081632653061
8207,609.8903239459332,50,-7,0,404962,404937,404987,404951,404974,63.97727272727273,23,54.0,25,25,1947.0,True,True,bp,2.204081632653061
8208,344.7688533127112,30,28,-12,404996,404987,405017,404990,405006,126.43333333333334,16,60.0,9,21,1110.0,True,False,bp,2.204081632653061
8209,244.81501350152263,87,-14,27,405074,405017,405104,405050,405090,54.875,40,-896.0,57,30,1265.0,True,False,bp,2.204081632653061
8210,392.36743329221713,48,8,2,405129,405104,405152,405116,405140,85.43356643356644,24,-1757.0,25,23,1451.0,True,False,bp,2.204081632653061
8211,175.11869242810602,52,8,0,405178,405152,405204,405172,405190,101.625,18,-1584.0,26,26,1512.0,True,True,bp,2.204081632653061
8212,577.7684536298051,66,-17,-2,405236,405204,405270,405216,405256,52.225,40,-1552.0,32,34,3047.0,False,False,bp,2.204081632653061
8213,647.6162424245063,36,-12,16,405296,405270,405306,405279,405301,106.85294117647058,22,-2139.0,26,10,1716.0,False,False,bp,2.204081632653061
8214,321.71555266442095,48,-12,8,405334,405306,405354,405311,405341,74.05279503105591,30,-3222.0,28,20,906.0,False,False,bp,2.204081632653061
8215,195.5015338277513,32,1,-8,405366,405354,405386,405359,405377,122.43506493506493,18,-4012.0,12,20,1296.0,True,True,bp,2.204081632653061
8216,614.3655797107273,51,-11,3,405413,405386,405437,405396,405428,45.496078431372545,32,-5249.0,27,24,2076.0,True,True,bp,2.204081632653061
8217,890.9777141014525,67,19,-15,405463,405437,405504,405449,405473,147.65714285714284,24,-5024.0,26,41,5482.0,False,False,bp,2.204081632653061
8218,750.3677493720952,50,-10,0,405529,405504,405554,405516,405541,55.9647435897436,25,-1394.0,25,25,3300.0,False,False,bp,2.204081632653061
8219,553.9798547215664,51,-1,-1,405579,405554,405605,405556,405599,64.97173913043478,43,-102.0,25,26,2557.0,True,False,bp,2.204081632653061
8220,503.8956950876025,77,-13,45,405666,405605,405682,405641,405675,87.85777777777778,34,-2060.0,61,16,863.0,False,False,bp,2.204081632653061
8221,612.8002958797339,45,-8,5,405707,405682,405727,405696,405717,76.94545454545455,21,-2567.0,25,20,2950.0,False,False,bp,2.204081632653061
8222,626.072561878107,44,-10,-16,405741,405727,405771,405730,405756,88.1969696969697,26,-1416.0,14,30,2790.0,False,False,bp,2.204081632653061
8223,2010.569542435005,50,-3,0,406279,406254,406304,406266,406296,160.6334841628959,30,-2238.0,25,25,4266.0,True,True,bp,-8.656716417910447
8224,1193.5550522470614,66,10,8,406341,406304,406370,406323,406350,115.69444444444444,27,-1066.0,37,29,2912.0,True,True,bp,-8.656716417910447
8225,1150.069177208337,50,-8,2,406396,406370,406420,406387,406413,137.33333333333331,26,-1283.0,26,24,3405.0,False,False,bp,-8.656716417910447
8226,585.3103673866947,67,-13,-17,406445,406420,406487,406431,406473,56.01785714285714,42,631.0,25,42,3249.0,False,False,bp,-8.656716417910447
8227,1534.953237288039,61,-2,-13,406511,406487,406548,406502,406531,163.33055555555555,29,-479.0,24,37,2803.0,True,True,bp,-8.656716417910447
8228,474.3861556656063,55,12,-25,406563,406548,406603,406558,406579,123.9625,21,716.0,15,40,2294.0,True,True,bp,-8.656716417910447
8229,1219.2188681238372,67,2,-7,406633,406603,406670,406612,406650,83.70728291316526,38,-697.0,30,37,2847.0,True,True,bp,-8.656716417910447
8230,388.04813583879053,99,-21,-47,406696,406670,406769,406690,406742,101.85507246376812,52,-2.0,26,73,2382.0,True,False,bp,-8.656716417910447
8231,1226.9945531188444,41,2,-21,406779,406769,406810,406773,406797,161.36111111111111,24,-139.0,10,31,3364.0,False,False,bp,-8.656716417910447
8232,481.56612397456655,28,31,10,406829,406810,406838,406823,406832,219.0833333333333,9,1583.0,19,9,1999.0,False,False,bp,-8.656716417910447
8233,968.5334074044774,99,-12,17,406896,406838,406937,406872,406922,105.37019230769229,50,-1124.0,58,41,5098.0,False,False,bp,-8.656716417910447
8234,2006.0081984453,51,6,21,406973,406937,406988,406960,406980,184.33516483516485,20,-389.0,36,15,3681.0,True,False,bp,-8.656716417910447
8235,782.1328843861993,49,-15,23,407024,406988,407037,407006,407031,93.7698412698413,25,673.0,36,13,1770.0,True,False,bp,-8.656716417910447
8236,725.9401915593689,33,-7,-7,407050,407037,407070,407041,407064,84.46428571428572,23,792.0,13,20,2397.0,True,False,bp,-8.656716417910447
8237,905.6301964242157,35,14,17,407096,407070,407105,407080,407099,153.27083333333331,19,-318.0,26,9,1343.0,False,False,bp,-8.656716417910447
8238,512.97084429279,83,7,1,407147,407105,407188,407132,407174,79.02592592592592,42,-1558.0,42,41,3295.0,True,True,bp,-8.656716417910447
8239,518.6485115501257,83,13,-1,407229,407188,407271,407223,407249,99.73333333333332,26,-165.0,41,42,1380.0,False,False,bp,-8.656716417910447
8240,697.6539378038002,66,-7,-6,407301,407271,407337,407288,407318,88.39140271493211,30,-2219.0,30,36,1527.0,False,False,bp,-8.656716417910447
8241,460.22881780315015,67,-19,-11,407365,407337,407404,407341,407385,50.20833333333333,44,-2603.0,28,39,2237.0,True,False,bp,-8.656716417910447
8242,257.3915468374076,27,15,-7,407414,407404,407431,407410,407418,217.0,8,-1904.0,10,17,1734.0,True,False,bp,-8.656716417910447
8243,145.257167453212,24,5,2,407444,407431,407455,407441,407450,164.08333333333334,9,-1088.0,13,11,2191.0,False,False,bp,-8.656716417910447
8244,415.1781415557802,62,-17,16,407494,407455,407517,407464,407504,38.11666666666667,40,-1097.0,39,23,1107.0,False,False,bp,-8.656716417910447
8245,668.8965887431801,54,-18,6,407547,407517,407571,407527,407567,53.775,40,-2208.0,30,24,2091.0,False,False,bp,-8.656716417910447
8246,700.5951151034967,66,-17,-18,407595,407571,407637,407589,407624,151.6206896551724,35,-2865.0,24,42,2766.0,True,False,bp,-8.656716417910447
8247,463.77659088775255,34,9,-12,407648,407637,407671,407642,407660,144.875,18,-2500.0,11,23,1826.0,True,False,bp,-8.656716417910447
8248,697.7335589258049,49,-15,27,407709,407671,407720,407687,407716,128.6590909090909,29,-2747.0,38,11,2900.0,True,False,bp,-8.656716417910447
8249,607.4139750200188,36,-5,14,407745,407720,407756,407730,407751,116.51666666666664,21,-2567.0,25,11,1702.0,True,True,bp,-8.656716417910447
8250,493.59542202220695,44,-1,2,407779,407756,407800,407767,407785,141.16666666666666,18,-2598.0,23,21,2404.0,False,False,bp,-8.656716417910447
8251,491.9359190789994,37,-4,-25,407806,407800,407837,407802,407823,114.00735294117645,21,-914.0,6,31,2972.0,False,False,bp,-8.656716417910447
8252,236.2623264448124,33,-9,9,407858,407837,407870,407840,407866,40.79166666666667,26,837.0,21,12,688.0,False,False,bp,-8.656716417910447
8253,874.5217247965321,51,-19,7,407899,407870,407921,407883,407917,87.25347222222223,34,-2107.0,29,22,1820.0,False,False,bp,-8.656716417910447
8254,860.0337531996195,48,17,0,407945,407921,407969,407932,407953,154.47115384615384,21,-3748.0,24,24,1998.0,True,True,bp,-8.656716417910447
8255,650.6062666376308,68,-25,-2,408002,407969,408037,407991,408031,82.35736677115987,40,-4485.0,33,35,2340.0,True,False,bp,-8.656716417910447
8256,351.1417742832265,36,-14,14,408062,408037,408073,408046,408067,85.76875,21,-4428.0,25,11,1709.0,False,False,bp,-8.656716417910447
8257,48.68482569416864,32,-22,-6,408086,408073,408105,408074,408102,9.177083333333334,28,-3089.0,13,19,1171.0,False,False,bp,-8.656716417910447
8258,198.0970967235601,28,1,-14,408112,408105,408133,408108,408124,149.91666666666666,16,-3371.0,7,21,2040.0,False,False,bp,-8.656716417910447
8259,213.1577908938696,42,-18,-4,408152,408133,408175,408141,408168,42.25568181818181,27,-2097.0,19,23,1750.0,False,False,bp,-8.656716417910447
8260,316.1031885462387,29,6,11,408195,408175,408204,408177,408197,150.86111111111111,20,-2270.0,20,9,1093.0,True,False,bp,-8.656716417910447
8261,1007.4673561411354,49,16,5,408231,408204,408253,408223,408237,224.89583333333331,14,-3306.0,27,22,3492.0,True,False,bp,-8.656716417910447
8262,715.7304589452278,66,-4,8,408290,408253,408319,408267,408307,80.79923273657289,40,-2685.0,37,29,1866.0,True,True,bp,-8.656716417910447
8263,207.1661993756308,85,-34,-1,408361,408319,408404,408343,408393,36.060763888888886,50,-3888.0,42,43,1477.0,False,False,bp,-8.656716417910447
8264,247.32509738690857,82,2,-58,408416,408404,408486,408409,408450,67.18487394957984,41,-3237.0,12,70,4062.0,False,False,bp,-8.656716417910447
8265,274.36612706350303,51,6,-31,408496,408486,408537,408493,408517,137.11904761904762,24,29.0,10,41,1680.0,False,False,bp,-8.656716417910447
8266,445.23295567073023,66,-15,-18,408561,408537,408603,408547,408585,66.62202380952381,38,-845.0,24,42,2577.0,True,False,bp,-8.656716417910447
8267,2473.905114478634,67,12,-15,406279,406253,406320,406271,406296,276.6102941176471,25,-4019.0,26,41,6310.0,False,False,bp,-8.656716417910447
8268,761.847858939548,50,-1,0,406345,406320,406370,406333,406357,72.5,24,224.0,25,25,1894.0,False,False,bp,-8.656716417910447
8269,1157.0788487246107,49,-16,11,406400,406370,406419,406380,406412,89.15833333333332,32,-1003.0,30,19,2871.0,True,True,bp,-8.656716417910447
8270,964.9219882564344,67,-4,-23,406441,406419,406486,406428,406466,55.7523076923077,38,380.0,22,45,2716.0,True,False,bp,-8.656716417910447
8271,670.1026824183916,62,-25,26,406530,406486,406548,406500,406540,83.96666666666667,40,-744.0,44,18,1767.0,False,False,bp,-8.656716417910447
8272,554.693668694836,39,33,-13,406561,406548,406587,406555,406573,138.33333333333334,18,-777.0,13,26,2328.0,True,False,bp,-8.656716417910447
8273,1020.5813908151613,83,18,1,406629,406587,406670,406624,406647,186.0,23,-1314.0,42,41,2862.0,True,False,bp,-8.656716417910447
8274,353.59056057179436,85,-26,23,406724,406670,406755,406688,406740,72.52430555555556,52,-1061.0,54,31,2221.0,True,True,bp,-8.656716417910447
8275,1071.341011994678,54,-10,4,406784,406755,406809,406766,406799,74.35,33,-848.0,29,25,3160.0,True,True,bp,-8.656716417910447
8276,1200.7049415042325,51,-2,11,406840,406809,406860,406822,406848,84.34722222222223,26,-503.0,31,20,1682.0,True,False,bp,-8.656716417910447
8277,481.95379922949036,93,-10,-55,406879,406860,406953,406872,406921,114.25,49,-1001.0,19,74,3433.0,True,False,bp,-8.656716417910447
8278,1975.4625086201172,51,17,-13,406972,406953,407004,406960,406981,203.09722222222226,21,-1369.0,19,32,4623.0,True,False,bp,-8.656716417910447
8279,412.328264407349,34,5,14,407028,407004,407038,407019,407032,191.0833333333333,13,-101.0,24,10,1812.0,False,False,bp,-8.656716417910447
8280,941.2450369186267,83,23,-1,407079,407038,407121,407050,407087,147.28017241379308,37,-2218.0,41,42,3650.0,False,False,bp,-8.656716417910447
8281,1626.8024951015402,66,-17,14,407161,407121,407187,407147,407178,145.74789915966386,31,-3211.0,40,26,4359.0,False,False,bp,-8.656716417910447
8282,560.116478799337,37,-2,13,407212,407187,407224,407192,407217,95.95,25,-961.0,25,12,1575.0,False,False,bp,-8.656716417910447
8283,1081.9788758938903,47,7,-3,407246,407224,407271,407240,407263,137.7107843137255,23,-1910.0,22,25,2411.0,True,False,bp,-8.656716417910447
8284,935.6715510498483,64,17,16,407311,407271,407335,407293,407316,111.77777777777777,23,-2229.0,40,24,1705.0,True,True,bp,-8.656716417910447
8285,514.1022260169481,52,-1,4,407363,407335,407387,407356,407374,147.89610389610388,18,-3022.0,28,24,2760.0,False,False,bp,-8.656716417910447
8286,465.8974184859324,68,0,-40,407401,407387,407455,407391,407432,59.92258064516128,41,-1578.0,14,54,3703.0,False,False,bp,-8.656716417910447
8287,1090.2325486053678,49,13,-1,407479,407455,407504,407473,407489,204.96666666666664,16,-1636.0,24,25,2561.0,False,False,bp,-8.656716417910447
8288,485.5751637572801,51,14,-1,407529,407504,407555,407518,407533,153.38636363636363,15,-156.0,25,26,2236.0,False,False,bp,-8.656716417910447
8289,164.58968639413138,32,-17,4,407573,407555,407587,407562,407585,30.97348484848485,23,904.0,18,14,619.0,False,False,bp,-8.656716417910447
8290,172.5590568859179,16,9,2,407596,407587,407603,407591,407601,157.0,10,-1169.0,9,7,369.0,False,False,bp,-8.656716417910447
8291,778.7959231327078,51,-11,1,407629,407603,407654,407620,407644,119.18888888888887,24,-2832.0,26,25,3093.0,False,False,bp,-8.656716417910447
8292,580.373025091139,33,-5,-17,407662,407654,407687,407657,407679,115.71764705882352,22,-993.0,8,25,3336.0,False,False,bp,-8.656716417910447
8293,1505.3612512480613,50,3,2,407713,407687,407737,407696,407718,180.37647058823532,22,-2290.0,26,24,2337.0,True,True,bp,-8.656716417910447
8294,556.5064088687983,66,-44,-40,407750,407737,407803,407743,407796,105.80434782608695,53,-2215.0,13,53,4305.0,True,False,bp,-8.656716417910447
8295,282.5286809835629,34,19,-14,407813,407803,407837,407805,407818,220.025,13,-163.0,10,24,2599.0,True,False,bp,-8.656716417910447
8296,873.5037995472934,35,14,7,407858,407837,407872,407850,407868,81.3,18,297.0,21,14,1369.0,False,False,bp,-8.656716417910447
8297,454.0532937101869,67,21,19,407915,407872,407939,407900,407926,98.06666666666666,26,-1137.0,43,24,1237.0,False,False,bp,-8.656716417910447
8298,290.7639981014932,98,-5,20,407998,407939,408037,407973,408016,40.6,43,-1646.0,59,39,1755.0,True,True,bp,-8.656716417910447
8299,389.90795924996223,83,-23,33,408095,408037,408120,408054,408105,40.40853658536585,51,-2112.0,58,25,1446.0,True,False,bp,-8.656716417910447
8300,312.26175891906456,50,3,0,408145,408120,408170,408133,408155,63.65833333333333,22,-2572.0,25,25,2038.0,True,True,bp,-8.656716417910447
8301,323.21709953873625,38,-2,22,408200,408170,408208,408180,408202,103.325,22,-1622.0,30,8,992.0,True,False,bp,-8.656716417910447
8302,441.3487273471219,45,4,-11,408225,408208,408253,408222,408242,242.44117647058826,20,-2133.0,17,28,1981.0,True,False,bp,-8.656716417910447
8303,582.9610738647071,52,-10,2,408280,408253,408305,408266,408293,138.27472527472526,27,-3328.0,27,25,2113.0,True,True,bp,-8.656716417910447
8304,197.41249505724133,32,3,-10,408316,408305,408337,408310,408325,147.47222222222226,15,-2393.0,11,21,1761.0,True,True,bp,-8.656716417910447
8305,644.5467116144332,34,13,-12,408348,408337,408371,408343,408363,138.5,20,-2472.0,11,23,1685.0,True,False,bp,-8.656716417910447
8306,441.6703025705194,95,-6,-3,408417,408371,408466,408396,408441,29.705357142857146,45,-3199.0,46,49,3309.0,True,False,bp,-8.656716417910447
8307,742.5326815740599,55,-2,1,408494,408466,408521,408480,408507,87.65384615384615,27,-2341.0,28,27,3628.0,True,False,bp,-8.656716417910447
8308,530.6838576928208,33,1,15,408545,408521,408554,408532,408549,184.2692307692308,17,-1014.0,24,9,2805.0,True,False,bp,-8.656716417910447
8309,81.32392145598912,17,28,5,410181,410170,410187,410172,410183,81.80555555555556,11,4523.0,11,6,644.0,False,False,bp,0.4117647058823529
8310,1565.8647705061678,85,11,21,410240,410187,410272,410222,410258,124.13888888888887,36,604.0,53,32,4404.0,False,False,bp,0.4117647058823529
8311,1700.7219255641685,82,11,-2,410312,410272,410354,410305,410332,205.5857142857143,27,1044.0,40,42,4600.0,True,True,bp,0.4117647058823529
8312,1658.7237254539048,66,2,-14,410380,410354,410420,410370,410402,158.67727272727276,32,1593.0,26,40,4117.0,True,True,bp,0.4117647058823529
8313,3333.070667646836,50,20,0,410445,410420,410470,410436,410455,360.26666666666665,19,-922.0,25,25,7121.0,True,True,bp,0.4117647058823529
8314,2867.060551211593,67,17,9,410508,410470,410537,410494,410518,231.44285714285712,24,-275.0,38,29,4377.0,False,False,bp,0.4117647058823529
8315,2877.5686953045893,67,6,17,410579,410537,410604,410559,410588,287.55833333333334,29,-4986.0,42,25,7188.0,False,False,bp,0.4117647058823529
8316,747.4797330571141,83,0,-1,410645,410604,410687,410623,410668,47.29545454545455,45,816.0,41,42,3068.0,False,False,bp,0.4117647058823529
8317,560.8234821062257,67,-12,39,410740,410687,410754,410713,410748,70.77777777777777,35,785.0,53,14,1768.0,True,False,bp,0.4117647058823529
8318,816.5213387461896,49,22,-1,410778,410754,410803,410771,410785,133.21428571428572,14,1594.0,24,25,2613.0,False,False,bp,0.4117647058823529
8319,1689.1826936668406,84,-10,2,410846,410803,410887,410821,410862,155.5575,41,-1845.0,43,41,6739.0,False,False,bp,0.4117647058823529
8320,1531.2256174681095,49,8,-13,410905,410887,410936,410893,410914,140.91666666666669,21,2725.0,18,31,3326.0,False,False,bp,0.4117647058823529
8321,1106.2098205051236,35,8,17,410962,410936,410971,410943,410966,125.07236842105264,23,2148.0,26,9,1187.0,False,False,bp,0.4117647058823529
8322,1438.5538806095572,82,0,26,411025,410971,411053,410997,411034,192.12103174603172,37,-1925.0,54,28,5383.0,False,False,bp,0.4117647058823529
8323,732.6517174271968,34,8,18,411079,411053,411087,411071,411084,169.0875,13,307.0,26,8,1338.0,False,False,bp,0.4117647058823529
8324,551.7143991801398,49,-13,5,411114,411087,411136,411105,411129,137.23333333333332,24,-2301.0,27,22,1320.0,False,False,bp,0.4117647058823529
8325,1452.9721025497772,52,4,-34,411145,411136,411188,411140,411170,164.22,30,-2964.0,9,43,6484.0,False,False,bp,0.4117647058823529
8326,1653.3275911341186,60,3,12,411224,411188,411248,411204,411231,146.05357142857144,27,345.0,36,24,3264.0,False,False,bp,0.4117647058823529
8327,2046.300673490696,55,17,1,411276,411248,411303,411261,411285,189.77777777777774,24,-1770.0,28,27,3711.0,True,True,bp,0.4117647058823529
8328,1485.9317419844836,72,20,12,411345,411303,411375,411326,411350,230.65263157894736,24,-1541.0,42,30,3738.0,True,True,bp,0.4117647058823529
8329,1427.839541302153,65,-10,3,411409,411375,411440,411394,411430,96.14285714285714,36,-1826.0,34,31,2806.0,True,True,bp,0.4117647058823529
8330,1323.9513791939034,63,10,7,411475,411440,411503,411456,411484,144.0701754385965,28,-1733.0,35,28,4163.0,False,False,bp,0.4117647058823529
8331,715.1087278416818,67,-20,17,411545,411503,411570,411522,411559,45.638198757763966,37,421.0,42,25,1743.0,False,False,bp,0.4117647058823529
8332,225.9272492288187,33,-9,19,411596,411570,411603,411576,411600,82.825,24,-82.0,26,7,833.0,False,False,bp,0.4117647058823529
8333,235.29275942956608,49,2,3,411629,411603,411652,411615,411639,58.68571428571428,24,-1078.0,26,23,966.0,False,False,bp,0.4117647058823529
8334,402.77408684417327,51,-14,13,411684,411652,411703,411665,411697,56.21457489878543,32,-2095.0,32,19,1511.0,False,False,bp,0.4117647058823529
8335,418.68559670244326,49,4,1,411728,411703,411752,411715,411733,81.24615384615385,18,-2066.0,25,24,1365.0,True,False,bp,0.4117647058823529
8336,236.26708522684714,19,9,1,411762,411752,411771,411755,411768,77.30952380952381,13,-2040.0,10,9,710.0,False,False,bp,0.4117647058823529
8337,442.8844498002311,33,14,17,411796,411771,411804,411790,411800,211.7083333333333,10,-3746.0,25,8,1955.0,False,False,bp,0.4117647058823529
8338,459.62303287409327,97,25,-49,411828,411804,411901,411824,411857,168.5560344827586,33,-4112.0,24,73,3083.0,False,False,bp,0.4117647058823529
8339,349.4634042457717,36,14,20,411929,411901,411937,411915,411932,115.64285714285714,17,-2515.0,28,8,1287.0,False,False,bp,0.4117647058823529
8340,336.2587723683688,83,-13,35,411996,411937,412020,411963,412003,123.64935064935064,40,-5407.0,59,24,1927.0,False,False,bp,0.4117647058823529
8341,483.41829022078576,44,3,-2,412041,412020,412064,412030,412054,55.72377622377623,24,-5196.0,21,23,1473.0,True,True,bp,0.4117647058823529
8342,414.53246364731,39,-6,19,412093,412064,412103,412081,412097,113.875,16,-6210.0,29,10,1732.0,True,False,bp,0.4117647058823529
8343,312.09731934955045,55,-17,-41,412110,412103,412158,412107,412142,154.359375,35,-5796.0,7,48,3584.0,False,False,bp,0.4117647058823529
8344,113.67423013984659,28,13,-18,412163,412158,412186,412160,412172,354.0555555555556,12,-4516.0,5,23,1997.0,True,True,bp,0.4117647058823529
8345,531.6218199083437,40,-1,14,412213,412186,412226,412197,412216,157.59375,19,-5143.0,27,13,1951.0,True,False,bp,0.4117647058823529
8346,229.964290998426,44,1,-18,412239,412226,412270,412234,412255,102.2875,21,-4429.0,13,31,2064.0,True,False,bp,0.4117647058823529
8347,439.4869077716089,82,0,-32,412295,412270,412352,412277,412315,84.03888888888889,38,-5045.0,25,57,3932.0,False,False,bp,0.4117647058823529
8348,149.44410275269462,18,2,-16,412353,412352,412370,412353,412367,,14,-1091.0,1,17,960.0,False,False,bp,0.4117647058823529
8349,676.8512872363561,50,15,-8,412391,412370,412420,412383,412405,77.17857142857143,22,-1488.0,21,29,2159.0,True,False,bp,0.4117647058823529
8350,379.1505327447448,51,-4,35,412463,412420,412471,412442,412468,95.71428571428572,26,-3176.0,43,8,956.0,False,False,bp,0.4117647058823529
8351,448.0009077805384,49,-16,-1,412495,412471,412520,412490,412516,170.8714285714286,26,-5071.0,24,25,2262.0,False,False,bp,0.4117647058823529
8352,214.22532013806688,33,1,-15,412529,412520,412553,412526,412547,173.83333333333337,21,-4284.0,9,24,2308.0,True,True,bp,0.4117647058823529
8353,1212.0864750610456,83,-8,1,410195,410153,410236,410165,410208,93.64487179487179,43,597.0,42,41,3668.0,True,True,bp,0.4117647058823529
8354,1578.683610664578,63,13,-11,410262,410236,410299,410243,410268,176.55263157894737,25,241.0,26,37,3205.0,True,True,bp,0.4117647058823529
8355,1237.2582425723565,54,14,-26,410313,410299,410353,410306,410330,152.47478991596643,24,594.0,14,40,3642.0,True,True,bp,0.4117647058823529
8356,1809.9485214190224,64,2,10,410390,410353,410417,410368,410399,160.61111111111111,31,-704.0,37,27,3947.0,True,True,bp,0.4117647058823529
8357,1171.9908896490258,53,-2,3,410445,410417,410470,410432,410461,89.49038461538461,29,571.0,28,25,3701.0,True,True,bp,0.4117647058823529
8358,1433.4037741380703,67,-2,-9,410499,410470,410537,410488,410522,122.60276679841895,34,553.0,29,38,2567.0,False,False,bp,0.4117647058823529
8359,2163.0062119048002,66,-13,18,410579,410537,410603,410554,410589,227.45,35,-3505.0,42,24,6523.0,False,False,bp,0.4117647058823529
8360,1913.4757444607349,68,15,8,410641,410603,410671,410611,410649,156.42916666666667,38,-536.0,38,30,4465.0,True,True,bp,0.4117647058823529
8361,1729.5741945816424,83,-10,31,410728,410671,410754,410702,410740,156.7275641025641,38,-1064.0,57,26,5427.0,True,False,bp,0.4117647058823529
8362,2137.6059709124893,50,12,2,410780,410754,410804,410768,410786,265.2083333333333,18,-1310.0,26,24,3546.0,True,True,bp,0.4117647058823529
8363,1520.4452178040347,67,9,-17,410829,410804,410871,410816,410852,159.49665551839462,36,-2501.0,25,42,6344.0,False,False,bp,0.4117647058823529
8364,931.77306179794,79,-5,9,410915,410871,410950,410897,410929,72.55158730158729,32,1088.0,44,35,1946.0,False,False,bp,0.4117647058823529
8365,383.1839883897495,21,28,3,410962,410950,410971,410956,410963,117.91666666666669,7,1431.0,12,9,245.0,False,False,bp,0.4117647058823529
8366,854.8104355660713,82,-5,0,411012,410971,411053,410998,411034,90.3961038961039,36,-785.0,41,41,3822.0,False,False,bp,0.4117647058823529
8367,725.0010837140758,34,18,10,411075,411053,411087,411065,411081,90.5,16,489.0,22,12,769.0,False,False,bp,0.4117647058823529
8368,1624.899474056273,80,4,4,411129,411087,411167,411115,411147,149.52380952380952,32,-2984.0,42,38,5117.0,False,False,bp,0.4117647058823529
8369,1235.9217584332475,69,22,-11,411196,411167,411236,411183,411211,117.42564102564104,28,-1156.0,29,40,4346.0,True,True,bp,0.4117647058823529
8370,518.2639987127559,101,-26,19,411296,411236,411337,411261,411315,48.926315789473676,54,-1689.0,60,41,1069.0,False,False,bp,0.4117647058823529
8371,490.7558737513321,51,-10,-23,411351,411337,411388,411343,411379,37.535714285714285,36,-873.0,14,37,3393.0,False,False,bp,0.4117647058823529
8372,562.7417492149559,49,-7,31,411428,411388,411437,411405,411431,103.10144927536231,26,-206.0,40,9,865.0,False,False,bp,0.4117647058823529
8373,400.02525272999634,100,48,-50,411462,411437,411537,411450,411473,114.67803030303033,23,-1534.0,25,75,3047.0,False,False,bp,0.4117647058823529
8374,727.2004228504027,49,15,-13,411555,411537,411586,411544,411568,61.74475524475524,24,318.0,18,31,2145.0,False,False,bp,0.4117647058823529
8375,1008.0454738497036,54,-9,4,411615,411586,411640,411607,411633,127.09722222222223,26,-669.0,29,25,1919.0,True,True,bp,0.4117647058823529
8376,770.2455346782544,47,13,-3,411662,411640,411687,411650,411664,183.625,14,-1816.0,22,25,1734.0,True,True,bp,0.4117647058823529
8377,175.786628628445,33,-13,-17,411695,411687,411720,411691,411713,83.45833333333333,22,-969.0,8,25,1345.0,True,True,bp,0.4117647058823529
8378,202.3388734890483,33,21,-15,411729,411720,411753,411722,411732,186.14285714285717,10,-1587.0,9,24,1454.0,True,True,bp,0.4117647058823529
8379,409.15859156550135,52,-9,0,411779,411753,411805,411763,411797,16.524305555555557,34,-1157.0,26,26,2054.0,False,False,bp,0.4117647058823529
8380,947.9663052895738,65,5,15,411845,411805,411870,411822,411863,71.01811594202898,41,-3013.0,40,25,2142.0,True,True,bp,0.4117647058823529
8381,495.52709510896057,67,6,19,411913,411870,411937,411909,411923,180.05,14,-3150.0,43,24,1358.0,True,False,bp,0.4117647058823529
8382,333.41270924894667,33,-13,7,411957,411937,411970,411943,411966,73.62698412698413,23,-3010.0,20,13,1793.0,True,False,bp,0.4117647058823529
8383,526.5925929716567,34,13,-10,411982,411970,412004,411976,411990,172.29166666666669,14,-3978.0,12,22,1168.0,False,False,bp,0.4117647058823529
8384,397.90602460723295,45,5,11,412032,412004,412049,412017,412035,212.26666666666665,18,-5024.0,28,17,2092.0,True,False,bp,0.4117647058823529
8385,72.25452080367597,37,20,-13,412061,412049,412086,412058,412064,322.8333333333333,6,-4799.0,12,25,1940.0,True,False,bp,0.4117647058823529
8386,541.7931144434796,66,13,-46,412096,412086,412152,412090,412116,134.20833333333334,26,-5299.0,10,56,3045.0,True,False,bp,0.4117647058823529
8387,522.5946153968705,85,-27,-63,412163,412152,412237,412155,412216,106.94693396226415,61,-4993.0,11,74,4544.0,True,True,bp,0.4117647058823529
8388,818.3951728426748,67,-7,-9,412266,412237,412304,412250,412283,76.87316176470588,33,-4139.0,29,38,1508.0,False,False,bp,0.4117647058823529
8389,592.3237411673969,52,9,-34,412313,412304,412356,412309,412330,221.61764705882354,21,-4433.0,9,43,4792.0,False,False,bp,0.4117647058823529
8390,508.3400871132679,63,11,-43,412366,412356,412419,412360,412391,115.95333333333332,31,-1699.0,10,53,3066.0,False,False,bp,0.4117647058823529
8391,423.53613330163256,67,-29,53,412479,412419,412486,412433,412482,152.50362318840578,49,-4248.0,60,7,1699.0,False,False,bp,0.4117647058823529
8392,349.55630363005514,69,-3,3,412522,412486,412555,412502,412532,84.725,30,-5532.0,36,33,1852.0,True,False,bp,0.4117647058823529
8393,703.5359674498662,64,-3,16,414027,413987,414051,414006,414036,74.52380952380952,30,76.0,40,24,2161.0,True,True,bp,-1.4
8394,665.1210225790751,58,8,-4,414078,414051,414109,414063,414088,54.81666666666666,25,-477.0,27,31,1752.0,True,True,bp,-1.4
8395,1156.2382414699105,44,-15,-4,414129,414109,414153,414121,414146,141.25,25,-1433.0,20,24,3303.0,True,True,bp,-1.4
8396,271.20648192552244,33,-13,-9,414165,414153,414186,414156,414181,67.5763888888889,25,134.0,12,21,1262.0,False,False,bp,-1.4
8397,612.9645530935796,83,-20,3,414229,414186,414269,414193,414247,79.6388888888889,54,-1837.0,43,40,4465.0,False,False,bp,-1.4
8398,785.9953235089755,51,0,3,414296,414269,414320,414281,414302,91.9,21,251.0,27,24,2069.0,False,False,bp,-1.4
8399,137.89575366256992,34,15,-14,414330,414320,414354,414323,414340,65.6,17,1631.0,10,24,1574.0,False,False,bp,-1.4
8400,809.5509888697984,66,36,-16,414379,414354,414420,414372,414384,211.07142857142856,12,784.0,25,41,2348.0,True,True,bp,-1.4
8401,706.3995163664612,66,6,-16,414445,414420,414486,414432,414463,66.94658119658119,31,1488.0,25,41,2354.0,True,False,bp,-1.4
8402,706.8955525186187,36,1,14,414511,414486,414522,414500,414513,202.1136363636364,13,706.0,25,11,1776.0,True,False,bp,-1.4
8403,498.828244908553,31,9,7,414541,414522,414553,414527,414548,83.21428571428572,21,513.0,19,12,1414.0,False,False,bp,-1.4
8404,2242.4612622029786,66,-3,18,414595,414553,414619,414578,414602,280.61764705882354,24,-4057.0,42,24,5356.0,False,False,bp,-1.4
8405,1116.3284814668514,68,9,-48,414629,414619,414687,414623,414653,172.39583333333337,30,-1709.0,10,58,3011.0,True,False,bp,-1.4
8406,1125.4442853387689,50,1,-12,414706,414687,414737,414692,414717,116.39610389610391,25,-598.0,19,31,3850.0,False,False,bp,-1.4
8407,1935.4758714303375,49,4,-7,414758,414737,414786,414743,414771,162.87692307692308,28,-820.0,21,28,3783.0,True,True,bp,-1.4
8408,2348.0294645035565,55,-5,-3,414812,414786,414841,414803,414832,237.22222222222226,29,-3042.0,26,29,5226.0,True,True,bp,-1.4
8409,1429.9672425652118,46,8,-4,414862,414841,414887,414856,414876,212.28571428571428,20,-464.0,21,25,4885.0,True,True,bp,-1.4
8410,1748.1472080430694,65,20,-15,414912,414887,414952,414904,414921,256.8055555555556,17,184.0,25,40,4171.0,True,True,bp,-1.4
8411,839.7781562662819,51,-5,-27,414964,414952,415003,414958,414992,137.69642857142858,34,1540.0,12,39,1977.0,True,True,bp,-1.4
8412,809.8081345344907,67,15,-15,415029,415003,415070,415021,415040,164.21022727272728,19,-142.0,26,41,1635.0,False,False,bp,-1.4
8413,696.1217495817888,49,-1,-31,415079,415070,415119,415074,415099,174.925,25,-711.0,9,40,2967.0,False,False,bp,-1.4
8414,520.9066982770469,34,-17,12,415142,415119,415153,415123,415148,81.10526315789474,25,797.0,23,11,1573.0,False,False,bp,-1.4
8415,151.48581220955722,34,-12,4,415172,415153,415187,415156,415184,22.35416666666667,28,1407.0,19,15,496.0,False,False,bp,-1.4
8416,675.3701961984953,38,14,10,415211,415187,415225,415200,415216,162.75454545454545,16,-832.0,24,14,2286.0,False,False,bp,-1.4
8417,1033.721488239223,62,-20,12,415262,415225,415287,415246,415278,101.65625,32,-977.0,37,25,4205.0,False,False,bp,-1.4
8418,540.2796055463874,32,3,-4,415301,415287,415319,415290,415314,81.97552447552448,24,1353.0,14,18,1637.0,False,False,bp,-1.4
8419,1728.9735745336773,66,13,-10,415347,415319,415385,415341,415360,267.525641025641,19,-1281.0,28,38,4481.0,False,False,bp,-1.4
8420,1223.0446060731842,35,-13,11,415408,415385,415420,415392,415414,160.85416666666669,22,419.0,23,12,2890.0,True,False,bp,-1.4
8421,341.56197446404155,33,-5,5,415439,415420,415453,415423,415449,38.94375,26,1854.0,19,14,662.0,False,False,bp,-1.4
8422,1487.6539396290989,50,19,-2,415477,415453,415503,415470,415487,246.97142857142862,17,-1632.0,24,26,2858.0,False,False,bp,-1.4
8423,527.8273284934711,51,-2,33,415545,415503,415554,415523,415548,171.54545454545456,25,-1438.0,42,9,1721.0,True,False,bp,-1.4
8424,637.4732669075331,65,18,-15,415579,415554,415619,415571,415593,122.375,22,-2182.0,25,40,2144.0,True,False,bp,-1.4
8425,351.93444442423873,51,-11,23,415656,415619,415670,415633,415662,76.66666666666667,29,-1277.0,37,14,1986.0,True,False,bp,-1.4
8426,135.1143960885912,34,7,14,415694,415670,415704,415680,415700,26.035714285714285,20,-305.0,24,10,712.0,False,False,bp,-1.4
8427,675.6311439139764,65,1,17,415745,415704,415769,415727,415749,134.73611111111111,22,-2661.0,41,24,1817.0,False,False,bp,-1.4
8428,376.79720251505887,34,4,-16,415778,415769,415803,415772,415791,76.51282051282051,19,-2130.0,9,25,3030.0,False,False,bp,-1.4
8429,599.0883325668555,51,20,-1,415828,415803,415854,415814,415832,169.51785714285714,18,-1363.0,25,26,2514.0,True,True,bp,-1.4
8430,549.3415302993371,38,17,10,415878,415854,415892,415870,415884,103.08333333333334,14,-804.0,24,14,1089.0,False,False,bp,-1.4
8431,320.3807195111748,59,10,13,415928,415892,415951,415915,415939,94.0104895104895,24,-2646.0,36,23,848.0,False,False,bp,-1.4
8432,180.19717512006508,50,5,14,415983,415951,416001,415973,415995,53.26666666666666,22,-3413.0,32,18,1067.0,True,True,bp,-1.4
8433,433.1070480973957,68,2,18,416044,416001,416069,416022,416056,98.22727272727272,34,-4387.0,43,25,3412.0,False,False,bp,-1.4
8434,80.90182536252655,85,-11,-1,416111,416069,416154,416092,416133,34.38636363636364,41,-2480.0,42,43,1876.0,False,False,bp,-1.4
8435,524.2848036217981,33,4,7,416174,416154,416187,416163,416183,57.85858585858586,20,-2249.0,20,13,2489.0,True,False,bp,-1.4
8436,765.6676561094629,66,4,16,416228,416187,416253,416207,416233,164.36190476190475,26,-3284.0,41,25,2722.0,False,False,bp,-1.4
8437,169.45568169541383,50,5,-8,416274,416253,416303,416263,416290,30.19886363636364,27,-1083.0,21,29,2114.0,False,False,bp,-1.4
8438,174.99790582372523,33,4,23,416331,416303,416336,416322,416334,115.66666666666669,12,-99.0,28,5,947.0,False,False,bp,-1.4
8439,341.83890012418095,83,-27,3,416379,416336,416419,416350,416412,48.03396029258098,62,-2541.0,43,40,2389.0,False,False,bp,-1.4
8440,1775.1369230604687,50,10,2,414046,414020,414070,414038,414057,233.48295454545456,19,-501.0,26,24,4499.0,True,True,bp,-1.4
8441,1662.9039689072256,56,12,-2,414097,414070,414126,414086,414100,306.42424242424244,14,-1792.0,27,29,2298.0,False,False,bp,-1.4
8442,279.5299145576249,27,-2,-17,414131,414126,414153,414126,414150,52.73157894736842,24,165.0,5,22,1476.0,False,False,bp,-1.4
8443,320.9891203458345,34,7,16,414178,414153,414187,414172,414182,216.79166666666669,10,-362.0,25,9,1981.0,True,False,bp,-1.4
8444,649.3675113284734,66,18,-18,414211,414187,414253,414199,414226,111.9,27,-144.0,24,42,3248.0,True,False,bp,-1.4
8445,569.9797701369016,50,-10,0,414278,414253,414303,414271,414294,126.03125,23,777.0,25,25,1046.0,False,False,bp,-1.4
8446,832.8600322639824,49,-4,-31,414312,414303,414352,414307,414334,133.28181818181818,27,-61.0,9,40,3339.0,True,True,bp,-1.4
8447,578.6773247904284,71,-11,-51,414362,414352,414423,414357,414403,148.86829268292684,46,863.0,10,61,2750.0,True,True,bp,-1.4
8448,1234.5305271161321,49,3,-5,414445,414423,414472,414438,414461,164.00892857142856,23,651.0,22,27,2862.0,True,True,bp,-1.4
8449,951.4975418603852,64,43,14,414511,414472,414536,414487,414515,159.8125,28,-321.0,39,25,2092.0,False,False,bp,-1.4
8450,2523.512402097415,86,13,34,414596,414536,414622,414586,414607,318.17272727272734,21,-4231.0,60,26,6840.0,False,False,bp,-1.4
8451,1384.723954286536,69,-11,3,414658,414622,414691,414641,414673,107.98235294117649,32,-875.0,36,33,3746.0,False,False,bp,-1.4
8452,487.88482128376256,62,1,-22,414711,414691,414753,414694,414726,46.05490196078431,32,1121.0,20,42,3172.0,False,False,bp,-1.4
8453,1235.0574625220402,33,5,-7,414766,414753,414786,414759,414780,184.0,21,1221.0,13,20,2696.0,True,False,bp,-1.4
8454,1505.17357653603,67,-6,19,414829,414786,414853,414806,414835,200.2282608695652,29,-489.0,43,24,4180.0,True,False,bp,-1.4
8455,1710.2866708184245,54,14,-14,414873,414853,414907,414858,414883,169.78333333333333,25,-401.0,20,34,3811.0,True,True,bp,-1.4
8456,1513.1359880829252,47,3,-3,414929,414907,414954,414922,414946,186.03781512605042,24,156.0,22,25,4193.0,True,True,bp,-1.4
8457,1356.1791477151935,49,2,9,414983,414954,415003,414973,414996,141.63461538461542,23,1145.0,29,20,2799.0,True,True,bp,-1.4
8458,1552.6324329351237,49,13,5,415030,415003,415052,415021,415039,206.77777777777774,18,620.0,27,22,3787.0,True,True,bp,-1.4
8459,2540.393312363035,51,9,1,415078,415052,415103,415070,415091,312.2451923076923,21,-2180.0,26,25,5815.0,True,True,bp,-1.4
8460,1623.3656996879126,50,49,2,415129,415103,415153,415121,415135,293.75,14,-713.0,26,24,3523.0,True,False,bp,-1.4
8461,586.3693925428203,83,-17,61,415225,415153,415236,415198,415231,93.12962962962963,33,220.0,72,11,2098.0,True,False,bp,-1.4
8462,526.4058262763708,47,4,-7,415256,415236,415283,415247,415267,89.82828282828281,20,371.0,20,27,1921.0,False,False,bp,-1.4
8463,832.7484564278609,36,6,-12,415295,415283,415319,415291,415311,95.6875,20,1485.0,12,24,2736.0,False,False,bp,-1.4
8464,740.2553545602302,50,-12,2,415345,415319,415369,415337,415365,126.4875,28,1230.0,26,24,1581.0,True,True,bp,-1.4
8465,688.6335803331168,51,5,1,415395,415369,415420,415381,415412,60.34663865546218,31,1491.0,26,25,2468.0,True,False,bp,-1.4
8466,543.2899480473017,96,-12,18,415477,415420,415516,415448,415492,88.36896551724138,44,298.0,57,39,2004.0,True,False,bp,-1.4
8467,735.8219017136313,37,19,-5,415532,415516,415553,415524,415535,284.1875,11,-866.0,16,21,2305.0,True,False,bp,-1.4
8468,798.2898465497743,50,0,0,415578,415553,415603,415565,415593,86.42564102564103,28,-634.0,25,25,2650.0,True,True,bp,-1.4
8469,690.4340823215516,34,13,18,415629,415603,415637,415621,415633,238.9375,12,-1177.0,26,8,2564.0,True,False,bp,-1.4
8470,1540.825796248796,67,1,-11,415665,415637,415704,415658,415689,226.59523809523807,31,-3678.0,28,39,4186.0,True,False,bp,-1.4
8471,1476.8541952329588,55,25,-1,415731,415704,415759,415721,415734,261.6,13,-4678.0,27,28,2027.0,False,False,bp,-1.4
8472,1136.5500330579407,41,-3,-3,415778,415759,415800,415772,415790,160.79166666666669,18,-4820.0,19,22,3727.0,True,True,bp,-1.4
8473,1300.6706034396154,47,-6,9,415828,415800,415847,415805,415831,259.07246376811594,26,-5760.0,28,19,2918.0,True,False,bp,-1.4
8474,359.11574902202705,28,7,0,415861,415847,415875,415851,415864,169.36666666666667,13,-4950.0,14,14,1576.0,True,False,bp,-1.4
8475,290.9275896651567,46,-8,-6,415895,415875,415921,415884,415908,23.61888111888112,24,-4638.0,20,26,1801.0,True,True,bp,-1.4
8476,227.59522111722612,38,-27,2,415941,415921,415959,415924,415957,39.628676470588225,33,-4929.0,20,18,374.0,False,False,bp,-1.4
8477,846.6292440807891,41,2,-3,415978,415959,416000,415963,415987,122.44444444444444,24,-7321.0,19,22,2504.0,False,False,bp,-1.4
8478,314.9997703321697,72,-11,-2,416035,416000,416072,416013,416050,48.75606060606061,37,-6721.0,35,37,2109.0,True,False,bp,-1.4
8479,400.1952052242689,65,-7,-45,416082,416072,416137,416076,416124,110.8095238095238,48,-6333.0,10,55,5216.0,False,False,bp,-1.4
8480,628.9325165119212,86,-7,-10,416175,416137,416223,416165,416199,139.6375,34,-4894.0,38,48,3551.0,False,False,bp,-1.4
8481,300.6764041198788,44,17,-30,416230,416223,416267,416226,416244,156.76785714285714,18,-2867.0,7,37,2343.0,False,False,bp,-1.4
8482,935.8271550620348,41,25,13,416294,416267,416308,416279,416299,115.3,20,-3124.0,27,14,2412.0,True,True,bp,-1.4
8483,564.5092649891089,81,-19,35,416366,416308,416389,416344,416377,85.1590909090909,33,-5049.0,58,23,1765.0,False,False,bp,-1.4
8484,128.40709811298763,30,-1,-18,416395,416389,416419,416391,416407,124.83333333333331,16,-4654.0,6,24,2947.0,False,False,bp,-1.4
8485,571.8710067010869,41,-11,-23,416428,416419,416460,416422,416448,121.78333333333332,26,-4043.0,9,32,1973.0,True,True,bp,-1.4
8486,1146.6634055259572,71,1,19,419127,419082,419153,419099,419134,176.51785714285714,35,-515.0,45,26,4409.0,False,False,bp,-6.056603773584905
8487,1067.275256711122,84,-16,0,419195,419153,419237,419170,419217,76.82,47,0.0,42,42,3133.0,True,True,bp,-6.056603773584905
8488,1400.6589015590423,49,7,-1,419261,419237,419286,419248,419267,154.1602564102564,19,-1249.0,24,25,2044.0,False,False,bp,-6.056603773584905
8489,193.77179614392605,33,-4,-7,419299,419286,419319,419293,419311,70.75,18,-2.0,13,20,2045.0,False,False,bp,-6.056603773584905
8490,866.6679587789447,50,17,-26,419331,419319,419369,419325,419348,103.55392156862746,23,701.0,12,38,2932.0,False,False,bp,-6.056603773584905
8491,1450.1944627335158,50,-5,26,419407,419369,419419,419388,419412,141.69473684210527,24,-1187.0,38,12,2063.0,False,False,bp,-6.056603773584905
8492,655.9980654217053,53,-19,1,419446,419419,419472,419431,419463,70.39607843137257,32,-1510.0,27,26,1815.0,False,False,bp,-6.056603773584905
8493,536.5474916202659,47,-3,-29,419481,419472,419519,419476,419503,48.6,27,118.0,9,38,3097.0,False,False,bp,-6.056603773584905
8494,1437.5889717504162,50,-1,4,419546,419519,419569,419527,419557,102.56937799043061,30,-1421.0,27,23,1597.0,False,False,bp,-6.056603773584905
8495,495.0705180069505,100,-6,-6,419616,419569,419669,419586,419636,83.49166666666667,50,-2744.0,47,53,3988.0,False,False,bp,-6.056603773584905
8496,557.2178462658884,35,17,17,419695,419669,419704,419680,419700,60.43333333333333,20,-88.0,26,9,1192.0,False,False,bp,-6.056603773584905
8497,766.6638281106758,82,-14,0,419745,419704,419786,419737,419772,144.27083333333334,35,-2864.0,41,41,1174.0,False,False,bp,-6.056603773584905
8498,409.13093732966286,66,-4,-42,419798,419786,419852,419793,419828,105.21666666666668,35,-3140.0,12,54,2407.0,False,False,bp,-6.056603773584905
8499,579.0540770755496,50,7,-32,419861,419852,419902,419859,419883,146.02272727272728,24,-1554.0,9,41,3047.0,False,False,bp,-6.056603773584905
8500,598.6440686485937,56,-17,0,419930,419902,419958,419914,419951,43.19345238095239,37,-984.0,28,28,1849.0,True,True,bp,-6.056603773584905
8501,611.9301826884994,45,-16,27,419994,419958,420003,419971,419998,94.80434782608695,27,-1984.0,36,9,1351.0,False,False,bp,-6.056603773584905
8502,173.74336178490523,48,-11,2,420028,420003,420051,420009,420038,47.45263157894736,29,-2228.0,25,23,990.0,False,False,bp,-6.056603773584905
8503,517.5029911296389,47,15,-27,420061,420051,420098,420056,420078,139.6529411764706,22,-3235.0,10,37,2681.0,False,False,bp,-6.056603773584905
8504,212.45110529820062,40,20,26,420131,420098,420138,420115,420133,199.9375,18,-2243.0,33,7,1826.0,True,False,bp,-6.056603773584905
8505,587.542829717618,81,-8,3,420180,420138,420219,420171,420201,121.484126984127,30,-2831.0,42,39,2065.0,True,False,bp,-6.056603773584905
8506,249.26558086243423,60,12,-38,420230,420219,420279,420223,420250,81.97857142857143,27,-2346.0,11,49,2204.0,True,True,bp,-6.056603773584905
8507,700.9000631069057,40,22,-4,420297,420279,420319,420289,420313,103.59375,24,-2137.0,18,22,2666.0,True,True,bp,-6.056603773584905
8508,193.87213772336122,117,-32,35,420395,420319,420436,420359,420420,18.961111111111116,61,-1479.0,76,41,874.0,False,False,bp,-6.056603773584905
8509,245.66454511041127,34,12,14,420460,420436,420470,420449,420466,88.9090909090909,17,-2106.0,24,10,1568.0,True,False,bp,-6.056603773584905
8510,1069.1910766293656,49,-15,-1,419077,419053,419102,419061,419095,74.9826388888889,34,1459.0,24,25,2087.0,True,True,bp,-6.056603773584905
8511,1364.9310801691445,67,29,-23,419124,419102,419169,419114,419135,166.3090909090909,21,539.0,22,45,4149.0,True,True,bp,-6.056603773584905
8512,2274.705178245467,66,-4,-16,419194,419169,419235,419185,419216,270.63383838383845,31,-1555.0,25,41,6597.0,True,True,bp,-6.056603773584905
8513,2935.0105808075646,50,13,-6,419257,419235,419285,419243,419265,288.99107142857144,22,-1134.0,22,28,5992.0,True,False,bp,-6.056603773584905
8514,1469.0849452827454,85,-9,-1,419327,419285,419370,419300,419345,112.67592592592592,45,-1183.0,42,43,4501.0,True,False,bp,-6.056603773584905
8515,1076.6754463277866,55,7,-7,419394,419370,419425,419381,419408,89.84615384615385,27,661.0,24,31,3008.0,True,False,bp,-6.056603773584905
8516,800.1069072072229,94,-1,-22,419461,419425,419519,419442,419490,87.05535390199638,48,-223.0,36,58,4164.0,True,False,bp,-6.056603773584905
8517,1381.9653393654398,67,0,-9,419548,419519,419586,419537,419571,137.5098814229249,34,-81.0,29,38,2140.0,True,True,bp,-6.056603773584905
8518,871.3994943139502,72,-20,10,419627,419586,419658,419605,419649,71.36363636363637,44,-760.0,41,31,3417.0,True,True,bp,-6.056603773584905
8519,1751.2072081656893,59,17,-11,419682,419658,419717,419673,419697,164.46666666666667,24,-1508.0,24,35,2582.0,False,False,bp,-6.056603773584905
8520,2113.465591506168,69,11,-7,419748,419717,419786,419738,419760,277.10833333333335,22,-4522.0,31,38,5847.0,False,False,bp,-6.056603773584905
8521,2053.8854468991826,51,3,1,419812,419786,419837,419793,419821,164.91228070175438,28,-4457.0,26,25,3140.0,True,True,bp,-6.056603773584905
8522,1227.2419629640915,62,-2,8,419872,419837,419899,419852,419881,150.99166666666667,29,-5556.0,35,27,3651.0,True,False,bp,-6.056603773584905
8523,428.4854944330152,24,10,0,419911,419899,419923,419908,419915,309.5,7,-3897.0,12,12,2438.0,True,False,bp,-6.056603773584905
8524,592.7034746520948,40,10,2,419944,419923,419963,419932,419951,63.18452380952381,19,-2888.0,21,19,2133.0,True,False,bp,-6.056603773584905
8525,787.6476155997494,78,-10,-14,419995,419963,420041,419980,420023,93.0988095238095,43,-3681.0,32,46,3248.0,True,False,bp,-6.056603773584905
8526,1035.1412013630409,77,-5,-37,420061,420041,420118,420056,420095,210.13235294117646,39,-3749.0,20,57,3458.0,True,False,bp,-6.056603773584905
8527,180.09622876457843,46,-2,6,420144,420118,420164,420129,420151,22.528571428571425,22,-2209.0,26,20,976.0,False,False,bp,-6.056603773584905
8528,316.36158282808435,49,13,-23,420177,420164,420213,420171,420191,144.48809523809524,20,-3566.0,13,36,1994.0,False,False,bp,-6.056603773584905
8529,987.2972837231928,62,9,-32,420228,420213,420275,420224,420248,224.55,24,-3604.0,15,47,5153.0,False,False,bp,-6.056603773584905
8530,907.451905238716,44,-26,-6,420294,420275,420319,420281,420315,68.60073260073261,34,-376.0,19,25,2595.0,False,False,bp,-6.056603773584905
8531,303.00374555722215,50,-12,-18,420335,420319,420369,420323,420358,34.41123188405797,35,882.0,16,34,1752.0,True,False,bp,-6.056603773584905
8532,405.70460696660194,49,-12,23,420405,420369,420418,420381,420411,78.14583333333334,30,162.0,36,13,1165.0,False,False,bp,-6.056603773584905
8533,516.0169763761885,40,22,20,420448,420418,420458,420429,420451,95.64912280701756,22,-1758.0,30,10,863.0,False,False,bp,-6.056603773584905
8534,2189.346687930323,68,-5,10,421974,421935,422003,421963,421991,198.08021390374333,28,-3029.0,39,29,6289.0,False,False,bp,-1.9705882352941178
8535,657.8251791005667,83,-25,-35,422027,422003,422086,422014,422068,80.97467166979362,54,406.0,24,59,3252.0,False,False,bp,-1.9705882352941178
8536,504.277186013459,37,10,13,422111,422086,422123,422097,422114,103.04761904761904,17,2258.0,25,12,1367.0,False,False,bp,-1.9705882352941178
8537,2063.6475498998257,62,-22,12,422160,422123,422185,422141,422177,146.54179566563462,36,-1938.0,37,25,4984.0,False,False,bp,-1.9705882352941178
8538,892.2157543600438,51,-3,23,422222,422185,422236,422191,422232,60.19516129032258,41,-261.0,37,14,1358.0,False,False,bp,-1.9705882352941178
8539,791.551317514965,83,10,1,422278,422236,422319,422270,422291,174.1394230769231,21,-2472.0,42,41,3216.0,False,False,bp,-1.9705882352941178
8540,223.03809500220783,33,17,-15,422328,422319,422352,422322,422339,102.08333333333334,17,-418.0,9,24,1588.0,False,False,bp,-1.9705882352941178
8541,727.4644596812459,67,25,-15,422378,422352,422419,422373,422390,155.70833333333334,17,-896.0,26,41,2662.0,True,False,bp,-1.9705882352941178
8542,1690.8310452004264,66,-7,18,422461,422419,422485,422432,422469,194.75,37,-2613.0,42,24,5113.0,True,False,bp,-1.9705882352941178
8543,2435.879806460073,67,4,-17,422510,422485,422552,422499,422534,217.3996212121212,35,-4143.0,25,42,6251.0,True,True,bp,-1.9705882352941178
8544,3142.775879900937,62,4,-2,422582,422552,422614,422573,422596,255.17857142857144,23,-3235.0,30,32,5920.0,True,True,bp,-1.9705882352941178
8545,764.1229603917627,35,0,3,422633,422614,422649,422623,422640,84.00714285714288,17,-412.0,19,16,362.0,False,False,bp,-1.9705882352941178
8546,855.5741983930518,40,3,16,422677,422649,422689,422657,422679,167.725,22,-2854.0,28,12,1631.0,False,False,bp,-1.9705882352941178
8547,553.8218496847845,46,30,-4,422710,422689,422735,422704,422714,177.83333333333337,10,-1622.0,21,25,2944.0,False,False,bp,-1.9705882352941178
8548,1443.8035487110308,84,-1,-28,422763,422735,422819,422754,422796,193.87878787878788,42,-3613.0,28,56,3981.0,True,True,bp,-1.9705882352941178
8549,3132.617117041925,66,21,-12,422846,422819,422885,422837,422862,315.15277777777777,25,-5650.0,27,39,7978.0,True,True,bp,-1.9705882352941178
8550,1643.2755908794104,101,20,-17,422927,422885,422986,422908,422946,100.73684210526315,38,-1855.0,42,59,3819.0,True,True,bp,-1.9705882352941178
8551,2223.897926182321,67,15,-13,423013,422986,423053,423004,423030,233.3954248366013,26,-4350.0,27,40,3649.0,True,True,bp,-1.9705882352941178
8552,1134.224350569694,82,-10,0,423094,423053,423135,423071,423114,89.11956521739133,43,-4180.0,41,41,4208.0,False,False,bp,-1.9705882352941178
8553,416.6809614984706,39,3,13,423161,423135,423174,423147,423166,62.478571428571435,19,-1829.0,26,13,982.0,False,False,bp,-1.9705882352941178
8554,1005.6560653852364,60,-7,-20,423194,423174,423234,423188,423217,169.06521739130434,29,-3141.0,20,40,2526.0,False,False,bp,-1.9705882352941178
8555,1858.387725114248,85,25,-33,423260,423234,423319,423239,423270,178.89523809523808,31,-4637.0,26,59,5361.0,True,True,bp,-1.9705882352941178
8556,2386.6465913110865,52,-11,-4,423343,423319,423371,423326,423360,171.70588235294116,34,-4110.0,24,28,6439.0,True,True,bp,-1.9705882352941178
8557,1762.7316152547141,76,18,-20,423399,423371,423447,423383,423414,123.97916666666666,31,-1993.0,28,48,3545.0,False,False,bp,-1.9705882352941178
8558,469.11116110741796,41,13,19,423477,423447,423488,423463,423483,71.08333333333334,20,40.0,30,11,1172.0,False,False,bp,-1.9705882352941178
8559,987.2169093858045,98,-8,14,423544,423488,423586,423516,423564,111.11785714285715,48,-3013.0,56,42,4946.0,False,False,bp,-1.9705882352941178
8560,1212.9736856382906,55,0,27,423627,423586,423641,423604,423631,88.53260869565219,27,-1540.0,41,14,937.0,False,False,bp,-1.9705882352941178
8561,284.24548515520365,44,-5,28,423677,423641,423685,423658,423680,82.71929824561403,22,-3022.0,36,8,549.0,False,False,bp,-1.9705882352941178
8562,364.2355805550743,67,-24,17,423727,423685,423752,423697,423738,72.1621212121212,41,-4283.0,42,25,1871.0,False,False,bp,-1.9705882352941178
8563,211.9635771918991,33,12,-17,423760,423752,423785,423755,423766,167.55,11,-4077.0,8,25,1896.0,True,False,bp,-1.9705882352941178
8564,225.83804268823928,83,-10,-65,423794,423785,423868,423789,423837,82.54651162790698,48,-3586.0,9,74,1925.0,True,False,bp,-1.9705882352941178
8565,815.1902460362047,51,-16,5,423896,423868,423919,423875,423906,126.4,31,-4620.0,28,23,2597.0,True,False,bp,-1.9705882352941178
8566,255.4430808398751,33,-1,-17,423927,423919,423952,423921,423939,136.54166666666666,18,-3473.0,8,25,2013.0,True,True,bp,-1.9705882352941178
8567,576.9903073464698,33,19,-13,423962,423952,423985,423956,423967,185.95,11,-3482.0,10,23,1900.0,True,False,bp,-1.9705882352941178
8568,477.3148047287288,67,-15,7,424022,423985,424052,423997,424038,44.8475,41,-3648.0,37,30,2197.0,True,False,bp,-1.9705882352941178
8569,286.36929319435035,71,-17,-21,424077,424052,424123,424064,424110,37.2027972027972,46,-2764.0,25,46,3474.0,False,False,bp,-1.9705882352941178
8570,681.3766500823821,45,15,-1,424145,424123,424168,424139,424150,135.15,11,-1000.0,22,23,1487.0,False,False,bp,-1.9705882352941178
8571,975.579634070954,35,10,-7,424182,424168,424203,424176,424196,117.2261904761905,20,-382.0,14,21,3300.0,False,False,bp,-1.9705882352941178
8572,878.2593087004088,65,3,17,424244,424203,424268,424226,424255,95.6969696969697,29,-1525.0,41,24,1571.0,False,False,bp,-1.9705882352941178
8573,289.0930013024627,50,-16,26,424306,424268,424318,424287,424314,74.10197368421052,27,-2141.0,38,12,1878.0,True,True,bp,-1.9705882352941178
8574,446.49752502036097,53,-9,1,424345,424318,424371,424325,424358,38.009615384615394,33,-2674.0,27,26,1192.0,False,False,bp,-1.9705882352941178
8575,3368.3785745819678,74,5,-12,421949,421918,421992,421941,421967,332.09722222222223,26,-2105.0,31,43,6404.0,False,False,bp,-1.9705882352941178
8576,712.1009452339836,42,-5,-6,422010,421992,422034,421998,422022,99.04166666666666,24,2283.0,18,24,1510.0,False,False,bp,-1.9705882352941178
8577,1873.7106991953005,52,-18,-10,422055,422034,422086,422041,422076,167.10714285714286,35,-1876.0,21,31,5187.0,False,False,bp,-1.9705882352941178
8578,1822.7371944388574,49,16,-1,422110,422086,422135,422093,422118,212.86397058823533,25,-1128.0,24,25,4910.0,True,True,bp,-1.9705882352941178
8579,2258.5814534463325,56,11,18,422172,422135,422191,422159,422180,233.7355769230769,21,-479.0,37,19,5360.0,True,True,bp,-1.9705882352941178
8580,1698.4739389508206,62,0,12,422228,422191,422253,422212,422241,165.67548076923075,29,-828.0,37,25,3889.0,True,True,bp,-1.9705882352941178
8581,3278.2766468733803,66,-4,6,422289,422253,422319,422270,422300,274.7631578947368,30,-3606.0,36,30,7895.0,True,True,bp,-1.9705882352941178
8582,4096.542123399515,51,9,-9,422340,422319,422370,422326,422352,362.83333333333337,26,-4098.0,21,30,9064.0,True,True,bp,-1.9705882352941178
8583,2204.3672772425602,65,2,15,422410,422370,422435,422387,422418,161.6413043478261,31,-141.0,40,25,3391.0,True,True,bp,-1.9705882352941178
8584,2817.0128338843842,51,6,3,422462,422435,422486,422451,422477,230.3757575757576,26,-3025.0,27,24,5249.0,True,True,bp,-1.9705882352941178
8585,1710.6471223669048,72,-14,10,422527,422486,422558,422509,422547,109.16666666666666,38,-1700.0,41,31,4609.0,True,True,bp,-1.9705882352941178
8586,3150.6773546589347,61,10,-15,422581,422558,422619,422571,422597,270.4625,26,-3090.0,23,38,7325.0,True,True,bp,-1.9705882352941178
8587,2381.804981000813,66,-19,-14,422645,422619,422685,422633,422672,190.10185185185185,39,-2746.0,26,40,4764.0,True,True,bp,-1.9705882352941178
8588,2749.9610624414613,48,0,2,422710,422685,422733,422692,422718,269.8055555555556,26,-2945.0,25,23,6815.0,True,True,bp,-1.9705882352941178
8589,1974.408178115684,65,-17,-11,422760,422733,422798,422744,422782,155.25,38,-3091.0,27,38,4185.0,True,True,bp,-1.9705882352941178
8590,1763.0378515508066,55,5,-31,422810,422798,422853,422803,422828,232.01190476190484,25,-2522.0,12,43,6086.0,False,False,bp,-1.9705882352941178
8591,1576.3439501507053,33,0,-13,422863,422853,422886,422858,422880,184.58235294117645,22,745.0,10,23,3258.0,False,False,bp,-1.9705882352941178
8592,1440.7444355368825,66,-8,-10,422914,422886,422952,422902,422938,136.66666666666666,36,-1005.0,28,38,2928.0,True,False,bp,-1.9705882352941178
8593,540.6290633854019,100,-37,-16,422994,422952,423052,422966,423036,40.529761904761905,70,98.0,42,58,2320.0,False,False,bp,-1.9705882352941178
8594,1257.7593036184282,66,0,-14,423078,423052,423118,423069,423096,173.52777777777774,27,-2341.0,26,40,2834.0,False,False,bp,-1.9705882352941178
8595,1775.3089518786062,50,4,-18,423134,423118,423168,423123,423149,166.22121212121212,26,-2590.0,16,34,5607.0,True,True,bp,-1.9705882352941178
8596,2414.4172565815907,50,17,-2,423192,423168,423218,423179,423199,253.5659340659341,20,-3491.0,24,26,3685.0,True,True,bp,-1.9705882352941178
8597,1007.5374482339323,67,-7,17,423260,423218,423285,423236,423267,191.57440476190484,31,-4567.0,42,25,3938.0,True,True,bp,-1.9705882352941178
8598,1464.0038704800374,44,1,-12,423301,423285,423329,423291,423314,133.7076923076923,23,-2839.0,16,28,4085.0,True,True,bp,-1.9705882352941178
8599,814.8203763833475,57,-22,-27,423344,423329,423386,423338,423379,148.3452380952381,41,-1483.0,15,42,2328.0,True,True,bp,-1.9705882352941178
8600,663.6151733361919,71,5,-19,423412,423386,423457,423398,423433,62.845238095238095,35,-919.0,26,45,3425.0,True,True,bp,-1.9705882352941178
8601,932.4140361761972,72,-18,34,423510,423457,423529,423473,423517,142.6833976833977,44,-1466.0,53,19,3366.0,True,True,bp,-1.9705882352941178
8602,897.6358595100293,89,-14,9,423578,423529,423618,423543,423596,104.6095238095238,53,-2623.0,49,40,5249.0,True,True,bp,-1.9705882352941178
8603,395.18769862667193,67,-26,27,423665,423618,423685,423635,423677,28.65833333333333,42,-924.0,47,20,841.0,False,False,bp,-1.9705882352941178
8604,274.8590766877048,67,-23,17,423727,423685,423752,423693,423738,81.05481283422459,45,-4819.0,42,25,1212.0,False,False,bp,-1.9705882352941178
8605,139.46158564381057,33,10,-9,423764,423752,423785,423760,423770,165.75,10,-5162.0,12,21,1600.0,True,True,bp,-1.9705882352941178
8606,175.2406837964631,34,1,-16,423794,423785,423819,423790,423806,209.2083333333333,16,-5711.0,9,25,2512.0,True,True,bp,-1.9705882352941178
8607,335.81595302162214,33,-8,-15,423828,423819,423852,423823,423847,118.93157894736844,24,-5280.0,9,24,1516.0,True,True,bp,-1.9705882352941178
8608,303.1313253273693,38,15,4,423873,423852,423890,423863,423877,129.05,14,-6060.0,21,17,1752.0,True,True,bp,-1.9705882352941178
8609,181.827602755316,63,-3,11,423927,423890,423953,423906,423939,36.535714285714285,33,-5409.0,37,26,2462.0,False,False,bp,-1.9705882352941178
8610,315.9237784770835,61,-6,-11,423978,423953,424014,423969,423996,94.55555555555556,27,-5053.0,25,36,2142.0,True,True,bp,-1.9705882352941178
8611,488.0237777812268,48,0,-34,424021,424014,424062,424017,424044,158.02717391304347,27,-4683.0,7,41,2802.0,True,True,bp,-1.9705882352941178
8612,640.4752009727315,73,8,-43,424077,424062,424135,424071,424101,125.16666666666669,30,-3511.0,15,58,4705.0,False,False,bp,-1.9705882352941178
8613,602.0892215797302,40,1,-18,424146,424135,424175,424139,424162,93.41071428571428,23,-640.0,11,29,1893.0,False,False,bp,-1.9705882352941178
8614,768.2264925075337,49,21,-13,424193,424175,424224,424186,424208,157.19047619047618,22,-1621.0,18,31,1337.0,False,False,bp,-1.9705882352941178
8615,1062.1901604553098,60,-5,14,424261,424224,424284,424251,424272,195.87272727272727,21,-4931.0,37,23,3570.0,False,False,bp,-1.9705882352941178
8616,737.1511290907546,56,-9,-4,424310,424284,424340,424288,424322,127.4318181818182,34,-5184.0,26,30,3167.0,True,False,bp,-1.9705882352941178
8617,430.47974390944603,29,0,19,424364,424340,424369,424347,424366,166.19117647058823,19,-4798.0,24,5,1550.0,True,False,bp,-1.9705882352941178
8618,789.9324720951278,54,0,2,426093,426065,426119,426072,426106,62.46703296703296,34,-157.0,28,26,2197.0,True,True,bp,-2.76
8619,416.2701607336586,65,7,19,426161,426119,426184,426140,426171,77.65,31,501.0,42,23,1373.0,False,False,bp,-2.76
8620,896.3829813243469,67,1,19,426227,426184,426251,426209,426239,97.625,30,-927.0,43,24,2854.0,False,False,bp,-2.76
8621,797.6445135486193,51,5,1,426277,426251,426302,426270,426289,133.32738095238096,19,-426.0,26,25,1194.0,True,True,bp,-2.76
8622,153.86290623594473,33,11,5,426321,426302,426335,426313,426329,44.1875,16,114.0,19,14,693.0,False,False,bp,-2.76
8623,858.2988241086725,84,13,-12,426371,426335,426419,426356,426396,84.86666666666667,40,-1783.0,36,48,3478.0,False,False,bp,-2.76
8624,596.3840509147468,83,-13,31,426476,426419,426502,426449,426486,148.8537037037037,37,-848.0,57,26,2911.0,True,False,bp,-2.76
8625,456.03041649176873,34,-4,16,426527,426502,426536,426510,426530,86.33333333333334,20,229.0,25,9,813.0,False,False,bp,-2.76
8626,369.35964167786864,63,2,-15,426560,426536,426599,426546,426573,50.99450549450549,27,-287.0,24,39,1531.0,False,False,bp,-2.76
8627,74.23546732636362,15,10,-7,426603,426599,426614,426602,426609,30.416666666666664,7,1228.0,4,11,-161.0,False,False,bp,-2.76
8628,446.8167281524997,37,18,-9,426628,426614,426651,426626,426639,115.04545454545456,13,471.0,14,23,1933.0,False,False,bp,-2.76
8629,679.7124805514766,67,-6,-11,426679,426651,426718,426670,426700,111.12698412698411,30,-468.0,28,39,1441.0,True,False,bp,-2.76
8630,594.4123892572552,34,-6,-8,426731,426718,426752,426724,426747,96.76339285714286,23,-797.0,13,21,2388.0,False,False,bp,-2.76
8631,95.86695511374391,63,22,-13,426777,426752,426815,426764,426782,81.28461538461539,18,1086.0,25,38,1755.0,False,False,bp,-2.76
8632,1332.4423946772574,70,26,-46,426827,426815,426885,426822,426849,202.93636363636364,27,-304.0,12,58,2063.0,True,True,bp,-2.76
8633,1333.302753920468,66,7,-16,426910,426885,426951,426902,426930,157.725,28,-1139.0,25,41,3701.0,True,True,bp,-2.76
8634,1068.681107101406,83,-24,3,426994,426951,427034,426965,427013,90.61433756805808,48,-1896.0,43,40,4480.0,False,False,bp,-2.76
8635,419.69609458182657,34,-2,-8,427047,427034,427068,427037,427057,-2.6000000000000014,20,2040.0,13,21,490.0,False,False,bp,-2.76
8636,1114.8998547382928,56,12,-6,427093,427068,427124,427075,427100,129.71825396825398,25,-119.0,25,31,2957.0,False,False,bp,-2.76
8637,650.0424972817984,44,-5,16,427154,427124,427168,427137,427164,54.61176470588235,27,812.0,30,14,1056.0,False,False,bp,-2.76
8638,1940.8648917779587,67,13,-17,427193,427168,427235,427186,427212,218.74060150375942,26,-2200.0,25,42,4660.0,False,False,bp,-2.76
8639,3166.575827521189,67,24,-15,427261,427235,427302,427251,427277,270.05,26,-3741.0,26,41,7990.0,True,True,bp,-2.76
8640,2169.615719968629,99,4,-15,427344,427302,427401,427327,427368,188.21446078431373,41,-3645.0,42,57,7081.0,False,False,bp,-2.76
8641,783.8938223293408,51,28,1,427427,427401,427452,427413,427429,153.71428571428572,16,2333.0,26,25,1484.0,False,False,bp,-2.76
8642,472.8254041794388,86,3,-4,427493,427452,427538,427473,427512,64.54868421052632,39,333.0,41,45,1765.0,False,False,bp,-2.76
8643,1065.297089027563,47,-10,-3,427560,427538,427585,427554,427578,153.02777777777774,24,-590.0,22,25,2600.0,True,False,bp,-2.76
8644,690.4504782970183,69,-2,-19,427610,427585,427654,427592,427629,76.79093567251464,37,-1132.0,25,44,1896.0,True,True,bp,-2.76
8645,796.3097745138685,48,10,-6,427675,427654,427702,427664,427681,127.9848484848485,17,-1434.0,21,27,2104.0,True,False,bp,-2.76
8646,397.1935975789466,99,-12,-25,427739,427702,427801,427708,427773,50.42267552182163,65,-1990.0,37,62,3284.0,False,False,bp,-2.76
8647,497.44226795246976,51,11,31,427842,427801,427852,427826,427848,62.19791666666666,22,-335.0,41,10,1825.0,False,False,bp,-2.76
8648,521.6328959059186,67,-17,49,427910,427852,427919,427881,427916,74.52586206896551,35,-2268.0,58,9,1143.0,False,False,bp,-2.76
8649,169.4475386702689,31,15,7,427938,427919,427950,427934,427944,182.70833333333331,10,-2950.0,19,12,980.0,False,False,bp,-2.76
8650,379.10270293292365,84,7,-10,427987,427950,428034,427969,428022,55.530952380952385,53,-4132.0,37,47,3160.0,False,False,bp,-2.76
8651,871.0112130482477,91,-19,49,428104,428034,428125,428082,428117,126.92132867132868,35,-8384.0,70,21,2559.0,False,False,bp,-2.76
8652,146.62332994793763,39,-4,-1,428144,428125,428164,428133,428152,208.64772727272728,19,-8310.0,19,20,3024.0,False,False,bp,-2.76
8653,295.41146866569136,54,-29,-30,428176,428164,428218,428167,428213,61.747747747747745,46,-6587.0,12,42,4068.0,False,False,bp,-2.76
8654,647.9207151986394,63,3,-31,428234,428218,428281,428230,428257,224.28804347826087,27,-5163.0,16,47,4527.0,False,False,bp,-2.76
8655,239.51721214463643,54,45,-30,428293,428281,428335,428287,428300,215.53571428571428,13,-2318.0,12,42,2836.0,False,False,bp,-2.76
8656,311.329730475938,49,-8,35,428377,428335,428384,428358,428381,84.82236842105263,23,-2091.0,42,7,926.0,False,False,bp,-2.76
8657,92.26662532609207,50,-10,2,428410,428384,428434,428396,428422,-3.958333333333332,26,-3186.0,26,24,881.0,False,False,bp,-2.76
8658,70.24959615921887,34,-2,-16,428443,428434,428468,428438,428455,181.13333333333333,17,-4440.0,9,25,1951.0,False,False,bp,-2.76
8659,454.43789182682366,46,1,-30,428476,428468,428514,428470,428500,135.72916666666666,30,-4159.0,8,38,3920.0,False,False,bp,-2.76
8660,808.6438560742389,47,-6,-35,426024,426018,426065,426020,426049,139.395,29,879.0,6,41,3121.0,False,False,bp,-2.76
8661,1102.8836419723614,37,-14,-11,426078,426065,426102,426072,426096,184.0,24,614.0,13,24,2345.0,True,True,bp,-2.76
8662,329.22087100245625,33,-7,-3,426117,426102,426135,426106,426130,57.115384615384606,24,1275.0,15,18,1171.0,True,True,bp,-2.76
8663,182.4460766418999,33,-1,9,426156,426135,426168,426147,426161,155.13333333333333,14,1021.0,21,12,2157.0,True,False,bp,-2.76
8664,922.8534261217,67,2,15,426209,426168,426235,426174,426214,139.71428571428572,40,870.0,41,26,2474.0,True,False,bp,-2.76
8665,852.1055659358432,63,-21,25,426279,426235,426298,426256,426291,87.42028985507245,35,-403.0,44,19,2094.0,True,False,bp,-2.76
8666,399.33313905070776,37,10,-13,426310,426298,426335,426305,426322,130.73333333333335,17,-80.0,12,25,2256.0,True,False,bp,-2.76
8667,461.06247282395606,73,-12,43,426393,426335,426408,426349,426399,90.8068181818182,50,194.0,58,15,2060.0,True,False,bp,-2.76
8668,951.8110782360448,93,-2,-21,426444,426408,426501,426437,426477,153.85497835497836,40,-839.0,36,57,2964.0,True,False,bp,-2.76
8669,512.2918598750304,84,-36,6,426546,426501,426585,426515,426571,50.037419354838704,56,-1233.0,45,39,3176.0,True,False,bp,-2.76
8670,731.6404234846028,52,2,-30,426596,426585,426637,426591,426621,217.28,30,-1337.0,11,41,3199.0,True,True,bp,-2.76
8671,712.3258849991972,64,0,-20,426659,426637,426701,426653,426684,204.6833333333333,31,-1522.0,22,42,3141.0,True,True,bp,-2.76
8672,512.6857331090054,67,-12,19,426744,426701,426768,426715,426751,113.7807881773399,36,-282.0,43,24,2851.0,True,False,bp,-2.76
8673,508.0006944929053,34,-14,6,426788,426768,426802,426775,426799,69.96503496503496,24,507.0,20,14,1599.0,True,False,bp,-2.76
8674,919.2381802972579,49,21,1,426827,426802,426851,426809,426832,147.7,23,-521.0,25,24,2741.0,True,False,bp,-2.76
8675,1291.8504663860651,69,-6,15,426893,426851,426920,426876,426913,99.90588235294119,37,-1390.0,42,27,4052.0,True,True,bp,-2.76
8676,704.8750120502573,79,40,1,426960,426920,426999,426944,426972,79.16666666666666,28,-334.0,40,39,1814.0,True,True,bp,-2.76
8677,1008.1406873288264,70,-4,46,427057,426999,427069,427040,427063,139.91666666666669,23,-1466.0,58,12,2548.0,False,False,bp,-2.76
8678,293.0539441857286,50,0,-2,427093,427069,427119,427082,427107,53.064935064935064,25,153.0,24,26,1525.0,False,False,bp,-2.76
8679,616.8544297060668,46,7,4,427144,427119,427165,427132,427149,129.86666666666667,17,-894.0,25,21,1715.0,True,True,bp,-2.76
8680,922.864878346006,41,16,15,427193,427165,427206,427173,427198,143.225,25,-992.0,28,13,2515.0,True,False,bp,-2.76
8681,1192.8599475835656,80,23,0,427246,427206,427286,427239,427265,173.31578947368425,26,-1671.0,40,40,4460.0,True,False,bp,-2.76
8682,379.1245418726048,79,-22,25,427338,427286,427365,427314,427353,77.32916666666667,39,471.0,52,27,2186.0,True,False,bp,-2.76
8683,297.44318200330713,33,10,-9,427377,427365,427398,427370,427382,140.7,12,1294.0,12,21,1948.0,True,False,bp,-2.76
8684,784.2947498030486,39,21,-13,427411,427398,427437,427404,427422,126.47402597402599,18,1296.0,13,26,2400.0,True,False,bp,-2.76
8685,483.27268253740175,81,9,-3,427476,427437,427518,427461,427500,34.645833333333336,39,1514.0,39,42,2171.0,False,False,bp,-2.76
8686,802.2633029318057,100,-17,-16,427560,427518,427618,427548,427601,152.47357723577238,53,-2062.0,42,58,4644.0,False,False,bp,-2.76
8687,958.565656987514,84,-20,0,427660,427618,427702,427637,427681,76.67908902691511,44,-1055.0,42,42,2856.0,True,False,bp,-2.76
8688,462.4233755096198,30,-13,-4,427715,427702,427732,427705,427727,85.25833333333333,22,179.0,13,17,2191.0,True,False,bp,-2.76
8689,481.177863262066,69,-21,-15,427759,427732,427801,427736,427783,62.11050724637681,47,-338.0,27,42,2857.0,True,False,bp,-2.76
8690,971.0000351475188,51,-1,-1,427826,427801,427852,427809,427840,55.844537815126046,31,69.0,25,26,2485.0,True,True,bp,-2.76
8691,417.68152621752154,50,-1,32,427893,427852,427902,427870,427896,191.731884057971,26,-1.0,41,9,2034.0,True,True,bp,-2.76
8692,508.52181640932463,65,-32,17,427943,427902,427967,427921,427964,44.71645021645021,43,-1070.0,41,24,1296.0,False,False,bp,-2.76
8693,842.7624901128329,51,-3,-21,427982,427967,428018,427975,428004,163.3766233766234,29,-2345.0,15,36,3808.0,True,False,bp,-2.76
8694,472.23477717753474,52,-10,24,428056,428018,428070,428030,428065,59.891025641025635,35,-587.0,38,14,1620.0,False,False,bp,-2.76
8695,294.1102358962965,98,-53,48,428143,428070,428168,428090,428161,49.962788259958074,71,-3325.0,73,25,1823.0,False,False,bp,-2.76
8696,236.30300422485286,33,-1,5,428187,428168,428201,428179,428192,154.55,13,-3318.0,19,14,2168.0,True,False,bp,-2.76
8697,346.79813157155183,51,6,-35,428209,428201,428252,428204,428227,127.41666666666669,23,-3157.0,8,43,4238.0,False,False,bp,-2.76
8698,696.5154457976769,50,-6,-28,428263,428252,428302,428256,428293,99.0047619047619,37,-706.0,11,39,2877.0,False,False,bp,-2.76
8699,269.46084645269605,85,-10,31,428360,428302,428387,428324,428371,42.87626262626263,47,-905.0,58,27,878.0,False,False,bp,-2.76
8700,729.078790361262,64,-12,16,428427,428387,428451,428408,428438,114.96889952153109,30,-3582.0,40,24,2894.0,False,False,bp,-2.76
8701,659.5582593609538,66,13,-26,428471,428451,428517,428456,428487,106.50416666666666,31,-2718.0,20,46,3224.0,True,True,bp,-2.76
8702,742.9449103242978,65,30,-17,429859,429835,429900,429852,429864,177.1714285714286,12,328.0,24,41,2184.0,True,True,bp,-3.265625
8703,839.8309338887192,51,50,-27,429912,429900,429951,429906,429929,140.22058823529414,23,45.0,12,39,2620.0,True,False,bp,-3.265625
8704,1369.0191087528929,84,10,34,430010,429951,430035,430002,430019,236.45833333333331,17,-268.0,59,25,4815.0,False,False,bp,-3.265625
8705,633.7841953035896,50,-2,-2,430059,430035,430085,430046,430072,28.461538461538463,26,3563.0,24,26,1283.0,False,False,bp,-3.265625
8706,3299.2956462413345,50,5,-2,430109,430085,430135,430096,430124,285.08717948717947,28,-3118.0,24,26,7469.0,False,False,bp,-3.265625
8707,1748.042735183031,83,3,5,430179,430135,430218,430157,430195,127.6818181818182,38,19.0,44,39,4780.0,True,True,bp,-3.265625
8708,818.4834162462137,50,12,2,430244,430218,430268,430236,430255,137.3693181818182,19,2065.0,26,24,1583.0,True,True,bp,-3.265625
8709,1312.46004414991,67,-1,5,430304,430268,430335,430286,430319,103.21666666666668,33,1260.0,36,31,4109.0,True,True,bp,-3.265625
8710,1400.8585226231874,82,8,2,430377,430335,430417,430351,430395,126.40598290598291,44,-610.0,42,40,5454.0,True,True,bp,-3.265625
8711,1107.2302021149997,67,38,19,430460,430417,430484,430447,430466,169.30769230769232,19,1144.0,43,24,2678.0,False,False,bp,-3.265625
8712,3061.182776611989,84,21,26,430539,430484,430568,430523,430547,276.09375,24,-2958.0,55,29,6093.0,False,False,bp,-3.265625
8713,2702.0541657355625,67,6,17,430610,430568,430635,430592,430621,235.4570707070707,29,-2401.0,42,25,6959.0,True,True,bp,-3.265625
8714,2391.136914240072,62,-4,20,430676,430635,430697,430656,430682,237.225,26,-2091.0,41,21,3908.0,False,False,bp,-3.265625
8715,750.8338979498668,54,15,-20,430714,430697,430751,430704,430728,95.75,24,-55.0,17,37,3146.0,False,False,bp,-3.265625
8716,1148.888503412996,51,-5,11,430782,430751,430802,430767,430795,109.43589743589745,28,530.0,31,20,2566.0,True,True,bp,-3.265625
8717,708.5801967364963,48,-3,6,430829,430802,430850,430818,430838,133.58080808080808,20,-85.0,27,21,1550.0,False,False,bp,-3.265625
8718,1395.2182528615576,68,5,-42,430863,430850,430918,430855,430886,179.54891304347825,31,-2431.0,13,55,4729.0,False,False,bp,-3.265625
8719,750.0114958565233,33,17,-15,430927,430918,430951,430922,430937,197.1,15,-99.0,9,24,1304.0,True,False,bp,-3.265625
8720,526.6512659271435,50,10,0,430976,430951,431001,430969,430989,98.85714285714286,20,-817.0,25,25,1447.0,False,False,bp,-3.265625
8721,2329.55704580121,66,7,-12,431028,431001,431067,431019,431050,168.68686868686868,31,-2661.0,27,39,6500.0,False,False,bp,-3.265625
8722,2424.3738031715397,84,3,0,431109,431067,431151,431088,431127,176.86111111111111,39,-3042.0,42,42,7536.0,True,True,bp,-3.265625
8723,1125.980633641652,66,-25,18,431193,431151,431217,431169,431207,95.75595238095238,38,-659.0,42,24,2389.0,False,False,bp,-3.265625
8724,490.5086835760279,35,0,-17,431226,431217,431252,431220,431243,164.37745098039215,23,-504.0,9,26,2881.0,True,False,bp,-3.265625
8725,904.3206749390037,90,-14,-8,431293,431252,431342,431266,431324,73.02927120669057,58,-689.0,41,49,5381.0,True,False,bp,-3.265625
8726,2827.194461306279,76,19,2,431381,431342,431418,431368,431395,207.68131868131863,27,-1348.0,39,37,5711.0,True,True,bp,-3.265625
8727,2788.2077765128947,84,14,10,431465,431418,431502,431441,431477,254.89583333333331,36,-3451.0,47,37,8229.0,True,True,bp,-3.265625
8728,1610.5338610371634,65,-2,15,431542,431502,431567,431527,431558,107.02291666666666,31,351.0,40,25,1941.0,False,False,bp,-3.265625
8729,1273.1885971835366,67,8,-15,431593,431567,431634,431587,431616,253.68840579710144,29,-2309.0,26,41,5074.0,False,False,bp,-3.265625
8730,320.74635420756215,38,12,14,431660,431634,431672,431653,431663,170.88095238095238,10,941.0,26,12,1336.0,False,False,bp,-3.265625
8731,748.5967339010273,63,-19,11,431709,431672,431735,431685,431722,77.45352564102564,37,-1132.0,37,26,1631.0,False,False,bp,-3.265625
8732,277.5453242179326,33,-10,15,431759,431735,431768,431740,431765,59.127192982456144,25,-2122.0,24,9,767.0,False,False,bp,-3.265625
8733,570.4195311062422,40,5,10,431793,431768,431808,431780,431797,120.23076923076924,17,-3683.0,25,15,1794.0,False,False,bp,-3.265625
8734,272.2297412059198,43,1,-7,431826,431808,431851,431819,431838,122.38690476190477,19,-2951.0,18,25,2175.0,False,False,bp,-3.265625
8735,373.29324447551727,34,20,-8,431864,431851,431885,431858,431868,187.41666666666669,10,-2212.0,13,21,2085.0,True,True,bp,-3.265625
8736,612.2264529207977,48,21,2,431910,431885,431933,431898,431917,182.16666666666663,19,-2539.0,25,23,2280.0,True,True,bp,-3.265625
8737,282.52805036254034,51,-3,35,431976,431933,431984,431957,431979,148.67543859649123,22,-2988.0,43,8,1416.0,True,True,bp,-3.265625
8738,605.3660161527138,62,-4,20,432025,431984,432046,431998,432029,128.9212962962963,31,-3183.0,41,21,2326.0,True,True,bp,-3.265625
8739,411.4195198190584,39,23,-3,432064,432046,432085,432056,432072,72.4375,16,-2219.0,18,21,1047.0,False,False,bp,-3.265625
8740,226.68646224680248,85,-7,-3,432126,432085,432170,432111,432149,77.43913043478261,38,-4971.0,41,44,1741.0,False,False,bp,-3.265625
8741,774.025622129447,59,17,-13,432193,432170,432229,432180,432205,115.73076923076924,25,-5498.0,23,36,3269.0,False,False,bp,-3.265625
8742,366.67790324361505,40,0,20,432259,432229,432269,432247,432260,91.375,13,-3450.0,30,10,1232.0,False,False,bp,-3.265625
8743,44.530435704899,36,29,-24,432275,432269,432305,432273,432279,210.0,6,-3240.0,6,30,1425.0,True,False,bp,-3.265625
8744,532.6386152508549,29,12,5,432322,432305,432334,432314,432328,76.33333333333334,14,-3045.0,17,12,1799.0,False,False,bp,-3.265625
8745,858.8719738960167,51,7,1,432360,432334,432385,432354,432370,237.65,16,-4905.0,26,25,1879.0,False,False,bp,-3.265625
8746,1006.6564802280693,46,-15,-6,432405,432385,432431,432393,432421,108.59375,28,-4745.0,20,26,4298.0,False,False,bp,-3.265625
8747,463.60861606795515,37,-11,-3,432448,432431,432468,432434,432459,65.45129870129871,25,-2269.0,17,20,1245.0,False,False,bp,-3.265625
8748,206.7070429799113,34,4,-16,432477,432468,432502,432473,432488,231.51136363636363,15,-3202.0,9,25,1709.0,True,False,bp,-3.265625
8749,333.7296656120965,48,-17,8,432530,432502,432550,432507,432538,120.6983695652174,31,-3632.0,28,20,1673.0,True,False,bp,-3.265625
8750,222.15204205068676,34,9,-20,432557,432550,432584,432552,432570,103.53846153846158,18,-2981.0,7,27,1689.0,False,False,bp,-3.265625
8751,200.00054107922298,44,10,14,432613,432584,432628,432597,432616,131.98958333333331,19,-2101.0,29,15,1806.0,False,False,bp,-3.265625
8752,402.04374292351616,52,4,20,432664,432628,432680,432645,432672,66.77302631578948,27,-2017.0,36,16,1289.0,True,False,bp,-3.265625
8753,216.02227790020626,87,0,-29,432709,432680,432767,432703,432739,90.16666666666669,36,-2414.0,29,58,1901.0,True,False,bp,-3.265625
8754,387.04874491973914,34,-2,18,432793,432767,432801,432775,432798,94.23888888888888,23,-2833.0,26,8,1664.0,True,False,bp,-3.265625
8755,654.8277757403464,53,6,-1,432827,432801,432854,432819,432839,152.1875,20,-4407.0,26,27,1589.0,False,False,bp,-3.265625
8756,456.86235290763335,47,-1,-3,432876,432854,432901,432865,432885,165.95454545454544,20,-4706.0,22,25,2901.0,True,True,bp,-3.265625
8757,556.7965731091234,68,-9,-16,432927,432901,432969,432904,432947,68.8054347826087,43,-3727.0,26,42,3552.0,True,True,bp,-3.265625
8758,547.8379607932134,49,-12,-1,432993,432969,433018,432981,433010,57.33333333333334,29,-2402.0,24,25,1422.0,True,True,bp,-3.265625
8759,589.2289056258834,60,-9,-20,433038,433018,433078,433027,433061,50.69565217391305,34,-2286.0,20,40,3570.0,False,False,bp,-3.265625
8760,510.822343074563,28,20,2,433093,433078,433106,433086,433098,82.98571428571428,12,-283.0,15,13,475.0,False,False,bp,-3.265625
8761,439.66751172807227,76,17,-8,433140,433106,433182,433130,433153,94.83846153846152,23,-3175.0,34,42,2952.0,False,False,bp,-3.265625
8762,1089.449263931565,48,-2,0,433206,433182,433230,433193,433219,104.65384615384615,26,-2777.0,24,24,2337.0,True,True,bp,-3.265625
8763,2791.6218736421997,67,13,-15,429844,429818,429885,429834,429861,245.7205882352941,27,-5537.0,26,41,6808.0,True,True,bp,-3.265625
8764,2310.305144226929,51,13,-3,429909,429885,429936,429901,429928,207.21052631578945,27,-2954.0,24,27,4892.0,True,True,bp,-3.265625
8765,1770.4450193930206,82,27,2,429978,429936,430018,429968,429984,301.9666666666667,16,-3931.0,42,40,3537.0,False,False,bp,-3.265625
8766,886.8288887459391,48,21,2,430043,430018,430066,430027,430049,131.17708333333331,22,-1874.0,25,23,3040.0,False,False,bp,-3.265625
8767,1400.8707906950474,70,-7,20,430111,430066,430136,430092,430126,110.5280701754386,34,-2128.0,45,25,3960.0,True,True,bp,-3.265625
8768,2212.358600928404,65,0,15,430176,430136,430201,430153,430181,277.0782608695652,28,-2186.0,40,25,5056.0,True,True,bp,-3.265625
8769,1735.275410206289,66,24,-26,430221,430201,430267,430209,430231,169.06666666666666,22,-693.0,20,46,3894.0,True,True,bp,-3.265625
8770,2306.543645967682,51,0,1,430293,430267,430318,430277,430309,159.03125,32,-1760.0,26,25,5422.0,True,True,bp,-3.265625
8771,1749.220775584104,66,-17,16,430359,430318,430384,430341,430374,132.57777777777778,33,-2045.0,41,25,2837.0,False,False,bp,-3.265625
8772,842.7189369844609,51,14,-23,430398,430384,430435,430390,430411,170.39903846153842,21,-2408.0,14,37,3786.0,True,True,bp,-3.265625
8773,3317.5918545942686,49,12,-7,430456,430435,430484,430446,430468,293.0083333333333,22,-3717.0,21,28,8064.0,True,True,bp,-3.265625
8774,3009.2290491305907,51,-2,7,430513,430484,430535,430502,430522,317.5353535353535,20,-4439.0,29,22,4309.0,False,False,bp,-3.265625
8775,586.5416681384445,44,-6,-16,430549,430535,430579,430540,430566,61.66993464052288,26,-1193.0,14,30,2400.0,False,False,bp,-3.265625
8776,1807.335765251304,55,12,-27,430593,430579,430634,430586,430612,158.0563909774436,26,-1385.0,14,41,4565.0,False,False,bp,-3.265625
8777,4001.429307998296,66,6,-14,430660,430634,430700,430650,430675,399.2833333333333,25,-6245.0,26,40,9256.0,False,False,bp,-3.265625
8778,1295.2104863522625,51,-12,-5,430723,430700,430751,430706,430736,113.35746606334844,30,-841.0,23,28,1497.0,False,False,bp,-3.265625
8779,709.5715164705892,47,6,-29,430760,430751,430798,430754,430783,114.68115942028984,29,-903.0,9,38,3342.0,False,False,bp,-3.265625
8780,1732.1206311674548,66,-9,24,430843,430798,430864,430818,430849,196.86,31,-2449.0,45,21,4198.0,True,False,bp,-3.265625
8781,943.022238710833,54,-14,-30,430876,430864,430918,430871,430904,143.13571428571427,33,-688.0,12,42,2363.0,True,False,bp,-3.265625
8782,712.1282685012877,49,-14,-9,430938,430918,430967,430923,430954,83.07291666666666,31,-1166.0,20,29,1435.0,True,True,bp,-3.265625
8783,556.1658242138736,33,8,-13,430977,430967,431000,430971,430988,147.6439393939394,17,-2290.0,10,23,2087.0,True,True,bp,-3.265625
8784,905.8735058806667,52,16,0,431026,431000,431052,431013,431033,171.10989010989013,20,-1536.0,26,26,3758.0,False,False,bp,-3.265625
8785,902.322475384651,49,-10,1,431077,431052,431101,431069,431096,133.29934210526315,27,-1410.0,25,24,1122.0,False,False,bp,-3.265625
8786,1418.6871803463116,51,5,-1,431126,431101,431152,431113,431139,173.6923076923077,26,-2174.0,25,26,5940.0,False,False,bp,-3.265625
8787,3902.349860236566,65,6,3,431186,431152,431217,431170,431198,290.20833333333337,28,-4275.0,34,31,8008.0,True,True,bp,-3.265625
8788,2586.244809235141,83,14,-39,431239,431217,431300,431232,431262,293.72049689440985,30,-2789.0,22,61,4705.0,True,True,bp,-3.265625
8789,2263.346991676306,52,1,-14,431319,431300,431352,431306,431331,167.42948717948718,25,-1770.0,19,33,4903.0,True,True,bp,-3.265625
8790,1599.0919668381832,50,-19,2,431378,431352,431402,431357,431395,100.35294117647058,38,208.0,26,24,4045.0,True,True,bp,-3.265625
8791,679.4699297675406,49,-1,1,431427,431402,431451,431414,431439,74.57692307692308,25,1169.0,25,24,550.0,False,False,bp,-3.265625
8792,748.0170361745021,50,-7,2,431477,431451,431501,431463,431494,72.26890756302521,31,-170.0,26,24,2724.0,False,False,bp,-3.265625
8793,1192.0776646482095,51,-14,5,431529,431501,431552,431518,431547,114.1818181818182,29,-877.0,28,23,2386.0,True,True,bp,-3.265625
8794,226.07867386647828,33,3,15,431576,431552,431585,431562,431580,103.875,18,183.0,24,9,1683.0,True,False,bp,-3.265625
8795,669.3733924468132,66,-14,16,431626,431585,431651,431601,431644,83.50888888888889,43,-726.0,41,25,3348.0,True,False,bp,-3.265625
8796,1141.225824139432,66,6,8,431688,431651,431717,431673,431696,116.90416666666668,23,-381.0,37,29,2345.0,True,False,bp,-3.265625
8797,1150.5257650729602,35,0,15,431742,431717,431752,431725,431745,180.11764705882354,20,-1766.0,25,10,1942.0,True,False,bp,-3.265625
8798,185.774163962884,50,3,-2,431776,431752,431802,431765,431788,2.9204545454545467,23,-877.0,24,26,1174.0,False,False,bp,-3.265625
8799,920.5332349657104,67,-16,15,431843,431802,431869,431814,431855,94.1882183908046,41,-3448.0,41,26,3833.0,False,False,bp,-3.265625
8800,1497.0319361565575,48,21,0,431893,431869,431917,431880,431900,140.36813186813185,20,-2992.0,24,24,2984.0,True,True,bp,-3.265625
8801,540.038644834433,67,8,17,431959,431917,431984,431941,431973,68.65873015873015,32,-3191.0,42,25,2326.0,True,True,bp,-3.265625
8802,673.1724685538749,64,8,20,432026,431984,432048,432013,432031,198.6923076923077,18,-2843.0,42,22,2492.0,True,True,bp,-3.265625
8803,476.2474189633255,37,-12,19,432076,432048,432085,432057,432080,97.05263157894736,23,-2582.0,28,9,1073.0,False,False,bp,-3.265625
8804,254.6435256279176,63,-10,-5,432114,432085,432148,432091,432126,43.86594202898551,35,-3584.0,29,34,928.0,False,False,bp,-3.265625
8805,164.42914640880863,37,-12,-15,432159,432148,432185,432151,432176,25.724264705882355,25,-3357.0,11,26,1419.0,False,False,bp,-3.265625
8806,630.2125659469033,66,-22,-18,432209,432185,432251,432189,432236,68.21481481481483,47,-4402.0,24,42,2924.0,True,True,bp,-3.265625
8807,433.29450222996485,34,3,6,432271,432251,432285,432261,432277,80.36666666666667,16,-3695.0,20,14,1108.0,False,False,bp,-3.265625
8808,278.2211068965638,46,3,4,432310,432285,432331,432296,432315,106.24285714285713,19,-3952.0,25,21,2145.0,False,False,bp,-3.265625
8809,349.7330300524401,37,2,-15,432342,432331,432368,432337,432361,85.03684210526316,24,-2867.0,11,26,3092.0,False,False,bp,-3.265625
8810,1060.8387281203754,66,-5,16,432409,432368,432434,432387,432422,115.84965034965036,35,-2049.0,41,25,4178.0,True,True,bp,-3.265625
8811,860.5069348828763,50,22,-4,432457,432434,432484,432452,432469,279.73333333333335,17,-1984.0,23,27,1516.0,False,False,bp,-3.265625
8812,1084.3050423523173,64,9,8,432520,432484,432548,432508,432531,145.4810606060606,23,-4135.0,36,28,3066.0,False,False,bp,-3.265625
8813,491.6487639832782,53,-12,1,432575,432548,432601,432563,432589,31.708333333333336,26,-2349.0,27,26,1307.0,False,False,bp,-3.265625
8814,390.4637676542218,28,-18,-20,432605,432601,432629,432603,432628,107.25,25,-1838.0,4,24,81.0,False,False,bp,-3.265625
8815,891.8662765693621,39,-2,-11,432643,432629,432668,432635,432654,167.4659090909091,19,-4896.0,14,25,2556.0,False,False,bp,-3.265625
8816,152.53199080694856,27,38,-9,432677,432668,432695,432671,432681,204.16666666666669,10,-4444.0,9,18,1894.0,False,False,bp,-3.265625
8817,743.3738351723426,85,-29,43,432759,432695,432780,432729,432770,127.1,41,-7623.0,64,21,2479.0,False,False,bp,-3.265625
8818,435.2155205422017,44,-8,-24,432790,432780,432824,432782,432814,109.66666666666666,32,-6632.0,10,34,2296.0,True,False,bp,-3.265625
8819,451.18803416900766,44,-7,20,432856,432824,432868,432838,432859,174.69444444444446,21,-7318.0,32,12,2041.0,True,False,bp,-3.265625
8820,306.0046784863985,33,-10,-17,432876,432868,432901,432873,432898,150.58333333333331,25,-6454.0,8,25,3513.0,False,False,bp,-3.265625
8821,650.2739867723251,63,-11,-13,432926,432901,432964,432913,432947,81.17582417582419,34,-5132.0,25,38,4094.0,False,False,bp,-3.265625
8822,311.1685888215359,37,16,-13,432976,432964,433001,432970,432980,265.0,10,-2897.0,12,25,2719.0,False,False,bp,-3.265625
8823,349.20601689417754,34,10,-18,433009,433001,433035,433006,433020,224.16666666666663,14,-2043.0,8,26,1411.0,True,True,bp,-3.265625
8824,48.34891883923415,32,1,4,433053,433035,433067,433044,433065,23.027777777777782,21,-2023.0,18,14,360.0,False,False,bp,-3.265625
8825,221.03841659357968,64,-15,36,433117,433067,433131,433087,433124,79.10238095238095,37,-4558.0,50,14,1747.0,False,False,bp,-3.265625
8826,355.06280094934334,42,6,16,433160,433131,433173,433146,433164,182.4642857142857,18,-4681.0,29,13,2622.0,True,True,bp,-3.265625
8827,259.4657360044203,49,-10,13,433204,433173,433222,433188,433214,39.95625,26,-4109.0,31,18,1713.0,True,True,bp,-3.265625
8828,557.644465669158,84,-29,28,434706,434650,434734,434663,434716,86.69767441860466,53,-1274.0,56,28,2701.0,True,False,bp,-3.7872340425531914
8829,1768.798730151174,51,-14,1,434760,434734,434785,434740,434776,117.86875,36,-1386.0,26,25,5524.0,True,True,bp,-3.7872340425531914
8830,973.0381705356407,49,-8,-1,434809,434785,434834,434798,434822,93.04895104895105,24,554.0,24,25,1373.0,False,False,bp,-3.7872340425531914
8831,793.057417735884,50,-17,-32,434843,434834,434884,434838,434872,166.7206896551724,34,-685.0,9,41,3503.0,True,True,bp,-3.7872340425531914
8832,672.7908393801305,34,0,-14,434894,434884,434918,434889,434912,120.62777777777777,23,1053.0,10,24,2328.0,True,False,bp,-3.7872340425531914
8833,677.5681168966354,87,-7,-37,434943,434918,435005,434935,434983,96.975,48,1182.0,25,62,4137.0,False,False,bp,-3.7872340425531914
8834,3911.177621212418,62,3,0,435036,435005,435067,435024,435046,360.4083333333333,22,-3355.0,31,31,6908.0,False,False,bp,-3.7872340425531914
8835,1461.4778639330343,84,7,-58,435080,435067,435151,435071,435115,143.6126984126984,44,410.0,13,71,6259.0,False,False,bp,-3.7872340425531914
8836,2965.9681778493505,66,17,-14,435177,435151,435217,435166,435189,275.77651515151507,23,-1261.0,26,40,4674.0,True,True,bp,-3.7872340425531914
8837,3147.9552594144548,56,-3,-6,435242,435217,435273,435229,435259,244.36877828054298,30,-3489.0,25,31,7389.0,False,False,bp,-3.7872340425531914
8838,1262.0004056783505,39,27,1,435293,435273,435312,435286,435295,222.53571428571428,9,296.0,20,19,942.0,False,False,bp,-3.7872340425531914
8839,1173.5750588763808,72,16,-8,435344,435312,435384,435331,435361,115.82805429864254,30,-1022.0,32,40,5029.0,False,False,bp,-3.7872340425531914
8840,2910.8079206994844,66,-1,16,435425,435384,435450,435407,435434,251.5833333333333,27,-1794.0,41,25,6285.0,True,True,bp,-3.7872340425531914
8841,1668.2290249305588,56,30,-4,435476,435450,435506,435460,435483,167.63839285714286,23,-452.0,26,30,2240.0,False,False,bp,-3.7872340425531914
8842,441.6365595770284,92,-3,-20,435542,435506,435598,435536,435571,119.816091954023,35,-41.0,36,56,4082.0,False,False,bp,-3.7872340425531914
8843,510.09334430176165,58,32,-34,435610,435598,435656,435603,435624,97.17857142857143,21,2635.0,12,46,2243.0,False,False,bp,-3.7872340425531914
8844,692.8251713683653,62,-17,44,435709,435656,435718,435677,435712,180.24479166666663,35,1173.0,53,9,2274.0,True,False,bp,-3.7872340425531914
8845,542.855450691125,47,-8,3,435743,435718,435765,435730,435757,94.02747252747251,27,1091.0,25,22,1605.0,True,True,bp,-3.7872340425531914
8846,156.7264215693476,36,-1,16,435791,435765,435801,435776,435798,59.46666666666667,22,1435.0,26,10,1175.0,False,False,bp,-3.7872340425531914
8847,851.9589606498837,50,14,8,435830,435801,435851,435819,435842,93.01515151515152,23,113.0,29,21,1795.0,False,False,bp,-3.7872340425531914
8848,759.5344614027609,66,-9,26,435897,435851,435917,435879,435905,78.58333333333334,26,-2152.0,46,20,1147.0,False,False,bp,-3.7872340425531914
8849,891.0769951815034,50,16,0,435942,435917,435967,435922,435951,142.57777777777778,29,-4566.0,25,25,2429.0,False,False,bp,-3.7872340425531914
8850,466.47958161173716,83,-15,3,436010,435967,436050,435996,436036,42.89010989010988,40,-4292.0,43,40,2294.0,True,True,bp,-3.7872340425531914
8851,432.4111767181354,117,-25,-65,436076,436050,436167,436061,436129,55.59496855345913,68,-4097.0,26,91,4938.0,False,False,bp,-3.7872340425531914
8852,886.6203582806592,38,-5,14,436193,436167,436205,436172,436198,122.70476190476192,26,-1548.0,26,12,2029.0,False,False,bp,-3.7872340425531914
8853,313.8285895025327,29,2,11,436225,436205,436234,436219,436230,209.96666666666667,11,-1488.0,20,9,2361.0,True,True,bp,-3.7872340425531914
8854,230.16749971911582,29,10,13,436255,436234,436263,436243,436260,77.975,17,-939.0,21,8,1210.0,False,False,bp,-3.7872340425531914
8855,250.4841166709752,70,-14,28,436312,436263,436333,436287,436327,47.03333333333333,40,-3053.0,49,21,988.0,False,False,bp,-3.7872340425531914
8856,424.44941321027846,69,28,-13,436361,436333,436402,436353,436376,99.1375,23,-4212.0,28,41,1480.0,False,False,bp,-3.7872340425531914
8857,446.45002306950835,82,5,-2,436442,436402,436484,436427,436463,80.12380952380951,36,-5486.0,40,42,2915.0,True,True,bp,-3.7872340425531914
8858,1000.971090764304,56,-17,28,434759,434717,434773,434729,434765,168.28333333333333,36,-2068.0,42,14,3064.0,False,False,bp,-3.7872340425531914
8859,693.2239626442018,61,-4,3,434805,434773,434834,434784,434814,103.67460317460319,30,67.0,32,29,3285.0,False,False,bp,-3.7872340425531914
8860,821.3167197049365,67,-40,-15,434860,434834,434901,434840,434893,75.0030303030303,53,135.0,26,41,3920.0,True,True,bp,-3.7872340425531914
8861,1043.8154097515044,50,2,-2,434925,434901,434951,434906,434930,169.81052631578947,24,766.0,24,26,3076.0,False,False,bp,-3.7872340425531914
8862,1066.4343136205346,49,2,-31,434960,434951,435000,434956,434980,125.3,24,2541.0,9,40,3381.0,False,False,bp,-3.7872340425531914
8863,2496.536262240197,48,10,-4,435022,435000,435048,435006,435030,196.375,24,1241.0,22,26,4029.0,True,True,bp,-3.7872340425531914
8864,1547.80692693543,70,-29,18,435092,435048,435118,435064,435109,124.94117647058823,45,-935.0,44,26,5086.0,True,True,bp,-3.7872340425531914
8865,1539.6450993853146,66,-5,-20,435141,435118,435184,435125,435160,121.72203947368422,35,-265.0,23,43,4045.0,True,True,bp,-3.7872340425531914
8866,1378.649136936384,50,-14,8,435213,435184,435234,435190,435221,146.84782608695653,31,389.0,29,21,3331.0,False,False,bp,-3.7872340425531914
8867,892.2425246650745,48,-1,2,435259,435234,435282,435238,435263,133.17857142857142,25,2105.0,25,23,2119.0,False,False,bp,-3.7872340425531914
8868,230.55995534323853,25,10,-3,435293,435282,435307,435287,435297,194.8333333333333,10,2001.0,11,14,1626.0,True,False,bp,-3.7872340425531914
8869,1535.9639901334879,44,25,-14,435322,435307,435351,435317,435332,271.3,15,447.0,15,29,4191.0,True,False,bp,-3.7872340425531914
8870,1169.574278066793,83,-7,-1,435392,435351,435434,435372,435417,87.735,45,1215.0,41,42,4544.0,True,False,bp,-3.7872340425531914
8871,2096.386333285036,54,-3,30,435476,435434,435488,435455,435480,271.42261904761904,25,-713.0,42,12,3234.0,False,False,bp,-3.7872340425531914
8872,490.0583290314399,46,-16,6,435514,435488,435534,435502,435530,45.27083333333334,28,1986.0,26,20,2045.0,False,False,bp,-3.7872340425531914
8873,1359.3849583579065,65,-28,17,435575,435534,435599,435542,435588,131.22494172494171,46,143.0,41,24,5134.0,True,True,bp,-3.7872340425531914
8874,1932.596446394691,49,8,-5,435621,435599,435648,435606,435629,197.94583333333333,23,347.0,22,27,3927.0,True,True,bp,-3.7872340425531914
8875,920.2640697606427,50,-7,6,435676,435648,435698,435660,435687,83.36079545454545,27,2059.0,28,22,2841.0,True,True,bp,-3.7872340425531914
8876,1079.9231723752448,52,-2,4,435726,435698,435750,435707,435732,139.08771929824562,25,414.0,28,24,2300.0,True,True,bp,-3.7872340425531914
8877,1187.7231776404392,50,18,-28,435761,435750,435800,435755,435788,181.48148148148152,33,-417.0,11,39,4551.0,True,False,bp,-3.7872340425531914
8878,928.1492366649403,68,2,50,435859,435800,435868,435839,435861,158.35,22,650.0,59,9,1671.0,False,False,bp,-3.7872340425531914
8879,704.1480166908459,61,-16,21,435909,435868,435929,435885,435919,82.19166666666666,34,-2535.0,41,20,1027.0,False,False,bp,-3.7872340425531914
8880,479.95156322800216,72,28,-46,435942,435929,436001,435937,435960,163.73888888888888,23,-3054.0,13,59,4665.0,False,False,bp,-3.7872340425531914
8881,370.3055112193026,51,-8,9,436031,436001,436052,436011,436041,-19.95,30,-305.0,30,21,1539.0,False,False,bp,-3.7872340425531914
8882,534.8352930207644,111,11,-37,436089,436052,436163,436063,436112,75.40886287625419,49,-2479.0,37,74,3911.0,False,False,bp,-3.7872340425531914
8883,781.7397770158229,37,11,-11,436176,436163,436200,436172,436187,284.5113636363636,15,-1029.0,13,24,2634.0,True,False,bp,-3.7872340425531914
8884,749.6057632335828,50,9,-6,436222,436200,436250,436213,436236,111.0198412698413,23,-813.0,22,28,2798.0,True,False,bp,-3.7872340425531914
8885,612.3663069542483,84,-24,4,436294,436250,436334,436268,436319,65.18538461538462,51,-285.0,44,40,2344.0,True,False,bp,-3.7872340425531914
8886,748.9417147391922,40,6,10,436359,436334,436374,436346,436363,163.83653846153842,17,-1154.0,25,15,1291.0,False,False,bp,-3.7872340425531914
8887,145.43936453250356,27,7,3,436389,436374,436401,436386,436397,156.375,11,-1119.0,15,12,1685.0,True,False,bp,-3.7872340425531914
8888,717.0906135654509,63,-9,21,436443,436401,436464,436415,436447,137.60714285714286,32,-2149.0,42,21,1944.0,True,False,bp,-3.7872340425531914
8889,1174.7643552594036,82,16,2,438477,438435,438517,438451,438488,106.8111888111888,37,1194.0,42,40,3442.0,True,True,bp,-2.6379310344827585
8890,1488.183395237589,100,11,-14,438560,438517,438617,438541,438576,142.9325657894737,35,-119.0,43,57,4672.0,False,False,bp,-2.6379310344827585
8891,391.54335155998825,34,-18,10,438639,438617,438651,438622,438648,47.029411764705884,26,2879.0,22,12,1018.0,False,False,bp,-2.6379310344827585
8892,1225.0251049864892,49,2,-25,438663,438651,438700,438656,438688,142.34285714285716,32,881.0,12,37,3497.0,False,False,bp,-2.6379310344827585
8893,2076.1008834719773,68,9,16,438742,438700,438768,438722,438751,185.06944444444446,29,565.0,42,26,5114.0,True,True,bp,-2.6379310344827585
8894,1626.957371055804,98,6,-18,438808,438768,438866,438789,438827,137.81578947368422,38,-386.0,40,58,4197.0,False,False,bp,-2.6379310344827585
8895,319.1322568830141,19,14,1,438876,438866,438885,438871,438880,186.325,9,2289.0,10,9,1963.0,False,False,bp,-2.6379310344827585
8896,988.3878702046795,49,18,25,438922,438885,438934,438903,438929,71.96616541353383,26,2394.0,37,12,1694.0,False,False,bp,-2.6379310344827585
8897,2360.196516657452,118,24,-4,438991,438934,439052,438973,439010,189.5716374269006,37,-2176.0,57,61,7978.0,False,False,bp,-2.6379310344827585
8898,2439.1895009642844,66,8,6,439088,439052,439118,439071,439104,161.5625,33,303.0,36,30,4678.0,True,False,bp,-2.6379310344827585
8899,2636.3970211404835,83,17,23,439171,439118,439201,439145,439181,239.0576923076923,36,-3326.0,53,30,7118.0,True,True,bp,-2.6379310344827585
8900,1427.8131648172796,100,41,-16,439243,439201,439301,439234,439256,182.482905982906,22,-650.0,42,58,3461.0,True,False,bp,-2.6379310344827585
8901,1121.82171274354,50,7,0,439326,439301,439351,439319,439343,113.97478991596641,24,816.0,25,25,2875.0,True,False,bp,-2.6379310344827585
8902,1145.360768180585,50,7,24,439388,439351,439401,439374,439395,132.21428571428572,21,1132.0,37,13,2635.0,True,True,bp,-2.6379310344827585
8903,523.2552664089037,50,-5,32,439442,439401,439451,439423,439448,84.80263157894737,25,450.0,41,9,991.0,False,False,bp,-2.6379310344827585
8904,195.93139367168232,51,-26,41,439497,439451,439502,439468,439499,189.6034482758621,31,-475.0,46,5,1560.0,False,False,bp,-2.6379310344827585
8905,200.50660985944148,49,-34,-9,439522,439502,439551,439504,439547,29.598888888888887,43,428.0,20,29,1897.0,False,False,bp,-2.6379310344827585
8906,773.4708203839392,53,-16,-1,439577,439551,439604,439556,439595,55.67460317460318,39,-158.0,26,27,2136.0,True,True,bp,-2.6379310344827585
8907,603.1625742350102,47,25,-5,439625,439604,439651,439618,439630,185.17142857142858,12,-202.0,21,26,1716.0,True,True,bp,-2.6379310344827585
8908,910.8343538282933,48,14,0,439675,439651,439699,439667,439684,158.63194444444446,17,-1312.0,24,24,2134.0,True,True,bp,-2.6379310344827585
8909,292.59551326416624,54,4,32,439742,439699,439753,439715,439743,88.29629629629629,28,-1727.0,43,11,452.0,False,False,bp,-2.6379310344827585
8910,315.5273070673617,44,-11,34,439792,439753,439797,439775,439794,230.66176470588238,19,-3424.0,39,5,1614.0,False,False,bp,-2.6379310344827585
8911,232.87536508747348,37,-16,-3,439814,439797,439834,439802,439828,39.07738095238096,26,-2677.0,17,20,965.0,False,False,bp,-2.6379310344827585
8912,104.9747596832962,34,15,-8,439847,439834,439868,439838,439855,41.819444444444436,17,-1979.0,13,21,1553.0,False,False,bp,-2.6379310344827585
8913,729.3907982449557,49,17,-1,439892,439868,439917,439887,439904,148.63333333333333,17,-2255.0,24,25,2179.0,True,True,bp,-2.6379310344827585
8914,360.09231542834266,61,4,35,439965,439917,439978,439938,439968,79.35185185185185,30,-3171.0,48,13,483.0,False,False,bp,-2.6379310344827585
8915,201.23325027123943,56,-3,6,440009,439978,440034,440002,440021,90.98214285714286,19,-4306.0,31,25,2045.0,False,False,bp,-2.6379310344827585
8916,295.92650246957965,65,13,-47,440043,440034,440099,440037,440071,100.82142857142857,34,-3548.0,9,56,3183.0,False,False,bp,-2.6379310344827585
8917,510.31381390381136,56,-12,32,440143,440099,440155,440118,440149,76.55333333333334,31,-2417.0,44,12,1659.0,True,True,bp,-2.6379310344827585
8918,563.4204526853916,79,-17,19,440204,440155,440234,440168,440213,122.02777777777777,45,-3437.0,49,30,3967.0,True,True,bp,-2.6379310344827585
8919,792.3525823777463,80,-27,8,440278,440234,440314,440241,440295,69.24085850556439,54,-3332.0,44,36,3328.0,False,False,bp,-2.6379310344827585
8920,298.0067274101586,70,-5,-46,440326,440314,440384,440322,440357,114.25,35,-1492.0,12,58,2555.0,False,False,bp,-2.6379310344827585
8921,430.18337454668915,28,16,-12,440392,440384,440412,440387,440395,285.8,8,-1252.0,8,20,1878.0,True,False,bp,-2.6379310344827585
8922,337.7707431252481,38,-1,-18,440422,440412,440450,440419,440436,173.17857142857144,17,-354.0,10,28,2420.0,False,False,bp,-2.6379310344827585
8923,221.1511471805289,34,-3,-16,440459,440450,440484,440452,440471,106.5654761904762,19,767.0,9,25,1613.0,False,False,bp,-2.6379310344827585
8924,456.8859583939754,66,-2,24,438445,438400,438466,438432,438457,110.14102564102564,25,-192.0,45,21,1253.0,False,False,bp,-2.6379310344827585
8925,581.5268470165729,51,2,1,438492,438466,438517,438480,438501,78.41666666666667,21,-1086.0,26,25,1882.0,True,True,bp,-2.6379310344827585
8926,750.1980516198294,84,-24,-24,438547,438517,438601,438524,438587,53.51521739130435,63,-1057.0,30,54,5120.0,False,False,bp,-2.6379310344827585
8927,2742.231004082043,65,16,17,438642,438601,438666,438626,438650,274.65625,24,-3783.0,41,24,5294.0,True,True,bp,-2.6379310344827585
8928,1151.2127429084035,101,-2,-25,438704,438666,438767,438690,438737,122.82251082251082,47,-2577.0,38,63,4840.0,True,False,bp,-2.6379310344827585
8929,2002.893148519268,51,22,-1,438792,438767,438818,438782,438808,166.11875,26,-2275.0,25,26,3800.0,True,False,bp,-2.6379310344827585
8930,1561.616792174135,82,2,32,438875,438818,438900,438856,438880,212.38421052631577,24,-2349.0,57,25,3434.0,True,True,bp,-2.6379310344827585
8931,961.978152965476,34,0,16,438925,438900,438934,438906,438930,104.92105263157896,24,-1698.0,25,9,1380.0,False,False,bp,-2.6379310344827585
8932,1332.254682306191,49,-6,9,438963,438934,438983,438954,438975,184.31944444444446,21,-3720.0,29,20,4260.0,False,False,bp,-2.6379310344827585
8933,1779.0848396521094,68,0,-16,439009,438983,439051,438990,439023,170.87030075187968,33,-2820.0,26,42,7058.0,False,False,bp,-2.6379310344827585
8934,403.04410451863856,33,6,-15,439060,439051,439084,439056,439070,161.825,14,2326.0,9,24,706.0,False,False,bp,-2.6379310344827585
8935,1271.748774946154,47,2,-7,439104,439084,439131,439090,439113,112.40079365079364,23,-596.0,20,27,1636.0,False,False,bp,-2.6379310344827585
8936,1008.8942625335134,55,-11,-7,439155,439131,439186,439138,439171,93.77205882352942,33,-2666.0,24,31,3497.0,False,False,bp,-2.6379310344827585
8937,1024.088967193402,48,9,-2,439209,439186,439234,439193,439215,167.27083333333331,22,-2360.0,23,25,3389.0,True,True,bp,-2.6379310344827585
8938,1381.900227563632,49,-10,1,439259,439234,439283,439246,439275,122.28605769230771,29,-2339.0,25,24,4086.0,True,True,bp,-2.6379310344827585
8939,840.1725454047096,40,10,8,439307,439283,439323,439294,439312,162.34615384615384,18,-946.0,24,16,2783.0,True,True,bp,-2.6379310344827585
8940,1179.8848393027652,58,-12,16,439360,439323,439381,439340,439369,133.05,29,-1786.0,37,21,3046.0,True,False,bp,-2.6379310344827585
8941,309.99831337689056,31,1,-9,439392,439381,439412,439386,439403,152.79545454545456,17,-867.0,11,20,2593.0,True,False,bp,-2.6379310344827585
8942,1211.974595852202,50,8,-20,439427,439412,439462,439421,439446,151.32894736842104,25,-938.0,15,35,2051.0,True,False,bp,-2.6379310344827585
8943,552.6946820776211,89,2,-27,439493,439462,439551,439479,439522,83.24384236453201,43,-2346.0,31,58,2888.0,True,False,bp,-2.6379310344827585
8944,814.7315917586666,67,-18,-11,439579,439551,439618,439567,439604,77.09666666666666,37,-965.0,28,39,2746.0,True,False,bp,-2.6379310344827585
8945,427.4238968531472,32,-9,-16,439626,439618,439650,439623,439643,154.97058823529414,20,225.0,8,24,2236.0,True,False,bp,-2.6379310344827585
8946,659.1474368763344,50,-3,0,439675,439650,439700,439654,439687,54.63095238095239,33,659.0,25,25,1921.0,True,True,bp,-2.6379310344827585
8947,742.3891028644204,40,12,14,439727,439700,439740,439717,439731,187.775,14,-433.0,27,13,1655.0,False,False,bp,-2.6379310344827585
8948,1072.6492184803287,63,10,9,439776,439740,439803,439757,439788,128.89692982456145,31,-2229.0,36,27,2882.0,False,False,bp,-2.6379310344827585
8949,1031.1621150833175,75,19,5,439843,439803,439878,439829,439847,245.03571428571428,18,-2809.0,40,35,3308.0,True,True,bp,-2.6379310344827585
8950,734.8585023770394,56,-23,-28,439892,439878,439934,439884,439926,93.98529411764706,42,-1603.0,14,42,3846.0,True,True,bp,-2.6379310344827585
8951,732.2624209628059,37,-4,15,439960,439934,439971,439945,439966,110.76666666666668,21,-403.0,26,11,2311.0,True,False,bp,-2.6379310344827585
8952,527.9058883168904,32,4,4,439989,439971,440003,439983,439996,185.26190476190484,13,-773.0,18,14,2471.0,True,True,bp,-2.6379310344827585
8953,726.0441893721054,48,0,-4,440025,440003,440051,440013,440037,129.75,24,-1399.0,22,26,2101.0,True,True,bp,-2.6379310344827585
8954,385.39791651588416,32,6,8,440071,440051,440083,440061,440075,146.1,14,-1555.0,20,12,1669.0,True,True,bp,-2.6379310344827585
8955,245.08775398457826,34,5,18,440109,440083,440117,440095,440112,187.78571428571428,17,-2037.0,26,8,2180.0,True,False,bp,-2.6379310344827585
8956,372.9040503397841,67,6,19,440160,440117,440184,440134,440163,174.82051282051282,29,-2687.0,43,24,2280.0,True,False,bp,-2.6379310344827585
8957,641.2128917063477,49,16,-7,440205,440184,440233,440198,440209,203.98214285714286,11,-1652.0,21,28,2882.0,False,False,bp,-2.6379310344827585
8958,255.14594676652888,17,12,3,440243,440233,440250,440236,440248,88.27142857142857,12,-146.0,10,7,711.0,False,False,bp,-2.6379310344827585
8959,999.9586125974944,50,-12,2,440276,440250,440300,440272,440294,185.04166666666663,22,-1593.0,26,24,3679.0,False,False,bp,-2.6379310344827585
8960,343.57745627186716,32,3,-4,440314,440300,440332,440304,440323,104.26666666666668,19,356.0,14,18,1931.0,False,False,bp,-2.6379310344827585
8961,214.46248903362914,35,1,19,440359,440332,440367,440345,440361,109.0,16,1850.0,27,8,1071.0,False,False,bp,-2.6379310344827585
8962,159.10451774129643,36,-4,12,440391,440367,440403,440378,440398,86.62087912087911,20,1546.0,24,12,1722.0,True,True,bp,-2.6379310344827585
8963,506.26364505745795,46,-9,2,440427,440403,440449,440414,440438,62.45454545454545,24,645.0,24,22,1873.0,True,False,bp,-2.6379310344827585
8964,405.4065990881549,25,33,-3,440460,440449,440474,440453,440463,235.2142857142857,10,280.0,11,14,2268.0,True,False,bp,-2.6379310344827585
8965,357.84879050974433,33,-10,-17,442259,442251,442284,442256,442278,77.08771929824562,22,2138.0,8,25,1407.0,False,False,bp,0.958904109589041
8966,603.2911789647433,33,-12,7,442304,442284,442317,442290,442312,122.71428571428572,22,1083.0,20,13,2366.0,True,False,bp,0.958904109589041
8967,436.31580322823964,68,-16,-18,442342,442317,442385,442322,442363,60.339285714285715,41,359.0,25,43,1760.0,True,False,bp,0.958904109589041
8968,203.86292499258838,17,21,-1,442393,442385,442402,442388,442396,243.96666666666667,8,-414.0,8,9,1414.0,True,False,bp,0.958904109589041
8969,921.5438793432993,65,-11,5,442437,442402,442467,442425,442454,98.96323529411764,29,-1684.0,35,30,3437.0,True,False,bp,0.958904109589041
8970,627.3868168254129,51,-3,-23,442481,442467,442518,442472,442502,100.78571428571428,30,-979.0,14,37,1664.0,True,True,bp,0.958904109589041
8971,411.95590233666184,48,6,2,442543,442518,442566,442529,442546,152.33333333333331,17,-1893.0,25,23,1660.0,True,False,bp,0.958904109589041
8972,905.2887563231567,51,3,-39,442572,442566,442617,442569,442595,192.3623188405797,26,-1732.0,6,45,3649.0,False,False,bp,0.958904109589041
8973,357.3520714876114,27,2,1,442631,442617,442644,442624,442638,93.07142857142857,14,657.0,14,13,1448.0,False,False,bp,0.958904109589041
8974,502.39885502075873,40,12,-8,442660,442644,442684,442654,442666,146.58333333333334,12,125.0,16,24,1503.0,True,False,bp,0.958904109589041
8975,283.4518167056705,67,-25,-41,442697,442684,442751,442690,442735,79.29323308270676,45,285.0,13,54,2390.0,True,False,bp,0.958904109589041
8976,1138.6598400632574,50,7,-32,442760,442751,442801,442755,442793,154.11818181818182,38,478.0,9,41,4000.0,True,True,bp,0.958904109589041
8977,1637.8353367376974,83,20,33,442859,442801,442884,442838,442865,166.29761904761904,27,680.0,58,25,3015.0,True,True,bp,0.958904109589041
8978,1082.858712446223,100,27,-16,442926,442884,442984,442912,442944,110.5,32,-156.0,42,58,3099.0,True,True,bp,0.958904109589041
8979,2191.6582359418408,67,9,13,443024,442984,443051,443003,443033,203.1746031746032,30,-1161.0,40,27,5538.0,True,True,bp,0.958904109589041
8980,2026.832505707811,67,13,15,443092,443051,443118,443072,443098,197.725,26,-1067.0,41,26,3557.0,True,True,bp,0.958904109589041
8981,941.0421665959576,67,30,-17,443143,443118,443185,443137,443152,215.36111111111111,15,-330.0,25,42,3018.0,True,True,bp,0.958904109589041
8982,737.4476739343048,48,5,0,443209,443185,443233,443197,443215,124.29166666666666,18,662.0,24,24,2149.0,True,False,bp,0.958904109589041
8983,288.0298989660562,34,10,-14,443243,443233,443267,443238,443249,170.71666666666667,11,1048.0,10,24,2124.0,True,True,bp,0.958904109589041
8984,1169.7978294794373,50,1,-2,443291,443267,443317,443270,443304,98.60622710622714,34,1669.0,24,26,3847.0,False,False,bp,0.958904109589041
8985,2028.6958069064106,65,-5,5,443352,443317,443382,443339,443365,147.38461538461542,26,793.0,35,30,2923.0,True,True,bp,0.958904109589041
8986,370.2756038932891,35,-1,-9,443395,443382,443417,443386,443406,58.75757575757576,20,1884.0,13,22,685.0,False,False,bp,0.958904109589041
8987,888.8256064646608,67,39,-15,443443,443417,443484,443425,443449,149.44444444444446,24,-58.0,26,41,3358.0,False,False,bp,0.958904109589041
8988,227.79373583319085,84,11,32,443542,443484,443568,443512,443552,70.81666666666666,40,1740.0,58,26,1478.0,False,False,bp,0.958904109589041
8989,659.5675101441892,82,-14,26,443622,443568,443650,443603,443637,76.92280701754386,34,196.0,54,28,1854.0,False,False,bp,0.958904109589041
8990,447.31294071077133,34,-8,16,443675,443650,443684,443657,443680,76.8611111111111,23,348.0,25,9,1209.0,True,False,bp,0.958904109589041
8991,127.57806686644548,67,2,-17,443709,443684,443751,443695,443731,64.44155844155844,36,-231.0,25,42,2162.0,True,False,bp,0.958904109589041
8992,217.72504101835614,50,-13,32,443792,443751,443801,443769,443796,103.16847826086956,27,-372.0,41,9,1589.0,True,False,bp,0.958904109589041
8993,267.8073725309718,50,-8,-10,443821,443801,443851,443810,443836,64.51515151515152,26,-590.0,20,30,1658.0,True,False,bp,0.958904109589041
8994,228.7462754854639,33,-9,11,443873,443851,443884,443854,443882,24.260233918128648,28,-159.0,22,11,581.0,False,False,bp,0.958904109589041
8995,295.3488821738889,34,0,16,443909,443884,443918,443901,443911,307.4375,10,-2970.0,25,9,2300.0,False,False,bp,0.958904109589041
8996,143.7153680986619,35,-9,13,443942,443918,443953,443921,443945,151.54761904761904,24,-2690.0,24,11,1583.0,True,False,bp,0.958904109589041
8997,159.56642344186864,68,6,-30,443972,443953,444021,443960,443997,30.031666666666666,37,-2214.0,19,49,2181.0,False,False,bp,0.958904109589041
8998,427.7954242404528,60,4,16,444059,444021,444081,444040,444062,174.578947368421,22,-4494.0,38,22,1703.0,False,False,bp,0.958904109589041
8999,337.5803860500186,48,10,-14,444098,444081,444129,444088,444108,78.25,20,-3705.0,17,31,2292.0,False,False,bp,0.958904109589041
9000,503.6505481557598,39,16,-15,444141,444129,444168,444138,444148,180.97619047619045,10,-2337.0,12,27,2716.0,False,False,bp,0.958904109589041
9001,318.9698742300103,33,4,-17,444176,444168,444201,444174,444189,241.0192307692308,15,-1152.0,8,25,1812.0,True,True,bp,0.958904109589041
9002,642.7790971943259,51,-2,1,444227,444201,444252,444208,444241,58.75,33,-2099.0,26,25,1309.0,False,False,bp,0.958904109589041
9003,199.13321177991318,33,18,15,444276,444252,444285,444272,444280,258.125,8,-2516.0,24,9,2289.0,True,False,bp,0.958904109589041
9004,494.1384175583939,65,-13,21,444328,444285,444350,444306,444337,74.45202020202021,31,-2044.0,43,22,1910.0,True,False,bp,0.958904109589041
9005,507.6499641408409,50,-7,-8,444371,444350,444400,444355,444386,59.60625,31,-2483.0,21,29,1436.0,True,True,bp,0.958904109589041
9006,1174.1306784256676,63,-4,-19,442276,442254,442317,442268,442297,164.4702380952381,29,-2160.0,22,41,3423.0,False,False,bp,0.958904109589041
9007,938.8995558892136,34,-9,-6,442331,442317,442351,442322,442347,107.75347222222223,25,-1136.0,14,20,2353.0,True,False,bp,0.958904109589041
9008,327.784644313007,32,3,16,442375,442351,442383,442363,442379,146.29166666666666,16,-490.0,24,8,2033.0,True,False,bp,0.958904109589041
9009,248.7446181370437,100,-24,18,442442,442383,442483,442398,442455,57.1756993006993,57,-852.0,59,41,1914.0,True,False,bp,0.958904109589041
9010,1057.3231432499272,48,-7,-4,442505,442483,442531,442488,442516,83.68716577540106,28,-1175.0,22,26,2474.0,True,False,bp,0.958904109589041
9011,1247.3722720730486,59,9,-3,442559,442531,442590,442537,442564,172.67727272727268,27,-1999.0,28,31,2908.0,True,True,bp,0.958904109589041
9012,999.2841131588114,60,-20,-20,442610,442590,442650,442600,442638,115.02142857142857,38,-1875.0,20,40,5196.0,True,True,bp,0.958904109589041
9013,1877.6617266566307,66,25,-26,442670,442650,442716,442656,442678,201.83035714285717,22,-1620.0,20,46,3883.0,True,True,bp,0.958904109589041
9014,1358.2646983920686,53,10,-3,442741,442716,442769,442725,442748,169.45535714285714,23,-1203.0,25,28,3248.0,False,False,bp,0.958904109589041
9015,356.89402260316484,59,7,-11,442793,442769,442828,442781,442806,48.98076923076921,25,715.0,24,35,1759.0,False,False,bp,0.958904109589041
9016,2613.0438988145856,55,7,-15,442848,442828,442883,442838,442860,235.3,22,-2830.0,20,35,5470.0,False,False,bp,0.958904109589041
9017,1484.100187988458,51,-4,3,442910,442883,442934,442889,442916,167.78571428571428,27,-876.0,27,24,3279.0,True,True,bp,0.958904109589041
9018,356.00292128735833,33,6,15,442958,442934,442967,442939,442963,43.44210526315789,24,265.0,24,9,339.0,False,False,bp,0.958904109589041
9019,1234.5564008757535,89,2,-15,443004,442967,443056,442993,443030,98.4143356643357,37,-1827.0,37,52,5273.0,False,False,bp,0.958904109589041
9020,3511.882609971466,51,10,9,443086,443056,443107,443069,443096,278.3294117647059,27,-2691.0,30,21,7126.0,True,True,bp,0.958904109589041
9021,2367.642508087739,66,16,6,443143,443107,443173,443133,443158,238.38333333333333,25,-1759.0,36,30,4780.0,True,True,bp,0.958904109589041
9022,2315.074508300161,60,15,12,443209,443173,443233,443199,443216,317.6857142857143,17,-3327.0,36,24,4545.0,True,True,bp,0.958904109589041
9023,860.6022214931622,84,-18,-26,443262,443233,443317,443248,443301,80.94688644688645,53,-1698.0,29,55,5124.0,True,False,bp,0.958904109589041
9024,2010.885259220336,68,10,6,443354,443317,443385,443336,443363,191.22222222222226,27,-1333.0,37,31,4387.0,True,False,bp,0.958904109589041
9025,2276.189023231054,59,0,-11,443409,443385,443444,443400,443426,230.2614379084967,26,-2113.0,24,35,4865.0,True,True,bp,0.958904109589041
9026,1000.2127913049603,36,-12,2,443463,443444,443480,443452,443474,126.5,22,-533.0,19,17,1932.0,True,True,bp,0.958904109589041
9027,841.2978385790487,51,15,-7,443502,443480,443531,443484,443513,89.1439393939394,29,-303.0,22,29,2796.0,True,False,bp,0.958904109589041
9028,839.2318327550638,66,-2,24,443576,443531,443597,443557,443581,145.58421052631581,24,-2785.0,45,21,1664.0,False,False,bp,0.958904109589041
9029,646.6139370010577,53,-28,27,443637,443597,443650,443603,443643,131.61274509803923,40,-5578.0,40,13,2829.0,False,False,bp,0.958904109589041
9030,744.4727179920441,50,-14,-18,443666,443650,443700,443655,443686,71.5931818181818,31,-4158.0,16,34,3438.0,False,False,bp,0.958904109589041
9031,1091.8316871638956,34,-6,-16,443709,443700,443734,443703,443726,164.30392156862746,23,-3382.0,9,25,3456.0,True,True,bp,0.958904109589041
9032,242.0657336597949,27,5,7,443751,443734,443761,443743,443757,94.08333333333331,14,-2139.0,17,10,594.0,False,False,bp,0.958904109589041
9033,497.14806916339006,40,-14,26,443794,443761,443801,443776,443798,129.06944444444446,22,-5316.0,33,7,1293.0,False,False,bp,0.958904109589041
9034,390.5513419630194,60,22,-20,443821,443801,443861,443806,443829,95.9875,23,-6053.0,20,40,2093.0,True,False,bp,0.958904109589041
9035,89.76185947188044,23,18,9,443877,443861,443884,443874,443881,295.0,7,-5343.0,16,7,2208.0,True,False,bp,0.958904109589041
9036,113.28894950310458,50,-13,34,443926,443884,443934,443906,443930,166.875,24,-6970.0,42,8,2123.0,True,False,bp,0.958904109589041
9037,129.194972535455,50,-19,-26,443946,443934,443984,443941,443973,139.81111111111107,32,-6629.0,12,38,2043.0,True,False,bp,0.958904109589041
9038,263.65930761607535,33,1,-23,443989,443984,444017,443986,444005,174.97916666666663,19,-6302.0,5,28,2799.0,True,True,bp,0.958904109589041
9039,394.18726948754056,33,-7,-9,444029,444017,444050,444025,444044,184.44166666666663,19,-5372.0,12,21,3696.0,True,True,bp,0.958904109589041
9040,156.56865027121108,32,22,-14,444059,444050,444082,444056,444068,294.3888888888889,12,-3669.0,9,23,2649.0,True,False,bp,0.958904109589041
9041,530.5348944597739,58,-16,-4,444109,444082,444140,444102,444133,108.79166666666669,31,-3541.0,27,31,1747.0,True,False,bp,0.958904109589041
9042,824.6765719394803,42,21,-8,444157,444140,444182,444148,444165,149.63194444444446,17,-3656.0,17,25,3788.0,False,False,bp,0.958904109589041
9043,580.547058030167,75,-7,13,444226,444182,444257,444203,444240,113.79503105590065,37,-4272.0,44,31,1693.0,False,False,bp,0.958904109589041
9044,218.52601115679943,43,3,-7,444275,444257,444300,444270,444287,170.86666666666667,17,-4485.0,18,25,1714.0,True,True,bp,0.958904109589041
9045,352.3588473095916,34,23,-14,444310,444300,444334,444307,444314,424.625,7,-5238.0,10,24,2599.0,True,True,bp,0.958904109589041
9046,685.2117761677011,49,-12,1,444359,444334,444383,444344,444373,100.21904761904759,29,-5642.0,25,24,2056.0,True,True,bp,0.958904109589041
9047,1400.6628837650796,95,-1,-9,449942,449899,449994,449935,449970,194.66071428571428,35,-4687.0,43,52,4701.0,True,True,bp,-1.1612903225806452
9048,1453.4717536070905,62,12,-6,450022,449994,450056,450004,450030,139.78472222222223,26,-2505.0,28,34,3497.0,False,False,bp,-1.1612903225806452
9049,453.7869784842579,27,17,3,450071,450056,450083,450068,450077,155.83333333333334,9,354.0,15,12,2231.0,False,False,bp,-1.1612903225806452
9050,1474.5735635690914,67,-7,15,450124,450083,450150,450103,450133,150.6825396825397,30,-1033.0,41,26,4291.0,False,False,bp,-1.1612903225806452
9051,1351.3677042346242,50,2,0,450175,450150,450200,450156,450186,116.61483253588516,30,1348.0,25,25,3863.0,False,False,bp,-1.1612903225806452
9052,1503.5265835016805,66,-1,-14,450226,450200,450266,450218,450249,196.0217391304348,31,393.0,26,40,4287.0,True,False,bp,-1.1612903225806452
9053,856.047592271537,70,-28,46,450324,450266,450336,450279,450330,103.73333333333332,51,1099.0,58,12,2116.0,True,True,bp,-1.1612903225806452
9054,1030.6031457387808,79,-14,33,450392,450336,450415,450353,450398,145.57051282051282,45,424.0,56,23,3306.0,True,True,bp,-1.1612903225806452
9055,815.8562521598047,68,17,20,450459,450415,450483,450429,450466,114.98571428571431,37,-163.0,44,24,2740.0,True,True,bp,-1.1612903225806452
9056,1160.9658848628646,90,7,-4,450526,450483,450573,450520,450550,146.83333333333334,30,123.0,43,47,4036.0,True,True,bp,-1.1612903225806452
9057,1361.1109735019168,61,-13,-21,450593,450573,450634,450587,450619,195.28846153846158,32,500.0,20,41,2958.0,True,True,bp,-1.1612903225806452
9058,206.2087154094441,17,14,9,450647,450634,450651,450638,450649,215.63888888888889,11,934.0,13,4,1158.0,False,False,bp,-1.1612903225806452
9059,1013.5960841362497,65,-1,17,450692,450651,450716,450674,450698,138.30555555555554,24,-492.0,41,24,2752.0,False,False,bp,-1.1612903225806452
9060,2041.4434272932954,50,24,-28,450727,450716,450766,450721,450744,154.11274509803926,23,337.0,11,39,5076.0,False,False,bp,-1.1612903225806452
9061,3954.024883435005,84,12,6,450811,450766,450850,450791,450825,312.3107142857143,34,-5969.0,45,39,10257.0,False,False,bp,-1.1612903225806452
9062,812.1927334198688,116,-2,-2,450907,450850,450966,450871,450927,87.01944444444445,56,-1876.0,57,59,3942.0,True,True,bp,-1.1612903225806452
9063,1184.0425182669928,67,-11,17,451008,450966,451033,450981,451023,95.34444444444445,42,56.0,42,25,4311.0,False,False,bp,-1.1612903225806452
9064,2131.845864503768,67,1,17,451075,451033,451100,451054,451080,231.90476190476193,26,-2233.0,42,25,3505.0,False,False,bp,-1.1612903225806452
9065,417.2089208431208,67,-17,-17,451125,451100,451167,451107,451148,55.183574879227045,41,-141.0,25,42,3441.0,False,False,bp,-1.1612903225806452
9066,1539.2351997926905,36,5,-8,451181,451167,451203,451172,451195,143.77777777777774,23,434.0,14,22,3164.0,True,True,bp,-1.1612903225806452
9067,698.3887661654012,47,2,33,451243,451203,451250,451223,451247,78.325,24,1298.0,40,7,702.0,False,False,bp,-1.1612903225806452
9068,1754.0010978367693,82,6,2,451292,451250,451332,451273,451303,171.11961722488041,30,-3114.0,42,40,4343.0,False,False,bp,-1.1612903225806452
9069,734.1958279984351,69,-10,-17,451358,451332,451401,451339,451378,67.1,39,-379.0,26,43,3759.0,False,False,bp,-1.1612903225806452
9070,579.5113739276045,32,24,14,451424,451401,451433,451407,451428,136.44117647058823,21,1861.0,23,9,1930.0,False,False,bp,-1.1612903225806452
9071,1787.853134401532,83,2,27,451488,451433,451516,451473,451505,191.79215686274514,32,-3444.0,55,28,4767.0,False,False,bp,-1.1612903225806452
9072,1192.6772818920053,66,4,-6,451546,451516,451582,451539,451560,151.92857142857142,21,-1470.0,30,36,2938.0,False,False,bp,-1.1612903225806452
9073,205.70225795699727,18,4,0,451591,451582,451600,451585,451595,104.875,10,855.0,9,9,1522.0,False,False,bp,-1.1612903225806452
9074,122.85700881407641,33,-1,7,451620,451600,451633,451609,451630,-1.2954545454545467,21,2251.0,20,13,1006.0,False,False,bp,-1.1612903225806452
9075,829.2331622258989,50,10,2,451659,451633,451683,451650,451670,86.2929292929293,20,824.0,26,24,1487.0,False,False,bp,-1.1612903225806452
9076,757.8667535891457,50,-7,24,451720,451683,451733,451700,451724,128.3,24,-1400.0,37,13,1256.0,False,False,bp,-1.1612903225806452
9077,859.2715627174637,50,-13,2,451759,451733,451783,451741,451774,91.51111111111112,33,-2821.0,26,24,3247.0,False,False,bp,-1.1612903225806452
9078,812.8778990283632,66,4,-10,451811,451783,451849,451794,451831,62.29411764705882,37,-1774.0,28,38,2443.0,True,True,bp,-1.1612903225806452
9079,582.6876155500357,55,-12,31,451892,451849,451904,451872,451898,60.56666666666666,26,-2499.0,43,12,754.0,False,False,bp,-1.1612903225806452
9080,495.40699764924585,62,9,-22,451924,451904,451966,451912,451936,106.875,24,-3713.0,20,42,2444.0,False,False,bp,-1.1612903225806452
9081,379.65069523493935,34,34,-16,451975,451966,452000,451969,451987,102.0,18,-2898.0,9,25,1642.0,True,False,bp,-1.1612903225806452
9082,193.02218379092383,99,-10,19,452059,452000,452099,452039,452078,70.79868421052632,39,-2700.0,59,40,3065.0,False,False,bp,-1.1612903225806452
9083,827.3158267900311,57,14,-3,452126,452099,452156,452107,452131,116.42105263157896,24,-2450.0,27,30,1612.0,True,False,bp,-1.1612903225806452
9084,295.2824515348732,28,24,10,452175,452156,452184,452169,452179,169.41666666666669,10,-2347.0,19,9,1740.0,True,False,bp,-1.1612903225806452
9085,349.66384065874337,66,-22,20,452227,452184,452250,452213,452244,68.14915966386555,31,-2712.0,43,23,1865.0,True,False,bp,-1.1612903225806452
9086,113.7287138883188,33,-19,-13,452260,452250,452283,452253,452279,72.49624060150376,26,-1993.0,10,23,2061.0,True,False,bp,-1.1612903225806452
9087,455.29206365496833,50,20,-30,452293,452283,452333,452286,452306,125.74725274725277,20,-2086.0,10,40,2722.0,True,False,bp,-1.1612903225806452
9088,455.7854390032636,51,-12,9,452363,452333,452384,452346,452373,27.238235294117647,27,-1482.0,30,21,817.0,False,False,bp,-1.1612903225806452
9089,377.42335455422636,39,-11,3,452405,452384,452423,452388,452414,58.15686274509804,26,-2545.0,21,18,1172.0,False,False,bp,-1.1612903225806452
9090,136.9397225631926,27,1,9,452441,452423,452450,452429,452445,116.04166666666669,16,-2495.0,18,9,1562.0,False,False,bp,-1.1612903225806452
9091,263.3047673298264,56,12,-6,452475,452450,452506,452462,452489,38.84340659340659,27,-1592.0,25,31,1551.0,False,False,bp,-1.1612903225806452
9092,1826.6557777009093,49,0,-25,449962,449950,449999,449956,449981,214.53508771929825,25,-2420.0,12,37,5567.0,True,False,bp,-1.1612903225806452
9093,2105.5809611343134,52,-14,-2,450024,449999,450051,450006,450042,142.44444444444446,36,-1384.0,25,27,5749.0,True,True,bp,-1.1612903225806452
9094,903.6405217323618,36,6,12,450075,450051,450087,450064,450080,189.4454545454545,16,939.0,24,12,2135.0,True,False,bp,-1.1612903225806452
9095,1488.6131304943576,63,-3,-7,450115,450087,450150,450102,450131,121.36057692307692,29,67.0,28,35,3936.0,True,False,bp,-1.1612903225806452
9096,2937.701626919236,49,-3,-11,450169,450150,450199,450157,450184,250.9583333333333,27,-900.0,19,30,7796.0,True,True,bp,-1.1612903225806452
9097,2515.7375339928544,67,19,-15,450225,450199,450266,450208,450230,300.7882352941176,22,-171.0,26,41,4000.0,True,True,bp,-1.1612903225806452
9098,763.3244604091819,50,20,-22,450280,450266,450316,450271,450286,175.36111111111111,15,784.0,14,36,2363.0,True,True,bp,-1.1612903225806452
9099,1004.3095761961388,65,4,-23,450337,450316,450381,450321,450352,129.90208333333334,31,229.0,21,44,3986.0,True,False,bp,-1.1612903225806452
9100,1725.2891119153103,36,14,-14,450392,450381,450417,450387,450403,313.67272727272734,16,304.0,11,25,4830.0,True,False,bp,-1.1612903225806452
9101,1576.6730014024274,66,10,-10,450445,450417,450483,450433,450463,135.56944444444446,30,788.0,28,38,2514.0,True,False,bp,-1.1612903225806452
9102,1231.2908035446449,83,-8,-19,450515,450483,450566,450503,450541,117.83012820512822,38,101.0,32,51,4798.0,False,False,bp,-1.1612903225806452
9103,391.10779645543505,34,12,-16,450575,450566,450600,450571,450582,182.92857142857144,11,3054.0,9,25,1622.0,False,False,bp,-1.1612903225806452
9104,960.9043194889177,50,16,-10,450620,450600,450650,450605,450627,98.33809523809522,22,2366.0,20,30,1765.0,False,False,bp,-1.1612903225806452
9105,2011.575989682568,65,-1,-13,450676,450650,450715,450665,450694,210.9368686868687,29,-1431.0,26,39,6182.0,False,False,bp,-1.1612903225806452
9106,3119.5531158588756,48,22,-6,450736,450715,450763,450722,450745,267.20634920634916,23,-1053.0,21,27,5835.0,True,True,bp,-1.1612903225806452
9107,1249.284413362598,71,-22,47,450822,450763,450834,450790,450829,114.53125,39,-1561.0,59,12,1866.0,False,False,bp,-1.1612903225806452
9108,1382.7716229088367,67,0,-11,450862,450834,450901,450846,450880,120.77083333333331,34,-1568.0,28,39,6042.0,False,False,bp,-1.1612903225806452
9109,1280.8385314752538,45,0,5,450926,450901,450946,450914,450938,117.125,24,1141.0,25,20,2345.0,True,True,bp,-1.1612903225806452
9110,480.3641040127528,39,1,7,450969,450946,450985,450962,450979,118.93571428571428,17,1215.0,23,16,1271.0,True,True,bp,-1.1612903225806452
9111,697.032240982658,49,-11,19,451019,450985,451034,450997,451027,78.5284090909091,30,982.0,34,15,2397.0,True,True,bp,-1.1612903225806452
9112,676.5158611443088,49,-10,1,451059,451034,451083,451046,451072,71.26923076923076,26,1200.0,25,24,1893.0,True,True,bp,-1.1612903225806452
9113,817.5994981542883,36,2,-18,451092,451083,451119,451088,451112,186.475,24,459.0,9,27,1848.0,True,False,bp,-1.1612903225806452
9114,1035.7352159494687,68,-5,12,451159,451119,451187,451138,451178,84.96115288220551,40,240.0,40,28,4038.0,True,False,bp,-1.1612903225806452
9115,756.0792274690082,79,0,31,451242,451187,451266,451213,451249,159.435960591133,36,-913.0,55,24,3760.0,True,True,bp,-1.1612903225806452
9116,1535.6752419445424,52,16,0,451292,451266,451318,451285,451301,259.73809523809524,16,-702.0,26,26,4488.0,False,False,bp,-1.1612903225806452
9117,384.98991459884184,55,-7,27,451359,451318,451373,451333,451364,57.04615384615385,31,1962.0,41,14,983.0,False,False,bp,-1.1612903225806452
9118,701.6198867922972,43,20,-1,451394,451373,451416,451388,451398,268.70833333333337,10,-53.0,21,22,2452.0,False,False,bp,-1.1612903225806452
9119,533.71940452451,56,9,-8,451440,451416,451472,451428,451454,65.14285714285714,26,1479.0,24,32,1997.0,False,False,bp,-1.1612903225806452
9120,2036.0020728071252,61,-9,11,451508,451472,451533,451489,451520,203.4736842105263,31,-2869.0,36,25,5417.0,False,False,bp,-1.1612903225806452
9121,1240.558972172236,51,-20,1,451559,451533,451584,451542,451577,95.14215686274514,35,-1071.0,26,25,2802.0,True,True,bp,-1.1612903225806452
9122,776.7874709404182,51,9,-15,451602,451584,451635,451592,451612,114.55,20,251.0,18,33,3098.0,False,False,bp,-1.1612903225806452
9123,1943.7072399815286,49,0,-15,451652,451635,451684,451641,451672,133.51136363636363,31,-625.0,17,32,3489.0,True,True,bp,-1.1612903225806452
9124,1219.3766333460635,80,-16,-24,451712,451684,451764,451703,451745,182.0757575757576,42,-2810.0,28,52,2587.0,False,False,bp,-1.1612903225806452
9125,278.4104802441952,25,6,3,451778,451764,451789,451771,451783,178.87142857142857,12,-2082.0,14,11,1935.0,True,False,bp,-1.1612903225806452
9126,726.0631320503239,44,0,16,451819,451789,451833,451801,451827,80.38194444444444,26,-2402.0,30,14,2206.0,True,False,bp,-1.1612903225806452
9127,589.051209724332,99,-61,61,451913,451833,451932,451853,451926,35.699358974358965,73,-3782.0,80,19,1085.0,False,False,bp,-1.1612903225806452
9128,489.5635374339464,54,-13,8,451963,451932,451986,451938,451973,46.73,35,-5505.0,31,23,1223.0,False,False,bp,-1.1612903225806452
9129,563.021209833219,46,-10,-12,452003,451986,452032,451995,452024,49.714285714285715,29,-5299.0,17,29,3164.0,False,False,bp,-1.1612903225806452
9130,738.1918314394543,51,5,5,452060,452032,452083,452043,452071,104.05347593582887,28,-5401.0,28,23,2749.0,True,True,bp,-1.1612903225806452
9131,1537.8015970114639,67,-2,-13,452110,452083,452150,452104,452131,203.7023809523809,27,-6308.0,27,40,4198.0,True,True,bp,-1.1612903225806452
9132,795.1665463701261,45,40,-25,452160,452150,452195,452156,452171,240.3068181818182,15,-4386.0,10,35,4237.0,True,False,bp,-1.1612903225806452
9133,658.4213287700284,88,-14,40,452259,452195,452283,452226,452263,154.90530303030303,37,-3564.0,64,24,3074.0,True,False,bp,-1.1612903225806452
9134,744.8335220049559,50,17,-34,452291,452283,452333,452286,452308,141.97647058823532,22,-2850.0,8,42,3626.0,True,False,bp,-1.1612903225806452
9135,925.0453216759387,51,-8,7,452362,452333,452384,452347,452372,67.75,25,-2737.0,29,22,2307.0,True,False,bp,-1.1612903225806452
9136,527.2044070468062,34,1,-12,452395,452384,452418,452389,452409,184.01190476190484,20,-3426.0,11,23,1901.0,True,True,bp,-1.1612903225806452
9137,595.6283619968625,33,-1,15,452442,452418,452451,452430,452447,200.73333333333332,17,-4382.0,24,9,2293.0,True,True,bp,-1.1612903225806452
9138,338.23062923540783,48,0,2,452476,452451,452499,452463,452488,72.17628205128206,25,-4103.0,25,23,1008.0,True,True,bp,-1.1612903225806452
9139,742.6113807262196,66,-22,14,453891,453851,453917,453864,453905,63.3941798941799,41,1466.0,40,26,1102.0,False,False,bp,-3.7209302325581395
9140,737.4761790540947,60,2,-20,453937,453917,453977,453924,453954,75.07466063348417,30,312.0,20,40,2100.0,False,False,bp,-3.7209302325581395
9141,787.2988774240456,56,3,-28,453991,453977,454033,453986,454011,207.85,25,-608.0,14,42,2551.0,True,True,bp,-3.7209302325581395
9142,746.8888432179857,50,7,-8,454054,454033,454083,454039,454061,115.71904761904759,22,-617.0,21,29,2263.0,True,True,bp,-3.7209302325581395
9143,173.41265853705903,34,1,-10,454095,454083,454117,454090,454105,128.5,15,122.0,12,22,842.0,True,True,bp,-3.7209302325581395
9144,564.2345379377579,47,-14,-5,454138,454117,454164,454121,454152,62.189075630252105,31,-668.0,21,26,1133.0,True,True,bp,-3.7209302325581395
9145,469.44774981632827,36,33,-14,454175,454164,454200,454169,454183,144.4375,14,-1212.0,11,25,1678.0,True,False,bp,-3.7209302325581395
9146,271.14235610677554,51,5,31,454241,454200,454251,454230,454246,126.21818181818182,16,-1609.0,41,10,1670.0,True,True,bp,-3.7209302325581395
9147,313.21422976711244,50,5,22,454287,454251,454301,454267,454293,68.34166666666667,26,-1629.0,36,14,1100.0,False,False,bp,-3.7209302325581395
9148,752.807126890358,48,11,32,454341,454301,454349,454324,454344,181.63725490196083,20,-3025.0,40,8,2725.0,False,False,bp,-3.7209302325581395
9149,483.229422248638,63,-7,23,454392,454349,454412,454375,454401,138.57843137254903,26,-2972.0,43,20,2205.0,True,True,bp,-3.7209302325581395
9150,673.6844239173981,38,-8,-8,454427,454412,454450,454420,454445,94.75396825396824,25,-2646.0,15,23,1851.0,True,True,bp,-3.7209302325581395
9151,220.15453537906518,38,-5,12,454475,454450,454488,454462,454481,61.35256410256411,19,-2363.0,25,13,1474.0,True,True,bp,-3.7209302325581395
9152,414.88191208649073,35,-1,7,454509,454488,454523,454495,454516,58.39285714285714,21,-2245.0,21,14,1454.0,True,True,bp,-3.7209302325581395
9153,530.5233735670081,45,19,-9,454541,454523,454568,454536,454544,332.5333333333333,8,-3045.0,18,27,2794.0,True,True,bp,-3.7209302325581395
9154,297.8628093038932,32,3,-18,454575,454568,454600,454571,454587,173.20833333333337,16,-2338.0,7,25,1518.0,True,True,bp,-3.7209302325581395
9155,577.8594412091571,33,-2,-7,454613,454600,454633,454606,454625,142.13095238095238,19,-2730.0,13,20,2653.0,False,False,bp,-3.7209302325581395
9156,174.4114019152834,33,0,13,454656,454633,454666,454642,454660,68.07142857142857,18,-795.0,23,10,1661.0,False,False,bp,-3.7209302325581395
9157,397.9906886528223,34,5,16,454691,454666,454700,454678,454694,112.3205128205128,16,-947.0,25,9,1321.0,True,True,bp,-3.7209302325581395
9158,220.1831509424283,31,8,11,454721,454700,454731,454715,454723,184.5833333333333,8,-1461.0,21,10,963.0,True,False,bp,-3.7209302325581395
9159,478.999808080391,54,4,-32,454742,454731,454785,454739,454774,173.22395833333337,35,-2107.0,11,43,2565.0,True,False,bp,-3.7209302325581395
9160,693.6639584520137,81,17,1,454826,454785,454866,454813,454842,82.52644230769229,29,-1456.0,41,40,3031.0,True,True,bp,-3.7209302325581395
9161,566.8272117720453,51,3,33,454908,454866,454917,454888,454912,150.8,24,-1557.0,42,9,1872.0,True,True,bp,-3.7209302325581395
9162,729.5943420370587,67,-25,15,454958,454917,454984,454939,454975,67.92260061919505,36,-1834.0,41,26,2771.0,True,True,bp,-3.7209302325581395
9163,577.6887322465083,49,0,-33,454992,454984,455033,454986,455012,117.125,26,-505.0,8,41,2846.0,True,True,bp,-3.7209302325581395
9164,764.9777540246176,45,50,-27,455042,455033,455078,455038,455054,207.70833333333331,16,-72.0,9,36,2005.0,True,False,bp,-3.7209302325581395
9165,211.2002506870376,73,-3,53,455141,455078,455151,455120,455146,123.88095238095238,26,-1123.0,63,10,2085.0,True,False,bp,-3.7209302325581395
9166,600.9653919338602,60,-22,22,455192,455151,455211,455169,455204,60.39855072463768,35,-1817.0,41,19,1602.0,True,True,bp,-3.7209302325581395
9167,241.42085944896084,39,26,-13,455224,455211,455250,455217,455231,106.78571428571428,14,-1393.0,13,26,1955.0,True,False,bp,-3.7209302325581395
9168,864.3913521170738,66,-11,16,455291,455250,455316,455271,455304,80.07692307692308,33,-860.0,41,25,3424.0,False,False,bp,-3.7209302325581395
9169,983.8042014656323,84,8,-32,455342,455316,455400,455326,455367,94.6025,41,-806.0,26,58,2688.0,True,True,bp,-3.7209302325581395
9170,1212.8953002575627,51,17,-3,455424,455400,455451,455416,455431,235.82142857142856,15,-1432.0,24,27,3349.0,True,True,bp,-3.7209302325581395
9171,1377.1905982347641,49,-8,1,455476,455451,455500,455463,455489,148.76923076923075,26,-1653.0,25,24,3959.0,True,True,bp,-3.7209302325581395
9172,822.2308808104813,49,-3,3,455526,455500,455549,455507,455531,120.26842105263158,24,-428.0,26,23,1777.0,True,True,bp,-3.7209302325581395
9173,1056.0730240249718,39,3,-19,455559,455549,455588,455552,455577,114.71825396825398,25,-548.0,10,29,2732.0,True,False,bp,-3.7209302325581395
9174,777.3899303975726,42,-5,32,455625,455588,455630,455605,455627,116.375,22,-1507.0,37,5,591.0,False,False,bp,-3.7209302325581395
9175,304.32861645288375,86,16,-30,455658,455630,455716,455644,455682,53.55654761904761,38,-2395.0,28,58,3055.0,False,False,bp,-3.7209302325581395
9176,252.80452046972496,66,-2,20,455759,455716,455782,455736,455770,62.81620553359684,34,-1902.0,43,23,995.0,False,False,bp,-3.7209302325581395
9177,475.62182315319365,52,24,2,455809,455782,455834,455802,455820,139.7987012987013,18,-2831.0,27,25,1839.0,True,True,bp,-3.7209302325581395
9178,528.8877533581957,65,2,23,455878,455834,455899,455862,455881,151.82291666666669,19,-3058.0,44,21,1873.0,True,False,bp,-3.7209302325581395
9179,443.7317500217334,34,15,-16,455908,455899,455933,455902,455911,299.08333333333337,9,-4090.0,9,25,2072.0,True,False,bp,-3.7209302325581395
9180,732.6940909232055,49,-1,-9,455953,455933,455982,455935,455960,109.67460317460319,25,-3614.0,20,29,2632.0,False,False,bp,-3.7209302325581395
9181,235.1427051182716,34,-2,-24,455987,455982,456016,455984,456007,143.24166666666667,23,-1814.0,5,29,2454.0,False,False,bp,-3.7209302325581395
9182,431.7199201075779,66,-14,-8,456045,456016,456082,456028,456068,15.826086956521738,40,-159.0,29,37,2139.0,False,False,bp,-3.7209302325581395
9183,395.432502307088,34,-5,12,456105,456082,456116,456094,456110,86.18181818181819,16,214.0,23,11,1425.0,True,False,bp,-3.7209302325581395
9184,448.84082963224813,39,-3,3,456137,456116,456155,456121,456146,46.22222222222222,25,183.0,21,18,1182.0,True,True,bp,-3.7209302325581395
9185,348.36886275760264,44,-1,-4,456175,456155,456199,456168,456185,129.45,17,-424.0,20,24,1379.0,True,True,bp,-3.7209302325581395
9186,271.4443680425158,67,11,-49,456208,456199,456266,456201,456230,74.28571428571428,29,-450.0,9,58,2620.0,True,False,bp,-3.7209302325581395
9187,1237.9530067379953,48,9,0,453874,453850,453898,453866,453884,203.15,18,-1172.0,24,24,3448.0,True,True,bp,-3.7209302325581395
9188,877.1377848601319,52,11,34,453941,453898,453950,453911,453943,175.2,32,-1399.0,43,9,2035.0,True,True,bp,-3.7209302325581395
9189,670.4983399544133,67,25,17,453992,453950,454017,453986,453995,288.75,9,-2405.0,42,25,2713.0,True,True,bp,-3.7209302325581395
9190,437.2706169557563,50,-18,10,454047,454017,454067,454029,454064,50.24346405228758,35,-1341.0,30,20,2312.0,True,True,bp,-3.7209302325581395
9191,168.51991490170874,49,22,7,454095,454067,454116,454081,454097,136.03571428571428,16,-1084.0,28,21,1529.0,True,True,bp,-3.7209302325581395
9192,779.8054290299721,62,4,-8,454143,454116,454178,454135,454166,144.25,31,-2566.0,27,35,2127.0,True,False,bp,-3.7209302325581395
9193,560.217692740728,69,-14,25,454225,454178,454247,454201,454236,129.42613636363637,35,-3509.0,47,22,3195.0,True,False,bp,-3.7209302325581395
9194,369.12836423232505,39,33,-9,454262,454247,454286,454257,454264,330.05,7,-3348.0,15,24,1514.0,False,False,bp,-3.7209302325581395
9195,118.95778381841332,52,-4,6,454315,454286,454338,454304,454324,56.323232323232325,20,-3648.0,29,23,884.0,False,False,bp,-3.7209302325581395
9196,563.4278999145441,45,-7,-23,454349,454338,454383,454340,454371,94.86363636363636,31,-4297.0,11,34,2642.0,True,False,bp,-3.7209302325581395
9197,789.8429419971152,70,-14,-20,454408,454383,454453,454395,454432,133.36698717948718,37,-4853.0,25,45,4092.0,True,True,bp,-3.7209302325581395
9198,564.2859035473972,48,1,-26,454464,454453,454501,454455,454482,157.27777777777774,27,-3877.0,11,37,4008.0,False,False,bp,-3.7209302325581395
9199,388.52262111959936,44,-3,8,454527,454501,454545,454510,454531,97.66911764705885,21,-1697.0,26,18,2281.0,False,False,bp,-3.7209302325581395
9200,804.4556360404483,41,-2,-13,454559,454545,454586,454549,454571,105.29166666666669,22,-1635.0,14,27,1765.0,True,True,bp,-3.7209302325581395
9201,407.0469519550455,30,-7,-10,454596,454586,454616,454591,454611,89.96666666666668,20,-1009.0,10,20,2323.0,False,False,bp,-3.7209302325581395
9202,442.147412539413,35,17,-9,454629,454616,454651,454624,454636,213.9142857142857,12,-1372.0,13,22,1901.0,True,False,bp,-3.7209302325581395
9203,656.2993601850209,64,1,-18,454674,454651,454715,454665,454693,111.30116959064327,28,-1889.0,23,41,3423.0,True,False,bp,-3.7209302325581395
9204,365.09172057515985,35,22,-9,454728,454715,454750,454722,454731,173.08333333333331,9,-259.0,13,22,1575.0,True,False,bp,-3.7209302325581395
9205,280.5286930145296,54,1,-2,454776,454750,454804,454762,454787,66.737012987013,25,12.0,26,28,1684.0,True,True,bp,-3.7209302325581395
9206,665.3485602398712,51,-8,-7,454826,454804,454855,454813,454842,57.697115384615394,29,308.0,22,29,3234.0,False,False,bp,-3.7209302325581395
9207,889.5259718296383,44,-13,4,454879,454855,454899,454863,454889,75.90625,26,870.0,24,20,2357.0,True,True,bp,-3.7209302325581395
9208,163.3625399933951,34,19,-10,454911,454899,454933,454902,454919,70.74305555555556,17,1491.0,12,22,726.0,False,False,bp,-3.7209302325581395
9209,376.4752811147867,83,-36,-1,454974,454933,455016,454955,455007,67.26236044657098,52,-1247.0,41,42,2799.0,False,False,bp,-3.7209302325581395
9210,439.6848388725042,52,24,-32,455026,455016,455068,455023,455037,289.66666666666663,14,-619.0,10,42,3065.0,True,True,bp,-3.7209302325581395
9211,454.6499338656964,70,-15,-34,455086,455068,455138,455075,455120,72.07219251336899,45,307.0,18,52,2489.0,True,True,bp,-3.7209302325581395
9212,593.5141268442845,45,-18,31,455176,455138,455183,455150,455178,142.94230769230768,28,263.0,38,7,1847.0,True,False,bp,-3.7209302325581395
9213,95.6739244912503,27,1,13,455203,455183,455210,455188,455206,113.96666666666668,18,724.0,20,7,1398.0,True,False,bp,-3.7209302325581395
9214,429.2148112935128,50,-3,16,455243,455210,455260,455225,455248,66.6111111111111,23,425.0,33,17,1664.0,True,False,bp,-3.7209302325581395
9215,582.0595095411406,41,7,-13,455274,455260,455301,455268,455289,128.0,21,161.0,14,27,1991.0,True,True,bp,-3.7209302325581395
9216,1000.9163608598204,49,-3,-3,455324,455301,455350,455317,455343,157.7593984962406,26,-267.0,23,26,3510.0,True,True,bp,-3.7209302325581395
9217,1081.8362211169217,52,4,4,455378,455350,455402,455366,455392,99.8095238095238,26,142.0,28,24,1907.0,True,True,bp,-3.7209302325581395
9218,510.16418633318057,63,18,-13,455427,455402,455465,455422,455438,208.5727272727273,16,-257.0,25,38,2267.0,False,False,bp,-3.7209302325581395
9219,438.5003831870545,40,19,-20,455475,455465,455505,455472,455485,161.78333333333333,13,963.0,10,30,2263.0,False,False,bp,-3.7209302325581395
9220,1607.094553323584,44,-7,-6,455524,455505,455549,455517,455539,169.00952380952378,22,632.0,19,25,4481.0,True,True,bp,-3.7209302325581395
9221,1538.1396319250416,67,8,-39,455563,455549,455616,455554,455583,247.08055555555558,29,-322.0,14,53,3637.0,True,True,bp,-3.7209302325581395
9222,848.9283133833907,34,8,-14,455626,455616,455650,455620,455638,130.125,18,247.0,10,24,1486.0,False,False,bp,-3.7209302325581395
9223,828.6054029183424,50,-9,26,455688,455650,455700,455664,455695,108.3720238095238,31,-1890.0,38,12,1881.0,False,False,bp,-3.7209302325581395
9224,1094.6284766746082,49,-18,1,455725,455700,455749,455717,455743,203.67361111111111,26,-4570.0,25,24,2864.0,False,False,bp,-3.7209302325581395
9225,261.96098352910707,35,-8,-9,455762,455749,455784,455751,455778,69.82954545454545,27,-2960.0,13,22,2047.0,False,False,bp,-3.7209302325581395
9226,345.8333038858505,34,-5,14,455808,455784,455818,455797,455812,208.8068181818182,15,-3472.0,24,10,2747.0,True,False,bp,-3.7209302325581395
9227,848.9180507149658,80,-12,-12,455852,455818,455898,455822,455868,89.85416666666666,46,-3992.0,34,46,3254.0,True,False,bp,-3.7209302325581395
9228,638.0550615594095,48,14,-26,455909,455898,455946,455902,455923,151.17857142857144,21,-3394.0,11,37,2457.0,False,False,bp,-3.7209302325581395
9229,199.39355370234344,46,19,-12,455963,455946,455992,455958,455968,126.0,10,-1039.0,17,29,2656.0,False,False,bp,-3.7209302325581395
9230,300.40853386528215,42,-7,-12,456007,455992,456034,455997,456022,57.41666666666667,25,1106.0,15,27,2258.0,False,False,bp,-3.7209302325581395
9231,231.07829351163,63,-12,-29,456051,456034,456097,456040,456077,42.624125874125866,37,2286.0,17,46,1848.0,False,False,bp,-3.7209302325581395
9232,489.00334081592797,35,1,-13,456108,456097,456132,456102,456120,140.875,18,2529.0,11,24,1613.0,False,False,bp,-3.7209302325581395
9233,608.7635493829482,34,3,-12,456143,456132,456166,456139,456154,255.77272727272728,15,739.0,11,23,988.0,False,False,bp,-3.7209302325581395
9234,734.9776251774443,51,-1,-27,456178,456166,456217,456172,456196,140.52777777777777,24,-695.0,12,39,2198.0,False,False,bp,-3.7209302325581395
9235,255.70950642838744,49,-4,-35,456224,456217,456266,456219,456248,126.9375,29,-58.0,7,42,1800.0,True,True,bp,-3.7209302325581395
9236,1702.1418880540366,45,22,-7,465657,465638,465683,465647,465664,243.49285714285716,17,-2371.0,19,26,5151.0,True,False,bp,-0.08064516129032258
9237,3524.189056247983,62,8,0,465714,465683,465745,465703,465725,313.9545454545455,22,-4300.0,31,31,7124.0,True,True,bp,-0.08064516129032258
9238,2232.732515702525,70,-4,-12,465774,465745,465815,465755,465795,153.13533834586462,40,-3092.0,29,41,5570.0,True,True,bp,-0.08064516129032258
9239,4130.04409424829,66,25,-16,465840,465815,465881,465831,465853,432.3632478632479,22,-6175.0,25,41,8784.0,True,True,bp,-0.08064516129032258
9240,2545.7417433416667,67,9,-13,465908,465881,465948,465900,465927,212.06907894736838,27,-2391.0,27,40,4167.0,True,True,bp,-0.08064516129032258
9241,2922.0221936994963,68,36,-14,465975,465948,466016,465963,465992,259.26225490196083,29,-5112.0,27,41,8109.0,True,True,bp,-0.08064516129032258
9242,3275.435555500158,82,8,32,466073,466016,466098,466057,466083,355.9625,26,-5797.0,57,25,9017.0,True,False,bp,-0.08064516129032258
9243,3028.37260924428,51,-9,7,466127,466098,466149,466117,466140,312.0115384615385,23,-4386.0,29,22,5478.0,False,False,bp,-0.08064516129032258
9244,1131.3429285434236,34,3,-10,466161,466149,466183,466154,466175,189.0,21,-1609.0,12,22,4307.0,False,False,bp,-0.08064516129032258
9245,1307.7870260962638,49,-3,-1,466207,466183,466232,466199,466220,150.59134615384616,21,-938.0,24,25,2240.0,True,True,bp,-0.08064516129032258
9246,1176.871480413032,49,12,-21,466246,466232,466281,466238,466261,132.77083333333331,23,-681.0,14,35,4761.0,False,False,bp,-0.08064516129032258
9247,2289.925551481422,64,-3,-10,466308,466281,466345,466296,466326,154.02777777777774,30,-51.0,27,37,4954.0,True,True,bp,-0.08064516129032258
9248,923.1521552118891,87,-2,-29,466374,466345,466432,466353,466412,89.78383458646618,59,-174.0,29,58,4083.0,True,False,bp,-0.08064516129032258
9249,1802.1030482925892,83,-4,33,466490,466432,466515,466469,466496,240.3809523809524,27,-2093.0,58,25,4045.0,True,False,bp,-0.08064516129032258
9250,549.3619728375364,31,-11,-5,466528,466515,466546,466519,466544,78.1423611111111,25,-201.0,13,18,534.0,False,False,bp,-0.08064516129032258
9251,1031.8997666299272,53,17,3,466574,466546,466599,466558,466585,115.67613636363636,27,-1843.0,28,25,3335.0,False,False,bp,-0.08064516129032258
9252,832.4919641256889,83,-5,31,466656,466599,466682,466629,466668,95.64351851851852,39,-1815.0,57,26,2319.0,True,True,bp,-0.08064516129032258
9253,1498.5536196054516,67,0,-15,466708,466682,466749,466702,466727,200.3114035087719,25,-3189.0,26,41,3496.0,False,False,bp,-0.08064516129032258
9254,700.9500672696256,62,16,-44,466758,466749,466811,466752,466777,119.21929824561406,25,-944.0,9,53,3783.0,False,False,bp,-0.08064516129032258
9255,2155.62339283141,38,18,-4,466828,466811,466849,466818,466842,171.2,24,-1600.0,17,21,2784.0,True,False,bp,-0.08064516129032258
9256,2188.51237881482,83,2,11,466896,466849,466932,466884,466913,196.96323529411762,29,-4058.0,47,36,6338.0,False,False,bp,-0.08064516129032258
9257,1321.7029662016787,45,6,5,466957,466932,466977,466944,466962,152.86923076923074,18,311.0,25,20,2609.0,False,False,bp,-0.08064516129032258
9258,4078.292448018297,55,-8,3,467006,466977,467032,466986,467019,297.5442307692308,33,-8038.0,29,26,7926.0,False,False,bp,-0.08064516129032258
9259,1299.12497426267,49,5,-1,467056,467032,467081,467044,467062,170.45833333333334,18,-2546.0,24,25,3255.0,False,False,bp,-0.08064516129032258
9260,526.1860380517928,34,8,8,467102,467081,467115,467085,467108,81.99019607843138,23,-757.0,21,13,1520.0,False,False,bp,-0.08064516129032258
9261,218.3129114060826,56,-5,28,467157,467115,467171,467139,467163,66.1388888888889,24,-2309.0,42,14,1146.0,False,False,bp,-0.08064516129032258
9262,832.015588727366,60,12,-22,467190,467171,467231,467182,467207,107.25,25,-3083.0,19,41,2574.0,True,False,bp,-0.08064516129032258
9263,518.4036478034924,51,3,3,467258,467231,467282,467244,467269,90.50974025974024,25,-2220.0,27,24,2260.0,True,True,bp,-0.08064516129032258
9264,724.0778755737558,66,-1,18,467324,467282,467348,467297,467328,144.81944444444446,31,-2771.0,42,24,1954.0,True,True,bp,-0.08064516129032258
9265,673.706042250707,50,11,0,467373,467348,467398,467358,467384,100.61515151515152,26,-2823.0,25,25,2375.0,True,True,bp,-0.08064516129032258
9266,1703.7500188413314,67,6,15,467439,467398,467465,467421,467446,203.968253968254,25,-3713.0,41,26,4560.0,True,True,bp,-0.08064516129032258
9267,1260.979624978094,50,2,-2,467489,467465,467515,467477,467501,143.41666666666669,24,-2239.0,24,26,2693.0,True,True,bp,-0.08064516129032258
9268,1266.4894408158746,49,-11,3,467541,467515,467564,467527,467552,163.40584415584416,25,-4127.0,26,23,2660.0,False,False,bp,-0.08064516129032258
9269,530.7621516481958,51,-5,-31,467574,467564,467615,467566,467595,62.58035714285714,29,-1995.0,10,41,3568.0,False,False,bp,-0.08064516129032258
9270,1076.283302887287,50,8,-32,467624,467615,467665,467619,467644,136.29999999999998,25,-539.0,9,41,1760.0,True,True,bp,-0.08064516129032258
9271,433.15026862377084,50,-10,2,467691,467665,467715,467677,467703,36.99404761904762,26,-1366.0,26,24,1290.0,False,False,bp,-0.08064516129032258
9272,176.09658830026055,50,-5,32,467756,467715,467765,467719,467759,50.036036036036045,40,-1498.0,41,9,771.0,False,False,bp,-0.08064516129032258
9273,463.042511281971,80,14,6,467808,467765,467845,467794,467813,136.61428571428573,19,-3215.0,43,37,2171.0,False,False,bp,-0.08064516129032258
9274,158.74091470378522,52,-3,-50,467846,467845,467897,467846,467875,,29,-952.0,1,51,3294.0,False,False,bp,-0.08064516129032258
9275,506.03577410242434,34,7,-14,467907,467897,467931,467901,467919,105.91666666666669,18,830.0,10,24,1691.0,False,False,bp,-0.08064516129032258
9276,384.0142003500537,40,7,12,467957,467931,467971,467944,467961,143.3269230769231,17,174.0,26,14,1738.0,True,True,bp,-0.08064516129032258
9277,569.7705590367024,44,3,-6,467990,467971,468015,467985,468008,110.52777777777777,23,298.0,19,25,2166.0,True,True,bp,-0.08064516129032258
9278,963.8495765101358,50,-6,2,468041,468015,468065,468034,468059,121.8968253968254,25,-2.0,26,24,2419.0,True,True,bp,-0.08064516129032258
9279,796.4980768424323,83,-6,33,468123,468065,468148,468078,468127,205.55555555555557,49,-1153.0,58,25,3233.0,True,True,bp,-0.08064516129032258
9280,346.69407299819085,83,-48,35,468207,468148,468231,468170,468227,38.65202702702703,57,-643.0,59,24,1614.0,True,False,bp,-0.08064516129032258
9281,490.17892330095003,34,-5,16,468256,468231,468265,468236,468259,159.24166666666667,23,-1435.0,25,9,1652.0,True,False,bp,-0.08064516129032258
9282,225.68178594470282,50,-11,0,468290,468265,468315,468277,468304,39.25,27,-1265.0,25,25,1286.0,False,False,bp,-0.08064516129032258
9283,505.17839293578567,51,-16,-1,468340,468315,468366,468320,468354,50.28571428571429,34,-2708.0,25,26,1049.0,False,False,bp,-0.08064516129032258
9284,395.8328132316603,33,-1,15,468390,468366,468399,468372,468393,105.27777777777777,21,-3747.0,24,9,1083.0,True,True,bp,-0.08064516129032258
9285,114.62303006104109,33,5,17,468424,468399,468432,468413,468429,90.05454545454546,16,-3487.0,25,8,1384.0,True,True,bp,-0.08064516129032258
9286,385.01819993317014,49,-18,-7,468453,468432,468481,468450,468476,181.70289855072463,26,-3461.0,21,28,2367.0,True,True,bp,-0.08064516129032258
9287,249.84017010205815,33,9,-15,468490,468481,468514,468484,468501,190.16666666666663,17,-3682.0,9,24,1574.0,True,True,bp,-0.08064516129032258
9288,367.12404065106176,41,12,11,468540,468514,468555,468527,468543,166.52564102564102,16,-4185.0,26,15,1484.0,True,False,bp,-0.08064516129032258
9289,251.4804182425961,77,-25,-13,468587,468555,468632,468571,468616,65.10883620689657,45,-4569.0,32,45,2848.0,False,False,bp,-0.08064516129032258
9290,261.26244901376043,35,22,-19,468640,468632,468667,468636,468654,116.03571428571428,18,-2738.0,8,27,2997.0,False,False,bp,-0.08064516129032258
9291,471.4808840920029,55,4,23,468706,468667,468722,468694,468708,208.875,14,-755.0,39,16,2041.0,False,False,bp,-0.08064516129032258
9292,217.79360472645453,59,-10,-41,468731,468722,468781,468726,468760,58.06206896551724,34,562.0,9,50,1453.0,False,False,bp,-0.08064516129032258
9293,177.95864416380954,33,-14,11,468803,468781,468814,468784,468813,30.15526315789474,29,-57.0,22,11,21.0,False,False,bp,-0.08064516129032258
9294,512.7030957445982,35,0,19,468841,468814,468849,468828,468844,124.23076923076924,16,-2482.0,27,8,1718.0,False,False,bp,-0.08064516129032258
9295,419.6490543156497,55,-5,-7,468873,468849,468904,468860,468885,59.06730769230769,25,-2285.0,24,31,1411.0,False,False,bp,-0.08064516129032258
9296,134.12398302796115,28,11,-20,468908,468904,468932,468905,468925,32.35294117647059,20,-1050.0,4,24,1181.0,False,False,bp,-0.08064516129032258
9297,1686.7678433228114,67,7,17,465657,465615,465682,465634,465663,222.6014492753623,29,-2453.0,42,25,4862.0,True,True,bp,-0.08064516129032258
9298,3130.492715521915,66,4,-14,465708,465682,465748,465699,465725,311.1993464052288,26,-4139.0,26,40,8478.0,True,True,bp,-0.08064516129032258
9299,3061.0074990694666,54,-8,-12,465769,465748,465802,465755,465786,221.88235294117646,31,-3028.0,21,33,5773.0,True,True,bp,-0.08064516129032258
9300,1444.2826067793994,63,-25,-15,465826,465802,465865,465809,465853,89.58823529411767,44,-286.0,24,39,5030.0,True,True,bp,-0.08064516129032258
9301,867.0635157151659,30,-7,14,465887,465865,465895,465872,465892,70.53333333333333,20,1782.0,22,8,548.0,False,False,bp,-0.08064516129032258
9302,1862.2316856095292,53,-4,5,465924,465895,465948,465905,465933,206.69883040935676,28,-2096.0,29,24,5077.0,False,False,bp,-0.08064516129032258
9303,2449.369711928745,66,1,-14,465974,465948,466014,465957,465995,155.2549019607843,38,-2339.0,26,40,6726.0,True,True,bp,-0.08064516129032258
9304,1861.3047288075506,68,-10,18,466057,466014,466082,466034,466074,106.60613810741688,40,6.0,43,25,4083.0,True,True,bp,-0.08064516129032258
9305,2331.7671108182763,83,-7,7,466127,466082,466165,466104,466148,151.03105590062114,44,-2069.0,45,38,7142.0,True,True,bp,-0.08064516129032258
9306,2444.1830207419002,83,-5,-9,466202,466165,466248,466185,466230,183.60609243697482,45,-2041.0,37,46,8655.0,True,True,bp,-0.08064516129032258
9307,2269.413077715877,101,-5,-5,466296,466248,466349,466270,466317,156.59432234432234,47,-582.0,48,53,7242.0,True,True,bp,-0.08064516129032258
9308,1930.7137237246527,37,8,11,466373,466349,466386,466359,466376,200.25,17,1040.0,24,13,1869.0,False,False,bp,-0.08064516129032258
9309,559.1199568934028,46,18,-2,466408,466386,466432,466401,466420,75.76190476190476,19,1143.0,22,24,1699.0,False,False,bp,-0.08064516129032258
9310,2659.777988162717,69,-7,13,466473,466432,466501,466457,466490,188.7408088235294,33,-3128.0,41,28,6564.0,False,False,bp,-0.08064516129032258
9311,1690.2117550123228,64,28,-18,466524,466501,466565,466516,466536,222.625,20,-1026.0,23,41,2727.0,True,False,bp,-0.08064516129032258
9312,371.7794027725958,34,17,16,466590,466565,466599,466584,466594,218.29166666666663,10,-1015.0,25,9,1513.0,False,False,bp,-0.08064516129032258
9313,1718.9876174635183,66,-6,16,466640,466599,466665,466621,466657,122.56965944272446,36,-2667.0,41,25,5356.0,False,False,bp,-0.08064516129032258
9314,2167.8020386416824,66,0,8,466702,466665,466731,466687,466713,178.7181818181818,26,-2309.0,37,29,4255.0,True,True,bp,-0.08064516129032258
9315,1392.0992572889356,68,-9,-16,466757,466731,466799,466739,466777,110.73611111111113,38,-2178.0,26,42,3977.0,True,True,bp,-0.08064516129032258
9316,1565.7521178310374,50,11,-2,466823,466799,466849,466806,466833,145.75,27,-1551.0,24,26,3586.0,True,True,bp,-0.08064516129032258
9317,1618.2248229659078,81,-14,3,466891,466849,466930,466871,466912,129.375,41,-3251.0,42,39,4973.0,True,True,bp,-0.08064516129032258
9318,2077.006619377269,55,7,-1,466957,466930,466985,466939,466966,203.44444444444446,27,-3145.0,27,28,4996.0,True,True,bp,-0.08064516129032258
9319,2562.140580901011,51,-1,-1,467010,466985,467036,467000,467023,251.33461538461538,23,-3804.0,25,26,5314.0,True,True,bp,-0.08064516129032258
9320,1258.2092943271284,44,0,-2,467057,467036,467080,467045,467069,129.66666666666666,24,-1401.0,21,23,2928.0,True,True,bp,-0.08064516129032258
9321,802.8478858456817,50,-2,6,467108,467080,467130,467093,467115,97.03809523809522,22,-547.0,28,22,1575.0,True,True,bp,-0.08064516129032258
9322,360.561503713864,34,3,-14,467140,467130,467164,467135,467152,102.50833333333333,17,-168.0,10,24,1901.0,True,False,bp,-0.08064516129032258
9323,744.45067248694,68,-26,18,467207,467164,467232,467172,467218,79.20389610389611,46,-1452.0,43,25,2586.0,True,False,bp,-0.08064516129032258
9324,519.5066121785591,48,-9,-6,467253,467232,467280,467238,467267,38.97857142857143,29,-1270.0,21,27,825.0,False,False,bp,-0.08064516129032258
9325,440.8840635499632,68,-34,-46,467291,467280,467348,467287,467336,153.81944444444446,49,-2441.0,11,57,3879.0,False,False,bp,-0.08064516129032258
9326,740.5095434127531,52,39,-26,467361,467348,467400,467351,467370,126.76666666666664,19,-1400.0,13,39,1383.0,False,False,bp,-0.08064516129032258
9327,360.79920436415483,82,12,-2,467440,467400,467482,467428,467459,88.81359649122807,31,-2025.0,40,42,2385.0,True,False,bp,-0.08064516129032258
9328,541.2836216930068,34,11,14,467506,467482,467516,467502,467511,298.45,9,-1424.0,24,10,3186.0,True,False,bp,-0.08064516129032258
9329,1199.268335759477,80,28,-32,467540,467516,467596,467531,467561,164.11111111111111,30,-2345.0,24,56,3758.0,True,False,bp,-0.08064516129032258
9330,656.4434582378045,70,-22,20,467641,467596,467666,467619,467658,54.00668449197861,39,-1866.0,45,25,931.0,False,False,bp,-0.08064516129032258
9331,139.85709528782218,66,-7,-24,467687,467666,467732,467675,467710,48.47644927536231,35,-2954.0,21,45,588.0,False,False,bp,-0.08064516129032258
9332,440.34687402076315,33,8,-7,467745,467732,467765,467738,467750,186.8142857142857,12,-4922.0,13,20,2116.0,False,False,bp,-0.08064516129032258
9333,132.1608378663062,32,1,-16,467773,467765,467797,467770,467785,201.08333333333331,15,-4190.0,8,24,2857.0,False,False,bp,-0.08064516129032258
9334,245.9040031533857,35,18,-19,467805,467797,467832,467801,467812,183.42857142857144,11,-2908.0,8,27,2359.0,True,False,bp,-0.08064516129032258
9335,892.8804632474614,67,10,-17,467857,467832,467899,467841,467878,92.14136904761904,37,-3716.0,25,42,3647.0,True,False,bp,-0.08064516129032258
9336,521.3724830537636,47,3,35,467940,467899,467946,467925,467942,146.05,17,-1965.0,41,6,1200.0,False,False,bp,-0.08064516129032258
9337,418.8611670975579,49,14,5,467973,467946,467995,467962,467984,136.95454545454544,22,-3191.0,27,22,1889.0,False,False,bp,-0.08064516129032258
9338,983.3201841338716,103,1,-13,468040,467995,468098,468020,468060,91.7,40,-4773.0,45,58,4209.0,False,False,bp,-0.08064516129032258
9339,905.0222591804056,51,-1,1,468124,468098,468149,468101,468130,134.66304347826087,29,-2314.0,26,25,3235.0,False,False,bp,-0.08064516129032258
9340,446.30639844677023,66,33,-30,468167,468149,468215,468158,468191,76.20833333333333,33,-972.0,18,48,2068.0,False,False,bp,-0.08064516129032258
9341,248.0115982731685,83,-5,65,468289,468215,468298,468257,468294,91.946875,37,-3388.0,74,9,1732.0,False,False,bp,-0.08064516129032258
9342,538.6531910611503,51,9,33,468340,468298,468349,468326,468343,215.33333333333331,17,-5861.0,42,9,2830.0,False,False,bp,-0.08064516129032258
9343,355.23686749564,77,-12,3,468389,468349,468426,468369,468409,82.95,40,-7631.0,40,37,2032.0,False,False,bp,-0.08064516129032258
9344,180.25018661965407,27,4,1,468440,468426,468453,468437,468447,230.33333333333331,10,-7496.0,14,13,2496.0,True,True,bp,-0.08064516129032258
9345,348.0917343002655,41,-3,-3,468472,468453,468494,468461,468485,86.45454545454545,24,-6777.0,19,22,1266.0,True,True,bp,-0.08064516129032258
9346,407.0879950629704,38,15,-6,468510,468494,468532,468506,468514,303.125,8,-6694.0,16,22,3512.0,False,False,bp,-0.08064516129032258
9347,295.81008750513075,35,26,-19,468540,468532,468567,468537,468546,392.5,9,-5822.0,8,27,3130.0,True,False,bp,-0.08064516129032258
9348,778.0432217173837,68,-5,10,468606,468567,468635,468581,468614,156.10750000000004,33,-4673.0,39,29,3778.0,True,False,bp,-0.08064516129032258
9349,648.8579416676938,29,1,3,468651,468635,468664,468642,468658,149.71428571428572,16,-2835.0,16,13,2701.0,False,False,bp,-0.08064516129032258
9350,508.7142851860019,51,-22,9,468694,468664,468715,468675,468707,63.61943319838056,32,-1202.0,30,21,2677.0,False,False,bp,-0.08064516129032258
9351,267.9931289677437,50,-4,-34,468723,468715,468765,468717,468744,113.0595238095238,27,-60.0,8,42,2904.0,True,False,bp,-0.08064516129032258
9352,480.0367846342427,33,19,17,468790,468765,468798,468767,468795,96.0608695652174,28,647.0,25,8,1594.0,True,False,bp,-0.08064516129032258
9353,636.4659023240927,82,1,48,468863,468798,468880,468842,468871,96.30059523809523,29,-846.0,65,17,2440.0,True,False,bp,-0.08064516129032258
9354,1040.421716694147,51,16,5,468908,468880,468931,468901,468918,251.79285714285717,17,-2340.0,28,23,3352.0,True,True,bp,-0.08064516129032258
9355,1937.4256988996842,88,24,14,470012,469961,470049,469999,470023,246.60139860139859,24,-2457.0,51,37,6324.0,False,False,bp,-0.5
9356,832.9017673075753,49,11,33,470090,470049,470098,470071,470092,84.17105263157895,21,1515.0,41,8,677.0,False,False,bp,-0.5
9357,1409.4360465179075,83,5,1,470140,470098,470181,470124,470159,131.38157894736844,35,-2106.0,42,41,6256.0,False,False,bp,-0.5
9358,2179.0457502215068,83,2,-21,470212,470181,470264,470199,470235,178.83444816053512,36,-1596.0,31,52,5140.0,True,True,bp,-0.5
9359,2321.1632760737853,66,2,-16,470289,470264,470330,470273,470309,148.1375,36,-2147.0,25,41,5108.0,True,True,bp,-0.5
9360,1230.921535382609,84,8,8,470376,470330,470414,470347,470392,101.48275862068964,45,-784.0,46,38,3853.0,True,True,bp,-0.5
9361,1536.2534111619773,69,7,17,470457,470414,470483,470445,470466,198.51388888888889,21,-926.0,43,26,4401.0,True,True,bp,-0.5
9362,533.3700109403006,32,9,16,470507,470483,470515,470494,470510,114.43589743589745,16,1175.0,24,8,1044.0,False,False,bp,-0.5
9363,448.9977360141301,83,-33,-29,470542,470515,470598,470535,470585,113.38205980066445,50,-299.0,27,56,2456.0,False,False,bp,-0.5
9364,470.31467929433813,36,-12,14,470623,470598,470634,470602,470629,75.72619047619048,27,-86.0,25,11,1358.0,True,False,bp,-0.5
9365,492.3807679939199,44,0,-6,470653,470634,470678,470644,470663,103.06111111111113,19,-147.0,19,25,2405.0,True,True,bp,-0.5
9366,606.0319715437076,53,4,-29,470690,470678,470731,470682,470714,114.10416666666669,32,233.0,12,41,2030.0,True,False,bp,-0.5
9367,432.08035100632003,50,-5,2,470757,470731,470781,470750,470770,148.79120879120882,20,-915.0,26,24,517.0,False,False,bp,-0.5
9368,43.338879188929226,17,12,-1,470789,470781,470798,470785,470792,65.79166666666666,7,-801.0,8,9,798.0,True,True,bp,-0.5
9369,538.1447401223393,54,-1,-4,470823,470798,470852,470811,470840,52.08333333333333,29,-1003.0,25,29,2345.0,False,False,bp,-0.5
9370,931.3065432909008,46,-13,-2,470874,470852,470898,470868,470892,147.05555555555554,24,-1256.0,22,24,1679.0,False,False,bp,-0.5
9371,133.83478639246232,33,-10,-7,470911,470898,470931,470903,470927,45.53125,24,-335.0,13,20,1450.0,False,False,bp,-0.5
9372,391.52467853616065,50,10,6,470959,470931,470981,470941,470962,80.8611111111111,21,-125.0,28,22,1235.0,True,True,bp,-0.5
9373,483.1292553511273,37,6,15,471007,470981,471018,470993,471012,85.52142857142857,19,-1026.0,26,11,1170.0,True,False,bp,-0.5
9374,195.5999142396143,81,-5,-5,471056,471018,471099,471037,471076,41.59342105263159,39,-1131.0,38,43,2312.0,True,False,bp,-0.5
9375,576.2405992962713,66,-24,-12,471126,471099,471165,471110,471151,59.24125,41,-1429.0,27,39,2681.0,False,False,bp,-0.5
9376,157.3113678381312,34,7,-8,471178,471165,471199,471168,471187,64.53333333333333,19,886.0,13,21,2054.0,False,False,bp,-0.5
9377,325.01203461732155,32,7,16,471223,471199,471231,471213,471227,131.425,14,1639.0,24,8,1664.0,True,True,bp,-0.5
9378,582.1391427177617,51,23,-1,471256,471231,471282,471248,471269,97.18269230769229,21,1244.0,25,26,2005.0,False,False,bp,-0.5
9379,272.7573755464871,115,-28,33,471356,471282,471397,471313,471370,81.89119601328903,57,-1246.0,74,41,2130.0,False,False,bp,-0.5
9380,415.9635281095662,62,-24,-44,471406,471397,471459,471399,471444,61.19736842105264,45,17.0,9,53,2836.0,False,False,bp,-0.5
9381,1019.6527059796373,38,-10,-12,471472,471459,471497,471465,471493,154.0,28,-203.0,13,25,1926.0,True,True,bp,-0.5
9382,523.296780955334,35,6,17,471523,471497,471532,471511,471527,140.5,16,-578.0,26,9,2208.0,True,False,bp,-0.5
9383,467.1544944270161,82,-18,-2,471572,471532,471614,471549,471593,51.952380952380956,44,-641.0,40,42,1977.0,True,False,bp,-0.5
9384,389.08355567247355,51,-16,-25,471627,471614,471665,471619,471653,78.82692307692308,34,-336.0,13,38,1747.0,True,True,bp,-0.5
9385,376.3009475184581,53,-10,-7,471688,471665,471718,471671,471701,72.41176470588233,30,-1124.0,23,30,1624.0,True,True,bp,-0.5
9386,66.00180480014699,47,-13,-27,471728,471718,471765,471721,471751,71.55590062111801,30,-506.0,10,37,1683.0,False,False,bp,-0.5
9387,268.5502490256597,53,-8,-37,471773,471765,471818,471768,471802,69.08275862068966,34,467.0,8,45,2047.0,False,False,bp,-0.5
9388,829.9467352427373,46,-7,24,471853,471818,471864,471828,471857,117.03,29,-479.0,35,11,2204.0,True,False,bp,-0.5
9389,262.03547550839056,34,6,10,471886,471864,471898,471879,471891,135.85714285714286,12,-176.0,22,12,1540.0,True,True,bp,-0.5
9390,296.5512276407333,49,0,11,471928,471898,471947,471909,471935,27.045112781954884,26,-512.0,30,19,763.0,False,False,bp,-0.5
9391,507.25654589015505,84,-20,0,471989,471947,472031,471961,472009,50.214285714285715,48,-2257.0,42,42,2529.0,False,False,bp,-0.5
9392,116.44802536804016,23,19,-5,472040,472031,472054,472037,472046,176.75,9,-1279.0,9,14,1338.0,True,False,bp,-0.5
9393,602.2728961732413,60,17,12,472090,472054,472114,472074,472100,78.56875,26,-1497.0,36,24,2142.0,True,False,bp,-0.5
9394,210.64552560125557,73,-6,47,472174,472114,472187,472143,472179,63.32903225806453,36,-869.0,60,13,1262.0,True,False,bp,-0.5
9395,409.59108830505136,93,-6,-21,472223,472187,472280,472209,472253,51.08333333333333,44,-1779.0,36,57,2868.0,False,False,bp,-0.5
9396,466.9254218298218,50,14,2,472306,472280,472330,472291,472310,121.43333333333334,19,-52.0,26,24,1958.0,False,False,bp,-0.5
9397,1267.9300941190256,51,5,9,472360,472330,472381,472343,472373,79.47285067873304,30,-353.0,30,21,3056.0,True,True,bp,-0.5
9398,818.2287696256217,67,-4,27,472428,472381,472448,472408,472440,79.6,32,-1955.0,47,20,1929.0,False,False,bp,-0.5
9399,3342.9423316688067,71,-3,-11,469990,469960,470031,469976,470009,238.91729323308275,33,-2549.0,30,41,7567.0,False,False,bp,-0.5
9400,1073.7798400510496,67,-15,17,470073,470031,470098,470039,470091,47.50326797385621,52,1972.0,42,25,1998.0,False,False,bp,-0.5
9401,2963.473099909633,83,13,1,470140,470098,470181,470128,470156,247.90625,28,-1764.0,42,41,7709.0,False,False,bp,-0.5
9402,3215.0344897120317,66,12,-14,470207,470181,470247,470197,470226,251.8210526315789,29,-701.0,26,40,5884.0,True,True,bp,-0.5
9403,1519.4686004710113,67,2,23,470292,470247,470314,470267,470301,148.98444444444445,34,297.0,45,22,3453.0,True,True,bp,-0.5
9404,1495.5526756531474,65,7,-3,470345,470314,470379,470337,470357,212.9375,20,-662.0,31,34,3593.0,True,True,bp,-0.5
9405,376.23956943822134,55,-27,33,470423,470379,470434,470384,470427,152.0480769230769,43,483.0,44,11,2395.0,True,False,bp,-0.5
9406,861.4921627880788,48,2,20,470468,470434,470482,470443,470476,88.37,33,901.0,34,14,2539.0,True,False,bp,-0.5
9407,766.8211263885255,99,-26,5,470534,470482,470581,470511,470561,57.4194847020934,50,-272.0,52,47,2461.0,True,False,bp,-0.5
9408,1263.7906918545498,50,2,-30,470591,470581,470631,470585,470612,189.75,27,-1222.0,10,40,3953.0,True,False,bp,-0.5
9409,664.3799950387922,33,4,9,470652,470631,470664,470641,470658,122.8560606060606,17,-83.0,21,12,1962.0,True,True,bp,-0.5
9410,914.5686931774969,50,34,4,470691,470664,470714,470679,470696,199.375,17,-687.0,27,23,3478.0,True,False,bp,-0.5
9411,392.75810052612326,85,2,-1,470756,470714,470799,470747,470775,136.80994152046785,28,-1173.0,42,43,2514.0,True,False,bp,-0.5
9412,1419.7483295768927,38,-3,10,470823,470799,470837,470805,470827,236.88888888888889,22,-2156.0,24,14,3638.0,False,False,bp,-0.5
9413,590.0601328932355,30,-5,28,470866,470837,470867,470846,470867,-86.85,21,92.0,29,1,-215.0,False,False,bp,-0.5
9414,786.3746361443774,44,10,14,470896,470867,470911,470883,470903,98.84065934065931,20,-1632.0,29,15,1924.0,False,False,bp,-0.5
9415,366.0446770220572,53,24,-1,470937,470911,470964,470933,470942,231.425,9,-1314.0,26,27,2110.0,True,True,bp,-0.5
9416,511.05267511994026,37,-5,17,470991,470964,471001,470975,470995,111.09375,20,-1337.0,27,10,2026.0,True,False,bp,-0.5
9417,529.8946845542363,50,-13,-6,471023,471001,471051,471010,471042,64.19230769230771,32,-1158.0,22,28,2543.0,True,True,bp,-0.5
9418,665.3764860133582,47,16,-3,471073,471051,471098,471061,471078,122.24166666666667,17,-991.0,22,25,2490.0,True,True,bp,-0.5
9419,1118.8185424303408,50,6,2,471124,471098,471148,471111,471130,204.3141025641025,19,-2736.0,26,24,3149.0,True,True,bp,-0.5
9420,768.4200185113414,66,-9,-26,471168,471148,471214,471155,471193,99.75692307692309,38,-1475.0,20,46,3879.0,False,False,bp,-0.5
9421,748.9588291380184,50,-5,2,471240,471214,471264,471222,471247,82.59523809523809,25,92.0,26,24,1655.0,True,False,bp,-0.5
9422,155.06959273672658,35,3,-17,471273,471264,471299,471267,471284,146.47727272727275,17,63.0,9,26,1333.0,True,True,bp,-0.5
9423,150.53181807614015,22,33,-6,471307,471299,471321,471304,471312,152.86666666666662,8,-45.0,8,14,450.0,False,False,bp,-0.5
9424,369.77632819773066,93,-7,11,471373,471321,471414,471353,471388,47.3,35,-2395.0,52,41,2290.0,False,False,bp,-0.5
9425,119.57086194876136,50,16,-32,471423,471414,471464,471416,471436,83.81868131868131,20,-908.0,9,41,2755.0,False,False,bp,-0.5
9426,446.98939897784925,34,3,16,471489,471464,471498,471472,471491,94.41176470588236,19,-362.0,25,9,713.0,False,False,bp,-0.5
9427,874.099150437407,34,13,8,471519,471498,471532,471513,471525,158.41666666666669,12,-1760.0,21,13,2129.0,False,False,bp,-0.5
9428,909.1475827852156,44,7,6,471557,471532,471576,471550,471563,191.05952380952382,13,-2641.0,25,19,1833.0,True,True,bp,-0.5
9429,296.67650976913,27,5,-7,471586,471576,471603,471583,471596,177.41666666666669,13,-2177.0,10,17,2510.0,True,True,bp,-0.5
9430,888.5346671252237,45,-2,-5,471623,471603,471648,471614,471641,91.61111111111113,27,-1838.0,20,25,2344.0,True,True,bp,-0.5
9431,885.6905848774969,50,11,2,471674,471648,471698,471666,471684,188.9875,18,-3061.0,26,24,2892.0,True,True,bp,-0.5
9432,805.8764894990387,53,26,-1,471724,471698,471751,471713,471730,184.1060606060606,17,-3209.0,26,27,2838.0,True,True,bp,-0.5
9433,448.8293924650882,49,4,31,471791,471751,471800,471773,471794,120.47222222222223,21,-3175.0,40,9,1741.0,True,True,bp,-0.5
9434,345.53411115233314,62,-2,18,471840,471800,471862,471819,471847,70.95238095238095,28,-3248.0,40,22,1346.0,True,False,bp,-0.5
9435,404.25312231507627,37,17,9,471885,471862,471899,471873,471888,129.83333333333331,15,-3647.0,23,14,993.0,False,False,bp,-0.5
9436,266.6223571664947,123,-30,-19,471951,471899,472022,471920,471992,41.695121951219505,72,-5196.0,52,71,3500.0,False,False,bp,-0.5
9437,91.51049425762173,43,-20,23,472055,472022,472065,472034,472062,68.30952380952381,28,-2390.0,33,10,2271.0,False,False,bp,-0.5
9438,309.33666307269687,52,4,-32,472075,472065,472117,472070,472102,177.77037037037042,32,-2540.0,10,42,3873.0,True,False,bp,-0.5
9439,357.6410377055063,80,-19,6,472160,472117,472197,472138,472179,71.81698564593302,41,-1755.0,43,37,2177.0,True,False,bp,-0.5
9440,282.442833116992,49,22,-29,472207,472197,472246,472201,472216,188.75,15,-1963.0,10,39,1614.0,True,True,bp,-0.5
9441,801.3083355327623,50,7,-28,472257,472246,472296,472253,472273,156.53125,20,-1773.0,11,39,3916.0,False,False,bp,-0.5
9442,440.25100885931573,64,6,-44,472306,472296,472360,472300,472330,119.83333333333331,30,49.0,10,54,2217.0,True,False,bp,-0.5
9443,399.15032395516465,26,8,2,472374,472360,472386,472366,472379,179.775,13,-266.0,14,12,2197.0,True,False,bp,-0.5
9444,1033.9439704538568,62,1,-20,472407,472386,472448,472400,472431,129.1279761904762,31,-623.0,21,41,3677.0,True,False,bp,-0.5
9445,381.35553254279574,35,7,17,473673,473647,473682,473659,473678,77.37857142857143,19,-1341.0,26,9,1025.0,False,False,bp,-0.7380952380952381
9446,404.601140646725,55,1,25,473722,473682,473737,473704,473727,112.75,23,-2632.0,40,15,1638.0,False,False,bp,-0.7380952380952381
9447,962.8579458203805,43,30,-5,473756,473737,473780,473751,473765,191.03333333333333,14,-2713.0,19,24,3586.0,False,False,bp,-0.7380952380952381
9448,496.68490072295083,68,-19,52,473840,473780,473848,473809,473844,87.20161290322581,35,-1726.0,60,8,1098.0,False,False,bp,-0.7380952380952381
9449,245.74073092780293,50,-21,0,473873,473848,473898,473860,473895,57.73251748251748,35,-2482.0,25,25,1252.0,True,True,bp,-0.7380952380952381
9450,368.53993219420175,60,7,-12,473922,473898,473958,473909,473934,86.06410256410255,25,-2418.0,24,36,2819.0,False,False,bp,-0.7380952380952381
9451,1019.7294188075624,40,-4,22,473989,473958,473998,473966,473993,143.21195652173913,27,-1819.0,31,9,2003.0,True,False,bp,-0.7380952380952381
9452,658.3015621225715,49,4,5,474025,473998,474047,474016,474036,89.13636363636363,20,-1273.0,27,22,2051.0,True,False,bp,-0.7380952380952381
9453,491.25869299938296,83,-22,-33,474072,474047,474130,474060,474110,65.18859649122807,50,-1244.0,25,58,2665.0,True,False,bp,-0.7380952380952381
9454,502.229916702902,52,-4,0,474156,474130,474182,474138,474168,55.930555555555564,30,-1504.0,26,26,766.0,False,False,bp,-0.7380952380952381
9455,918.6327304001694,66,15,-16,474207,474182,474248,474194,474223,117.7596153846154,29,-2620.0,25,41,4249.0,False,False,bp,-0.7380952380952381
9456,2493.3263561892954,82,26,-32,474273,474248,474330,474267,474291,292.1944444444445,24,-3546.0,25,57,5318.0,True,True,bp,-0.7380952380952381
9457,3654.213873608374,64,-1,-14,474355,474330,474394,474341,474371,261.3080357142857,30,-5724.0,25,39,7877.0,False,False,bp,-0.7380952380952381
9458,1084.361213070536,70,-17,-44,474407,474394,474464,474400,474443,131.77380952380952,43,-799.0,13,57,3002.0,False,False,bp,-0.7380952380952381
9459,942.9952272791464,67,6,-37,474479,474464,474531,474469,474499,114.4,30,-851.0,15,52,2131.0,True,True,bp,-0.7380952380952381
9460,602.2688336736218,65,9,-49,474539,474531,474596,474535,474568,179.45689655172413,33,-731.0,8,57,3650.0,True,True,bp,-0.7380952380952381
9461,220.85198467048386,49,-12,37,474639,474596,474645,474610,474641,73.47413793103449,31,368.0,43,6,384.0,False,False,bp,-0.7380952380952381
9462,285.3368864828112,69,-15,-13,474673,474645,474714,474660,474698,77.96153846153845,38,-870.0,28,41,2353.0,False,False,bp,-0.7380952380952381
9463,445.37639316517914,49,18,3,474740,474714,474763,474721,474750,67.61052631578947,29,533.0,26,23,2157.0,False,False,bp,-0.7380952380952381
9464,925.7582884201033,67,-12,9,474801,474763,474830,474797,474826,272.91,29,-699.0,38,29,2654.0,True,True,bp,-0.7380952380952381
9465,204.47729074761227,47,2,7,474857,474830,474877,474843,474867,38.714285714285715,24,353.0,27,20,1045.0,False,False,bp,-0.7380952380952381
9466,684.2626824541868,68,-17,-10,474906,474877,474945,474893,474936,76.16666666666667,43,-807.0,29,39,2315.0,False,False,bp,-0.7380952380952381
9467,1001.6780278026308,50,2,6,474973,474945,474995,474962,474983,147.48181818181817,21,-1832.0,28,22,2792.0,True,True,bp,-0.7380952380952381
9468,308.1011483566495,53,-10,3,475023,474995,475048,475006,475036,24.436651583710407,30,-867.0,28,25,1811.0,True,True,bp,-0.7380952380952381
9469,1206.6564971532318,49,8,-9,475068,475048,475097,475056,475075,167.11904761904762,19,-1335.0,20,29,3973.0,True,True,bp,-0.7380952380952381
9470,884.3195458358417,51,-30,11,475128,475097,475148,475102,475142,71.36263736263737,40,-805.0,31,20,2249.0,True,False,bp,-0.7380952380952381
9471,358.23226007562414,33,8,-9,475160,475148,475181,475152,475173,80.41826923076924,21,-7.0,12,21,1874.0,False,False,bp,-0.7380952380952381
9472,2096.354457571404,63,-3,-9,475208,475181,475244,475202,475228,235.98333333333332,26,-2116.0,27,36,4339.0,False,False,bp,-0.7380952380952381
9473,827.3254404087593,83,-11,-27,475272,475244,475327,475251,475300,60.98214285714286,49,-1761.0,28,55,2003.0,True,True,bp,-0.7380952380952381
9474,1471.2327318436953,86,5,-24,475358,475327,475413,475338,475375,98.21029411764708,37,-3510.0,31,55,3499.0,True,False,bp,-0.7380952380952381
9475,1665.9698296817398,51,8,-29,475424,475413,475464,475417,475445,184.02380952380955,28,-3171.0,11,40,4363.0,True,False,bp,-0.7380952380952381
9476,1244.8899016361931,51,-1,1,475490,475464,475515,475481,475509,121.40643274853802,28,-1793.0,26,25,2616.0,True,True,bp,-0.7380952380952381
9477,674.7643401313097,50,-16,32,475556,475515,475565,475536,475561,112.4,25,-1754.0,41,9,1778.0,True,False,bp,-0.7380952380952381
9478,119.27614916818553,32,13,16,475589,475565,475597,475570,475591,92.7894736842105,21,-1622.0,24,8,731.0,False,False,bp,-0.7380952380952381
9479,278.68856354537115,84,-5,2,475640,475597,475681,475625,475661,44.7952380952381,36,-2750.0,43,41,2323.0,False,False,bp,-0.7380952380952381
9480,415.3737238625456,50,-8,2,475707,475681,475731,475692,475719,35.333333333333336,27,-1489.0,26,24,1500.0,False,False,bp,-0.7380952380952381
9481,360.3801753988586,36,-5,-18,475740,475731,475767,475738,475763,98.86956521739133,25,-512.0,9,27,1812.0,False,False,bp,-0.7380952380952381
9482,760.5433523791252,63,38,-19,475789,475767,475830,475783,475802,238.1410256410256,19,-2305.0,22,41,2001.0,True,False,bp,-0.7380952380952381
9483,448.7698015591597,84,9,0,475872,475830,475914,475859,475894,68.64685314685315,35,-2390.0,42,42,2979.0,True,True,bp,-0.7380952380952381
9484,212.217943294142,67,-24,43,475969,475914,475981,475938,475976,63.806451612903224,38,-2984.0,55,12,994.0,False,False,bp,-0.7380952380952381
9485,159.03908924038814,55,-5,-11,476003,475981,476036,475990,476016,87.61538461538461,26,-3099.0,22,33,1758.0,False,False,bp,-0.7380952380952381
9486,172.70486989717946,60,8,-52,476040,476036,476096,476037,476070,118.23333333333332,33,-2028.0,4,56,2300.0,False,False,bp,-0.7380952380952381
9487,149.2206542590675,52,-14,30,476137,476096,476148,476111,476146,20.220085470085472,35,-882.0,41,11,596.0,False,False,bp,-0.7380952380952381
9488,839.9877848639278,67,-6,17,476190,476148,476215,476167,476196,131.91304347826087,29,-3763.0,42,25,2537.0,False,False,bp,-0.7380952380952381
9489,337.78863140067847,33,7,-17,476223,476215,476248,476219,476233,152.575,14,-2105.0,8,25,3493.0,False,False,bp,-0.7380952380952381
9490,878.6166405573504,52,16,-14,476267,476248,476300,476254,476277,89.77692307692308,23,-414.0,19,33,2312.0,True,True,bp,-0.7380952380952381
9491,319.0244413998989,47,9,-3,476322,476300,476347,476316,476334,140.58333333333334,18,-584.0,22,25,942.0,False,False,bp,-0.7380952380952381
9492,605.2342097922633,65,-21,-7,476376,476347,476412,476361,476399,78.64057971014492,38,-2639.0,29,36,2012.0,False,False,bp,-0.7380952380952381
9493,221.14999950183173,35,22,-15,476422,476412,476447,476416,476434,134.83333333333334,18,-2284.0,10,25,1912.0,True,False,bp,-0.7380952380952381
9494,879.4064136102202,74,-10,14,476491,476447,476521,476474,476509,78.27941176470588,35,-3616.0,44,30,3527.0,False,False,bp,-0.7380952380952381
9495,578.5812694072376,40,24,-10,473690,473675,473715,473685,473700,168.85000000000005,15,-1668.0,15,25,1003.0,False,False,bp,-0.7380952380952381
9496,494.9207473599935,66,27,16,473756,473715,473781,473739,473760,171.99264705882354,21,-2661.0,41,25,2573.0,True,True,bp,-0.7380952380952381
9497,1230.004536591071,78,-7,6,473823,473781,473859,473808,473841,91.67222222222222,33,-2603.0,42,36,3962.0,True,True,bp,-0.7380952380952381
9498,972.9336831509047,72,-19,22,473906,473859,473931,473867,473911,133.0871794871795,44,-1657.0,47,25,2837.0,True,False,bp,-0.7380952380952381
9499,1493.9684355447694,49,12,-21,473945,473931,473980,473936,473957,167.48611111111111,21,-2362.0,14,35,2934.0,True,True,bp,-0.7380952380952381
9500,484.6027404940256,51,-7,1,474006,473980,474031,473990,474017,77.4034090909091,27,-2166.0,26,25,1332.0,False,False,bp,-0.7380952380952381
9501,535.8617937481221,48,-5,-30,474040,474031,474079,474037,474063,133.91304347826087,26,-1882.0,9,39,3632.0,False,False,bp,-0.7380952380952381
9502,757.4827417300775,54,14,-34,474089,474079,474133,474084,474111,168.48636363636362,27,-655.0,10,44,2557.0,True,False,bp,-0.7380952380952381
9503,797.2530987317198,81,-32,-1,474173,474133,474214,474152,474202,73.70771756978655,50,-1706.0,40,41,3526.0,True,True,bp,-0.7380952380952381
9504,1133.4004578301503,50,13,-14,474232,474214,474264,474220,474245,98.83974358974359,25,-399.0,18,32,2788.0,True,True,bp,-0.7380952380952381
9505,1257.0074005763895,80,-18,4,474306,474264,474344,474283,474325,95.59153318077804,42,-1543.0,42,38,4550.0,True,True,bp,-0.7380952380952381
9506,1849.594107082712,53,3,-17,474362,474344,474397,474349,474376,139.88186813186815,27,-957.0,18,35,2787.0,True,True,bp,-0.7380952380952381
9507,1372.0324332935181,50,-7,0,474422,474397,474447,474406,474440,102.01736111111113,34,-1571.0,25,25,3763.0,True,True,bp,-0.7380952380952381
9508,1849.7268918769546,67,8,13,474487,474447,474514,474467,474500,138.43461538461537,33,-1622.0,40,27,4681.0,True,True,bp,-0.7380952380952381
9509,819.7284056799663,66,-2,24,474559,474514,474580,474541,474568,73.6111111111111,27,40.0,45,21,1886.0,False,False,bp,-0.7380952380952381
9510,430.03972753270284,56,-14,-2,474607,474580,474636,474593,474630,12.139751552795033,37,1234.0,27,29,1834.0,False,False,bp,-0.7380952380952381
9511,1708.7994189619706,68,-4,-10,474665,474636,474704,474653,474690,127.86333333333332,37,-717.0,29,39,4491.0,False,False,bp,-0.7380952380952381
9512,674.1032145495353,64,-11,6,474739,474704,474768,474723,474753,55.98214285714285,30,589.0,35,29,1676.0,True,False,bp,-0.7380952380952381
9513,342.0413475422295,28,7,-8,474778,474768,474796,474772,474792,102.4404761904762,20,524.0,10,18,1484.0,True,False,bp,-0.7380952380952381
9514,632.3497294098325,51,-10,7,474825,474796,474847,474819,474841,149.32291666666669,22,-694.0,29,22,2425.0,True,False,bp,-0.7380952380952381
9515,548.566215150345,34,-1,-14,474857,474847,474881,474853,474873,240.90625,20,-1229.0,10,24,3111.0,True,False,bp,-0.7380952380952381
9516,1029.4688987753814,50,-8,18,474915,474881,474931,474892,474925,103.36956521739133,33,-353.0,34,16,3066.0,True,True,bp,-0.7380952380952381
9517,295.5653041535715,67,-17,17,474973,474931,474998,474950,474985,41.20833333333333,35,694.0,42,25,1536.0,True,True,bp,-0.7380952380952381
9518,263.1749687560102,46,-13,16,475029,474998,475044,475003,475035,37.1474358974359,32,-258.0,31,15,337.0,False,False,bp,-0.7380952380952381
9519,351.2934461964782,57,-1,-25,475060,475044,475101,475054,475082,60.66666666666666,28,-738.0,16,41,2240.0,False,False,bp,-0.7380952380952381
9520,725.702470448977,49,-12,-5,475123,475101,475150,475109,475145,56.93181818181818,36,-767.0,22,27,1753.0,True,True,bp,-0.7380952380952381
9521,637.6961928755112,47,13,-1,475173,475150,475197,475169,475186,167.16346153846158,17,-654.0,23,24,2317.0,True,True,bp,-0.7380952380952381
9522,602.7259937384492,50,0,2,475223,475197,475247,475216,475234,120.00649350649351,18,-424.0,26,24,1506.0,True,True,bp,-0.7380952380952381
9523,903.9686188281083,34,-1,-14,475257,475247,475281,475252,475275,153.15555555555557,23,-971.0,10,24,2577.0,True,False,bp,-0.7380952380952381
9524,526.9008413790721,66,-12,18,475323,475281,475347,475297,475333,88.26923076923076,36,-1116.0,42,24,1631.0,True,False,bp,-0.7380952380952381
9525,767.7846260717429,50,9,2,475373,475347,475397,475357,475378,115.6125,21,-962.0,26,24,2691.0,True,True,bp,-0.7380952380952381
9526,1345.9967016046933,50,9,2,475423,475397,475447,475408,475427,241.54166666666663,19,-1942.0,26,24,3239.0,True,True,bp,-0.7380952380952381
9527,778.6909908452644,35,-4,13,475471,475447,475482,475455,475476,160.1625,21,-930.0,24,11,2531.0,True,True,bp,-0.7380952380952381
9528,754.5197393158377,49,-13,23,475518,475482,475531,475493,475523,104.86,30,-205.0,36,13,2209.0,True,True,bp,-0.7380952380952381
9529,1389.3495066777139,50,23,-2,475555,475531,475581,475540,475562,154.88095238095238,22,-825.0,24,26,3537.0,True,False,bp,-0.7380952380952381
9530,291.3405218462153,100,-41,50,475656,475581,475681,475607,475668,89.85799319727892,61,-1211.0,75,25,3224.0,True,False,bp,-0.7380952380952381
9531,806.4620393502162,66,22,-26,475701,475681,475747,475688,475719,76.87606837606837,31,-434.0,20,46,2120.0,False,False,bp,-0.7380952380952381
9532,607.4004585636512,53,-3,31,475789,475747,475800,475772,475793,173.67647058823533,21,-2946.0,42,11,1917.0,False,False,bp,-0.7380952380952381
9533,321.78668539365424,30,6,16,475823,475800,475830,475811,475826,232.625,15,-4777.0,23,7,1839.0,False,False,bp,-0.7380952380952381
9534,1060.6252136024232,51,1,1,475856,475830,475881,475847,475865,169.22222222222226,18,-6674.0,26,25,2480.0,False,False,bp,-0.7380952380952381
9535,290.1247527867327,37,3,-15,475892,475881,475918,475884,475910,76.20833333333333,26,-5540.0,11,26,1818.0,True,False,bp,-0.7380952380952381
9536,337.41935692417235,51,0,23,475955,475918,475969,475939,475959,163.875,20,-6527.0,37,14,1421.0,True,True,bp,-0.7380952380952381
9537,225.30829459037486,36,-14,24,475999,475969,476005,475979,476002,114.925,23,-7267.0,30,6,1342.0,True,False,bp,-0.7380952380952381
9538,526.6559607213976,56,-17,-18,476024,476005,476061,476011,476051,66.17521367521367,40,-7441.0,19,37,4204.0,False,False,bp,-0.7380952380952381
9539,551.9601290445289,36,29,14,476086,476061,476097,476074,476093,102.19642857142857,19,-4770.0,25,11,2288.0,False,False,bp,-0.7380952380952381
9540,825.9920575209669,117,13,1,476156,476097,476214,476141,476172,118.42708333333331,31,-6516.0,59,58,3921.0,False,False,bp,-0.7380952380952381
9541,720.4531313229545,50,16,-38,476220,476214,476264,476216,476244,48.25,28,-2672.0,6,44,4249.0,False,False,bp,-0.7380952380952381
9542,259.2890360992596,83,-6,-7,476302,476264,476347,476288,476327,57.832857142857144,39,-997.0,38,45,888.0,False,False,bp,-0.7380952380952381
9543,315.32164399820374,82,-13,2,476389,476347,476429,476360,476407,52.048850574712645,47,-3683.0,42,40,1886.0,False,False,bp,-0.7380952380952381
9544,353.6668350394074,47,-6,5,476455,476429,476476,476441,476464,49.54365079365079,23,-4018.0,26,21,1557.0,True,False,bp,-0.7380952380952381
9545,133.4598299133609,19,-2,7,476489,476476,476495,476481,476491,235.1875,10,-3944.0,13,6,2205.0,False,False,bp,-0.7380952380952381
9546,520.5284872613379,50,-17,22,478383,478347,478397,478370,478395,100.52884615384615,25,-126.0,36,14,1265.0,False,False,bp,-6.815789473684211
9547,882.4916374782712,81,4,-43,478416,478397,478478,478403,478441,101.65076923076923,38,-1363.0,19,62,5663.0,False,False,bp,-6.815789473684211
9548,152.97164464160073,19,13,-3,478486,478478,478497,478483,478492,155.25,9,3156.0,8,11,1058.0,False,False,bp,-6.815789473684211
9549,1020.0558800330516,67,2,-15,478523,478497,478564,478514,478543,186.76944444444442,29,74.0,26,41,3649.0,False,False,bp,-6.815789473684211
9550,1714.078031247469,54,15,-4,478589,478564,478618,478574,478601,145.90833333333333,27,148.0,25,29,4430.0,True,True,bp,-6.815789473684211
9551,409.34804287695124,73,-20,29,478669,478618,478691,478643,478680,57.21328671328671,37,121.0,51,22,1964.0,False,False,bp,-6.815789473684211
9552,233.7655432241663,40,-4,-6,478708,478691,478731,478697,478717,112.71717171717172,20,660.0,17,23,1948.0,True,True,bp,-6.815789473684211
9553,635.4069980494833,29,-6,-13,478739,478731,478760,478733,478752,117.18589743589745,19,928.0,8,21,2275.0,False,False,bp,-6.815789473684211
9554,354.9391205543992,55,0,-25,478775,478760,478815,478765,478800,26.38,35,2765.0,15,40,1537.0,False,False,bp,-6.815789473684211
9555,2671.965630631008,68,11,12,478855,478815,478883,478835,478864,286.40833333333336,29,-2349.0,40,28,7245.0,False,False,bp,-6.815789473684211
9556,2240.765063469154,63,44,15,478922,478883,478946,478904,478929,202.281746031746,25,-743.0,39,24,3759.0,True,True,bp,-6.815789473684211
9557,1600.9228691714466,86,17,40,479009,478946,479032,478998,479025,155.9119318181818,27,-1431.0,63,23,3245.0,True,True,bp,-6.815789473684211
9558,2201.069453158246,83,-2,29,479088,479032,479115,479069,479094,276.08333333333337,25,-3632.0,56,27,4773.0,False,False,bp,-6.815789473684211
9559,342.6116205679343,29,14,-15,479122,479115,479144,479117,479129,212.4142857142857,12,-574.0,7,22,3168.0,False,False,bp,-6.815789473684211
9560,1404.4109334403495,52,6,2,479171,479144,479196,479155,479177,176.75,22,-1292.0,27,25,2958.0,True,False,bp,-6.815789473684211
9561,240.74202149888356,51,-6,1,479222,479196,479247,479205,479231,100.4281045751634,26,179.0,26,25,2683.0,True,True,bp,-6.815789473684211
9562,1276.4845993804581,50,4,-2,479271,479247,479297,479251,479280,140.95833333333331,29,-139.0,24,26,3905.0,True,True,bp,-6.815789473684211
9563,1906.4507972891877,56,6,6,479328,479297,479353,479313,479342,155.20714285714286,29,-1100.0,31,25,4400.0,True,True,bp,-6.815789473684211
9564,1559.850832451928,61,44,11,479389,479353,479414,479377,479396,227.06547619047618,19,-1168.0,36,25,3783.0,True,True,bp,-6.815789473684211
9565,712.4949908839936,100,-14,50,479489,479414,479514,479459,479497,120.05,38,-1087.0,75,25,2774.0,True,False,bp,-6.815789473684211
9566,883.788959786611,49,-3,1,479539,479514,479563,479521,479546,96.44841269841272,25,-1338.0,25,24,1425.0,False,False,bp,-6.815789473684211
9567,588.6503325783647,67,-7,-47,479573,479563,479630,479568,479608,138.45714285714286,40,-1974.0,10,57,2231.0,True,False,bp,-6.815789473684211
9568,326.64436361060945,51,8,1,479656,479630,479681,479641,479670,41.25,29,-1199.0,26,25,1269.0,True,True,bp,-6.815789473684211
9569,188.82041358556592,83,-16,35,479740,479681,479764,479707,479749,74.25757575757575,42,-1611.0,59,24,1582.0,True,False,bp,-6.815789473684211
9570,194.05241462754788,31,-1,19,479789,479764,479795,479775,479791,130.32142857142858,16,-1282.0,25,6,1494.0,True,False,bp,-6.815789473684211
9571,248.6765054923574,42,-2,16,479824,479795,479837,479806,479828,66.0138888888889,22,-945.0,29,13,1244.0,True,True,bp,-6.815789473684211
9572,333.0166357538545,44,0,16,479867,479837,479881,479848,479871,78.59868421052632,23,-1362.0,30,14,802.0,False,False,bp,-6.815789473684211
9573,606.4232046156287,83,-36,-11,479917,479881,479964,479894,479951,63.97762148337596,57,-3250.0,36,47,3654.0,False,False,bp,-6.815789473684211
9574,497.0547542310665,33,-6,5,479983,479964,479997,479972,479991,80.30113636363637,19,-1926.0,19,14,1421.0,False,False,bp,-6.815789473684211
9575,560.9841010208938,48,-14,4,480023,479997,480045,480004,480033,92.14473684210527,29,-3364.0,26,22,1570.0,False,False,bp,-6.815789473684211
9576,372.57533898089173,35,7,-25,480050,480045,480080,480048,480067,202.9852941176471,19,-3138.0,5,30,1784.0,True,False,bp,-6.815789473684211
9577,256.8898415249736,69,-15,-19,480105,480080,480149,480093,480130,79.36666666666667,37,-4285.0,25,44,3267.0,True,False,bp,-6.815789473684211
9578,508.28938635038946,48,4,-34,480156,480149,480197,480152,480174,169.66666666666666,22,-2824.0,7,41,3675.0,False,False,bp,-6.815789473684211
9579,270.3282495480176,34,16,-16,480206,480197,480231,480200,480217,181.8106060606061,17,-1040.0,9,25,1849.0,True,True,bp,-6.815789473684211
9580,255.5372716435371,33,15,19,480257,480231,480264,480250,480261,152.53571428571428,11,-1542.0,26,7,1122.0,False,False,bp,-6.815789473684211
9581,499.74696501703033,51,-3,31,480305,480264,480315,480287,480309,135.29166666666666,22,-3333.0,41,10,1827.0,False,False,bp,-6.815789473684211
9582,439.33014644724966,49,6,-3,480338,480315,480364,480328,480353,28.46666666666667,25,-3025.0,23,26,1891.0,True,False,bp,-6.815789473684211
9583,669.4876044576005,51,-20,31,480405,480364,480415,480384,480411,126.08333333333331,27,-3975.0,41,10,2029.0,True,False,bp,-6.815789473684211
9584,374.1525342025431,39,-2,5,480437,480415,480454,480418,480442,128.24736842105258,24,-3210.0,22,17,2298.0,True,True,bp,-6.815789473684211
9585,896.4474003971301,56,-5,18,478367,478330,478386,478348,478376,81.28362573099416,28,576.0,37,19,1843.0,False,False,bp,-6.815789473684211
9586,899.5902717313243,66,4,-30,478404,478386,478452,478399,478440,132.35277777777782,41,396.0,18,48,3955.0,True,False,bp,-6.815789473684211
9587,1301.2132550557812,61,4,15,478490,478452,478513,478485,478506,174.275,21,2065.0,38,23,3592.0,True,True,bp,-6.815789473684211
9588,1785.3397463405895,51,-3,13,478545,478513,478564,478531,478557,147.44047619047618,26,1104.0,32,19,3110.0,True,True,bp,-6.815789473684211
9589,2123.5212506918974,54,7,-4,478589,478564,478618,478580,478606,207.73202614379085,26,-1059.0,25,29,4691.0,True,True,bp,-6.815789473684211
9590,1282.622092719521,63,4,1,478650,478618,478681,478639,478664,172.3798701298701,25,-48.0,32,31,3181.0,True,True,bp,-6.815789473684211
9591,1010.5873084885072,45,21,-7,478700,478681,478726,478693,478711,178.50649350649346,18,527.0,19,26,2893.0,True,True,bp,-6.815789473684211
9592,681.698321461701,59,8,-1,478755,478726,478785,478750,478770,181.9,20,578.0,29,30,1863.0,True,False,bp,-6.815789473684211
9593,200.30519543091134,30,15,10,478805,478785,478815,478798,478811,107.2738095238095,13,1415.0,20,10,2015.0,False,False,bp,-6.815789473684211
9594,1847.5595731353455,67,-6,15,478856,478815,478882,478839,478873,152.67647058823533,34,-650.0,41,26,6186.0,False,False,bp,-6.815789473684211
9595,3039.3199234016242,50,13,10,478912,478882,478932,478901,478923,233.54545454545456,22,-695.0,30,20,4703.0,False,False,bp,-6.815789473684211
9596,248.4541035053836,43,21,35,478971,478932,478975,478958,478972,118.0,14,1947.0,39,4,799.0,False,False,bp,-6.815789473684211
9597,958.7952020772836,73,-5,23,479023,478975,479048,479007,479038,95.25416666666666,31,-76.0,48,25,3903.0,False,False,bp,-6.815789473684211
9598,1490.5965428683933,66,-7,-8,479077,479048,479114,479064,479094,130.01357466063348,30,-431.0,29,37,3167.0,True,False,bp,-6.815789473684211
9599,1123.3394728803903,34,-2,-16,479123,479114,479148,479117,479141,158.61111111111111,24,539.0,9,25,3569.0,True,False,bp,-6.815789473684211
9600,1166.134023100523,57,-5,-9,479172,479148,479205,479163,479193,132.52380952380952,30,321.0,24,33,2013.0,True,False,bp,-6.815789473684211
9601,1266.15347726334,42,4,-6,479223,479205,479247,479218,479235,267.43333333333334,17,-1361.0,18,24,3585.0,True,True,bp,-6.815789473684211
9602,1216.1801002464995,64,1,-16,479271,479247,479311,479256,479286,110.46666666666668,30,-914.0,24,40,4170.0,True,True,bp,-6.815789473684211
9603,1185.492116819904,49,-1,-27,479322,479311,479360,479317,479344,166.4,27,517.0,11,38,2609.0,True,True,bp,-6.815789473684211
9604,1014.8970367221727,66,-10,-16,479385,479360,479426,479370,479406,79.99047619047619,36,39.0,25,41,2798.0,True,True,bp,-6.815789473684211
9605,781.613691303577,70,-14,-42,479440,479426,479496,479432,479478,145.66776315789474,46,-869.0,14,56,1715.0,False,False,bp,-6.815789473684211
9606,330.8100064192155,45,0,11,479524,479496,479541,479510,479529,77.49285714285716,19,-1195.0,28,17,1202.0,False,False,bp,-6.815789473684211
9607,215.4700655423441,39,-2,-11,479555,479541,479580,479548,479569,41.035714285714285,21,-583.0,14,25,1660.0,False,False,bp,-6.815789473684211
9608,691.8292312838142,34,15,-6,479594,479580,479614,479588,479607,133.03846153846158,19,-1351.0,14,20,1467.0,True,True,bp,-6.815789473684211
9609,405.8152046716541,51,26,35,479657,479614,479665,479641,479660,82.57291666666667,19,-2242.0,43,8,1026.0,False,False,bp,-6.815789473684211
9610,615.3105866684225,80,-9,36,479723,479665,479745,479705,479734,56.694444444444436,29,-4750.0,58,22,2060.0,False,False,bp,-6.815789473684211
9611,635.7580207312643,52,0,-22,479760,479745,479797,479754,479778,179.88888888888889,24,-4870.0,15,37,3101.0,True,False,bp,-6.815789473684211
9612,449.48848370536103,21,12,-1,479807,479797,479818,479802,479811,268.35,9,-4805.0,10,11,2508.0,True,False,bp,-6.815789473684211
9613,923.1050261771176,46,1,8,479845,479818,479864,479832,479857,63.85897435897437,25,-4400.0,27,19,1974.0,False,False,bp,-6.815789473684211
9614,787.9281505400943,83,-23,23,479917,479864,479947,479883,479929,165.6102941176471,46,-7050.0,53,30,4036.0,False,False,bp,-6.815789473684211
9615,205.53066559431832,29,11,-11,479956,479947,479976,479952,479961,259.6,9,-4808.0,9,20,2670.0,False,False,bp,-6.815789473684211
9616,183.97991250920128,26,17,-8,479985,479976,480002,479981,479994,203.56944444444446,13,-4291.0,9,17,1227.0,False,False,bp,-6.815789473684211
9617,544.2807578844066,78,5,-4,480039,480002,480080,480024,480053,62.60238095238096,29,-5620.0,37,41,4833.0,False,False,bp,-6.815789473684211
9618,1031.1680262572743,40,0,-14,480093,480080,480120,480087,480106,163.2948717948718,19,-3193.0,13,27,3264.0,False,False,bp,-6.815789473684211
9619,716.9596276339771,44,-17,-14,480135,480120,480164,480125,480159,66.7,34,-1433.0,15,29,2630.0,False,False,bp,-6.815789473684211
9620,546.9815034908519,38,-4,12,480189,480164,480202,480176,480193,163.64423076923075,17,-1778.0,25,13,2031.0,True,True,bp,-6.815789473684211
9621,224.28796326825506,30,17,10,480222,480202,480232,480206,480227,71.2875,21,-1000.0,20,10,1579.0,False,False,bp,-6.815789473684211
9622,888.9205202828358,64,3,10,480269,480232,480296,480265,480292,260.5652173913044,27,-3288.0,37,27,1909.0,False,False,bp,-6.815789473684211
9623,1002.9368544522714,84,-16,34,480355,480296,480380,480322,480360,154.1,38,-3355.0,59,25,3239.0,True,False,bp,-6.815789473684211
9624,908.0414426235203,44,9,-26,480389,480380,480424,480382,480401,194.04166666666663,19,-2823.0,9,35,1620.0,True,False,bp,-6.815789473684211
9625,227.16286350313095,23,5,-3,480434,480424,480447,480429,480439,203.2,10,-3033.0,10,13,967.0,True,False,bp,-6.815789473684211
9626,406.7372420795429,49,0,-31,480456,480447,480496,480454,480478,188.04545454545456,24,-3277.0,9,40,2126.0,True,False,bp,-6.815789473684211
9627,2775.6193755154004,83,34,-31,481707,481681,481764,481702,481725,307.5388888888889,23,-1794.0,26,57,5633.0,True,True,bp,0.6811594202898551
9628,4390.637562316068,67,35,-11,481792,481764,481831,481782,481805,434.4,23,-6888.0,28,39,9461.0,True,True,bp,0.6811594202898551
9629,1356.2269107005409,101,26,-19,481872,481831,481932,481863,481901,170.52107279693485,38,-2164.0,41,60,3302.0,True,True,bp,0.6811594202898551
9630,1676.6871183888775,65,33,15,481972,481932,481997,481965,481979,267.42857142857144,14,-2031.0,40,25,4791.0,True,True,bp,0.6811594202898551
9631,1846.1009580705584,84,14,10,482044,481997,482081,482026,482060,139.22916666666666,34,-2665.0,47,37,5428.0,True,True,bp,0.6811594202898551
9632,2112.716232640148,83,13,5,482125,482081,482164,482108,482140,172.32549019607842,32,-2880.0,44,39,5855.0,True,True,bp,0.6811594202898551
9633,2587.9901177863435,67,26,-9,482193,482164,482231,482185,482213,256.7125,28,-1706.0,29,38,8087.0,True,True,bp,0.6811594202898551
9634,2173.975789076111,99,0,17,482289,482231,482330,482267,482305,189.1306818181818,38,-3684.0,58,41,4755.0,False,False,bp,0.6811594202898551
9635,1951.437595207805,52,10,-2,482355,482330,482382,482343,482368,172.98076923076923,25,-2350.0,25,27,5407.0,True,True,bp,0.6811594202898551
9636,1700.4867139227085,65,7,15,482422,482382,482447,482403,482429,160.703007518797,26,-441.0,40,25,3175.0,True,True,bp,0.6811594202898551
9637,981.3590308934747,67,-15,17,482489,482447,482514,482462,482507,64.87037037037037,45,-194.0,42,25,2405.0,False,False,bp,0.6811594202898551
9638,4061.2785119518453,66,11,10,482552,482514,482580,482537,482562,361.0,25,-6671.0,38,28,9058.0,False,False,bp,0.6811594202898551
9639,3122.772479116461,67,21,-9,482609,482580,482647,482598,482623,271.02272727272725,25,-4098.0,29,38,6376.0,False,False,bp,0.6811594202898551
9640,929.2443218789143,100,26,-44,482675,482647,482747,482669,482704,124.5603448275862,35,39.0,28,72,4038.0,False,False,bp,0.6811594202898551
9641,2273.0768115202764,52,-7,2,482774,482747,482799,482765,482792,244.0,27,-2346.0,27,25,3703.0,True,False,bp,0.6811594202898551
9642,754.2757788393744,49,10,-3,482822,482799,482848,482812,482833,153.0681818181818,21,-2033.0,23,26,2548.0,True,True,bp,0.6811594202898551
9643,1093.9602503088968,65,-2,5,482883,482848,482913,482864,482892,129.28362573099415,28,-932.0,35,30,4349.0,False,False,bp,0.6811594202898551
9644,686.4594787200642,35,-7,-17,482922,482913,482948,482918,482941,102.59868421052632,23,2155.0,9,26,1926.0,False,False,bp,0.6811594202898551
9645,1374.4965196475794,49,5,1,482973,482948,482997,482957,482984,126.71875,27,-454.0,25,24,1855.0,False,False,bp,0.6811594202898551
9646,294.0254977804855,50,4,2,483023,482997,483047,483016,483035,102.73214285714286,19,-995.0,26,24,1022.0,False,False,bp,0.6811594202898551
9647,818.7987793641205,84,1,-12,483083,483047,483131,483058,483106,54.17826086956522,48,-2232.0,36,48,3487.0,False,False,bp,0.6811594202898551
9648,1251.1947220138686,82,-6,0,483172,483131,483213,483155,483190,121.640522875817,35,-2654.0,41,41,4475.0,False,False,bp,0.6811594202898551
9649,272.0211494364348,35,22,-15,483223,483213,483248,483219,483235,95.0,16,821.0,10,25,1633.0,False,False,bp,0.6811594202898551
9650,1375.5516055087112,65,5,17,483289,483248,483313,483273,483293,229.8125,20,-2143.0,41,24,3052.0,False,False,bp,0.6811594202898551
9651,419.6821870476329,34,0,-14,483323,483313,483347,483318,483334,176.16363636363639,16,-1328.0,10,24,1449.0,True,False,bp,0.6811594202898551
9652,464.83807436269615,34,2,-16,483356,483347,483381,483350,483376,89.95,26,-1397.0,9,25,1549.0,True,False,bp,0.6811594202898551
9653,1492.9680342407737,67,15,5,483417,483381,483448,483404,483428,115.57342657342659,24,-1503.0,36,31,4072.0,False,False,bp,0.6811594202898551
9654,3760.268230373197,64,-2,10,483485,483448,483512,483467,483494,312.02777777777777,27,-5747.0,37,27,7478.0,False,False,bp,0.6811594202898551
9655,1688.2406361490905,52,-16,2,483539,483512,483564,483519,483553,119.025,34,-2832.0,27,25,3550.0,False,False,bp,0.6811594202898551
9656,718.0919558361796,33,0,5,483583,483564,483597,483571,483591,124.33333333333334,20,-665.0,19,14,3507.0,False,False,bp,0.6811594202898551
9657,779.9171936394374,50,-2,34,483639,483597,483647,483611,483640,152.80357142857142,29,214.0,42,8,982.0,False,False,bp,0.6811594202898551
9658,1287.1561567117321,62,-5,22,483689,483647,483709,483667,483694,204.05454545454543,27,-3805.0,42,20,3337.0,False,False,bp,0.6811594202898551
9659,913.1013310312808,50,-6,-24,483722,483709,483759,483716,483745,145.32246376811594,29,-2924.0,13,37,2305.0,True,True,bp,0.6811594202898551
9660,756.4262419357498,55,-13,-23,483775,483759,483814,483768,483799,121.95535714285714,31,-3010.0,16,39,2196.0,False,False,bp,0.6811594202898551
9661,249.22066205979885,33,-8,-17,483822,483814,483847,483817,483842,57.25,25,-1555.0,8,25,1742.0,False,False,bp,0.6811594202898551
9662,274.7009994272886,67,8,-17,483872,483847,483914,483859,483885,73.5,26,-1019.0,25,42,1803.0,True,False,bp,0.6811594202898551
9663,437.1063845774418,33,-12,13,483937,483914,483947,483919,483943,64.19444444444444,24,-799.0,23,10,1157.0,False,False,bp,0.6811594202898551
9664,624.9117763841857,51,-5,-1,483972,483947,483998,483955,483985,90.87330316742079,30,-2553.0,25,26,2156.0,False,False,bp,0.6811594202898551
9665,390.33500859762876,49,-15,7,484026,483998,484047,484010,484039,58.43028846153846,29,-1905.0,28,21,2536.0,True,True,bp,0.6811594202898551
9666,651.7533305695605,50,20,-12,484066,484047,484097,484053,484075,101.08119658119658,22,-860.0,19,31,2691.0,True,False,bp,0.6811594202898551
9667,459.4438958587637,68,-11,18,484140,484097,484165,484117,484152,93.51992753623188,35,-2983.0,43,25,1593.0,False,False,bp,0.6811594202898551
9668,436.0989434169923,49,1,-1,484189,484165,484214,484176,484202,81.46153846153845,26,-3038.0,24,25,2255.0,True,True,bp,0.6811594202898551
9669,568.6457237566264,68,-18,18,484257,484214,484282,484229,484277,43.56071428571428,48,-2020.0,43,25,2422.0,True,True,bp,0.6811594202898551
9670,941.594040191707,66,5,16,484323,484282,484348,484307,484340,68.66727941176471,33,-2145.0,41,25,2705.0,True,True,bp,0.6811594202898551
9671,303.6547665010895,103,7,-21,484389,484348,484451,484378,484428,114.34965034965036,50,-2828.0,41,62,3879.0,True,False,bp,0.6811594202898551
9672,300.7937174276546,63,-4,47,484506,484451,484514,484485,484511,66.74285714285715,26,-1137.0,55,8,1324.0,True,False,bp,0.6811594202898551
9673,210.7660172306511,34,18,18,484540,484514,484548,484533,484544,163.67857142857144,11,-1413.0,26,8,1717.0,True,False,bp,0.6811594202898551
9674,328.1885502639166,50,6,32,484589,484548,484598,484573,484593,95.0625,20,-2472.0,41,9,1331.0,False,False,bp,0.6811594202898551
9675,390.1230582952787,55,-10,29,484640,484598,484653,484619,484645,105.04761904761904,26,-2955.0,42,13,2255.0,False,False,bp,0.6811594202898551
9676,2104.561180130844,51,-4,1,481689,481663,481714,481669,481695,224.48333333333332,26,-1516.0,26,25,3756.0,False,False,bp,0.6811594202898551
9677,362.93290093588615,28,14,-6,481725,481714,481742,481717,481727,124.6875,10,1041.0,11,17,1062.0,False,False,bp,0.6811594202898551
9678,583.2094661970804,38,5,-12,481755,481742,481780,481751,481767,133.0,16,1071.0,13,25,2545.0,False,False,bp,0.6811594202898551
9679,1596.5430620427487,50,15,-8,481801,481780,481830,481788,481811,139.16923076923078,23,-239.0,21,29,3294.0,True,True,bp,0.6811594202898551
9680,2406.2040705484005,56,3,4,481860,481830,481886,481849,481874,211.53571428571428,25,-1590.0,30,26,5598.0,True,True,bp,0.6811594202898551
9681,3876.6763769302283,60,12,6,481919,481886,481946,481902,481930,308.94919786096256,28,-4018.0,33,27,8607.0,True,True,bp,0.6811594202898551
9682,3830.058634340999,55,18,17,481982,481946,482001,481970,481991,330.7777777777778,21,-3210.0,36,19,6536.0,True,True,bp,0.6811594202898551
9683,3945.930222330997,80,9,6,482044,482001,482081,482030,482059,300.79285714285714,29,-3873.0,43,37,10291.0,True,True,bp,0.6811594202898551
9684,5011.338346818126,66,-6,14,482121,482081,482147,482097,482130,380.61111111111114,33,-5264.0,40,26,10018.0,True,True,bp,0.6811594202898551
9685,1974.4867736309118,82,-25,28,482202,482147,482229,482157,482212,208.13888888888889,55,-2562.0,55,27,6923.0,False,False,bp,0.6811594202898551
9686,1113.8813049562405,52,7,28,482269,482229,482281,482242,482275,118.98148148148148,33,1252.0,40,12,2397.0,False,False,bp,0.6811594202898551
9687,2127.361006006958,82,8,24,482334,482281,482363,482315,482346,196.90570175438597,31,-2126.0,53,29,5863.0,False,False,bp,0.6811594202898551
9688,3438.350805161173,70,-1,14,482405,482363,482433,482385,482419,218.90714285714282,34,-2207.0,42,28,8077.0,True,True,bp,0.6811594202898551
9689,2848.106622154746,80,2,-2,482472,482433,482513,482452,482488,183.5375,36,-2049.0,39,41,4904.0,True,True,bp,0.6811594202898551
9690,2734.4662813685595,67,5,-15,482539,482513,482580,482526,482559,215.3942307692308,33,-3755.0,26,41,7363.0,True,True,bp,0.6811594202898551
9691,1974.6588404190231,63,44,-11,482606,482580,482643,482597,482627,212.9920634920635,30,-2235.0,26,37,3646.0,True,False,bp,0.6811594202898551
9692,1285.1918907511822,104,-3,56,482723,482643,482747,482701,482734,161.52272727272728,33,-1992.0,80,24,5682.0,True,False,bp,0.6811594202898551
9693,2326.208592644428,66,-3,16,482788,482747,482813,482764,482795,212.52976190476195,31,-1480.0,41,25,4728.0,True,True,bp,0.6811594202898551
9694,1693.6638414485365,46,1,6,482839,482813,482859,482823,482844,246.31875,21,-1248.0,26,20,3496.0,True,True,bp,0.6811594202898551
9695,1914.591768527556,55,8,-19,482877,482859,482914,482866,482896,153.54784688995215,30,-1627.0,18,37,4147.0,True,True,bp,0.6811594202898551
9696,2333.784438449378,64,3,-12,482940,482914,482978,482934,482958,273.0,24,-2129.0,26,38,5860.0,True,True,bp,0.6811594202898551
9697,1868.0791561477624,49,27,-5,483000,482978,483027,482985,483009,153.54444444444445,24,-264.0,22,27,3013.0,True,False,bp,0.6811594202898551
9698,1875.8335403813155,87,16,3,483072,483027,483114,483060,483093,147.83333333333334,33,-2365.0,45,42,4405.0,True,False,bp,0.6811594202898551
9699,385.5751378814669,100,-2,16,483172,483114,483214,483142,483184,89.74166666666666,42,-955.0,58,42,3343.0,True,False,bp,0.6811594202898551
9700,1120.5812448487911,50,-15,0,483239,483214,483264,483224,483257,79.18333333333334,33,-1236.0,25,25,2432.0,True,False,bp,0.6811594202898551
9701,435.45806825662424,34,1,8,483285,483264,483298,483275,483292,144.7,17,-979.0,21,13,2325.0,True,True,bp,0.6811594202898551
9702,842.7344398977568,49,27,5,483325,483298,483347,483310,483332,114.79523809523808,22,-779.0,27,22,2556.0,True,False,bp,0.6811594202898551
9703,1384.2605670226305,99,33,-15,483389,483347,483446,483381,483407,185.04166666666663,26,-2069.0,42,57,4349.0,True,False,bp,0.6811594202898551
9704,2512.9738506540657,67,-4,-3,483478,483446,483513,483466,483495,186.88725490196083,29,-3160.0,32,35,5576.0,True,True,bp,0.6811594202898551
9705,1767.9101204018439,48,-11,4,483539,483513,483561,483520,483550,124.50239234449758,30,-1596.0,26,22,2931.0,True,True,bp,0.6811594202898551
9706,1332.2193350006944,42,0,14,483589,483561,483603,483569,483593,210.95,24,-2864.0,28,14,2814.0,True,True,bp,0.6811594202898551
9707,1210.1091293977984,61,14,-21,483623,483603,483664,483617,483638,173.91666666666663,21,-2951.0,20,41,3108.0,True,False,bp,0.6811594202898551
9708,917.3697501234757,33,-2,7,483684,483664,483697,483673,483690,166.2651515151515,17,-2494.0,20,13,2995.0,True,False,bp,0.6811594202898551
9709,827.1048283369727,60,-22,-8,483723,483697,483757,483705,483747,53.34027777777778,42,-1816.0,26,34,1985.0,True,False,bp,0.6811594202898551
9710,1277.1102999387504,57,52,-25,483773,483757,483814,483767,483781,329.33333333333337,14,-3688.0,16,41,3515.0,True,True,bp,0.6811594202898551
9711,1490.628575959294,68,1,14,483855,483814,483882,483847,483872,165.35661764705884,25,-2911.0,41,27,4287.0,True,True,bp,0.6811594202898551
9712,1290.3991057073852,49,-1,31,483922,483882,483931,483898,483926,183.47916666666663,28,-3128.0,40,9,2800.0,True,True,bp,0.6811594202898551
9713,607.9456700897921,50,-7,30,483971,483931,483981,483953,483976,108.12222222222222,23,-4091.0,40,10,1370.0,False,False,bp,0.6811594202898551
9714,370.36251330449824,37,-9,15,484007,483981,484018,483992,484011,109.8,19,-4963.0,26,11,1736.0,True,False,bp,0.6811594202898551
9715,507.49343744136553,41,7,-23,484027,484018,484059,484021,484043,109.90625,22,-4433.0,9,32,3201.0,False,False,bp,0.6811594202898551
9716,455.5114050343811,41,12,11,484085,484059,484100,484072,484089,125.82692307692308,17,-4070.0,26,15,931.0,False,False,bp,0.6811594202898551
9717,415.5311822077208,66,-27,46,484156,484100,484166,484118,484160,118.3355263157895,42,-6564.0,56,10,1347.0,False,False,bp,0.6811594202898551
9718,278.0963788269035,31,6,1,484182,484166,484197,484175,484190,152.84821428571428,15,-5586.0,16,15,2896.0,False,False,bp,0.6811594202898551
9719,376.91330497194804,38,6,16,484224,484197,484235,484211,484230,107.9294871794872,19,-4161.0,27,11,2729.0,True,True,bp,0.6811594202898551
9720,663.3918604085097,57,4,7,484267,484235,484292,484255,484280,77.04166666666667,25,-2963.0,32,25,2240.0,True,True,bp,0.6811594202898551
9721,647.0903011436545,55,8,7,484323,484292,484347,484309,484333,52.14285714285714,24,-3392.0,31,24,2027.0,True,True,bp,0.6811594202898551
9722,438.27444313418687,82,-24,0,484388,484347,484429,484365,484412,87.90942028985508,47,-4381.0,41,41,3506.0,True,False,bp,0.6811594202898551
9723,132.08222800851482,35,5,-15,484439,484429,484464,484435,484450,193.2386363636364,15,-2734.0,10,25,2307.0,True,False,bp,0.6811594202898551
9724,141.9788144253503,32,1,-4,484478,484464,484496,484470,484485,97.94642857142857,15,-1958.0,14,18,1332.0,True,True,bp,0.6811594202898551
9725,249.3044571730753,34,26,-14,484506,484496,484530,484501,484517,204.74545454545452,16,-3022.0,10,24,1325.0,False,False,bp,0.6811594202898551
9726,646.9043250440874,57,14,27,484572,484530,484587,484559,484575,235.4743589743589,16,-5699.0,42,15,2239.0,False,False,bp,0.6811594202898551
9727,1198.5259945026305,58,2,10,484621,484587,484645,484605,484626,181.28125,21,-6233.0,34,24,2986.0,True,True,bp,0.6811594202898551
9728,1110.0013921275088,35,6,-15,484655,484645,484680,484649,484667,200.04166666666669,18,-5541.0,10,25,4495.0,False,False,bp,0.6811594202898551
9729,186.08658875502,17,13,-1,486805,486797,486814,486803,486811,210.5,8,1165.0,8,9,1188.0,False,False,bp,-3.3541666666666665
9730,1099.5247750690291,50,2,2,486840,486814,486864,486832,486858,131.29166666666666,26,-522.0,26,24,2652.0,False,False,bp,-3.3541666666666665
9731,638.1667122800075,73,-23,43,486922,486864,486937,486886,486926,110.02777777777777,40,-84.0,58,15,1985.0,True,False,bp,-3.3541666666666665
9732,266.6702334591236,27,10,9,486955,486937,486964,486943,486958,95.95833333333334,15,644.0,18,9,993.0,True,False,bp,-3.3541666666666665
9733,341.50613549552736,33,15,17,486989,486964,486997,486983,486993,172.45833333333331,10,-231.0,25,8,1458.0,True,False,bp,-3.3541666666666665
9734,733.8238342367482,66,5,-16,487022,486997,487063,487018,487040,150.75,22,-589.0,25,41,2629.0,True,False,bp,-3.3541666666666665
9735,431.2060675831675,33,12,-13,487073,487063,487096,487067,487078,131.33333333333331,11,491.0,10,23,1601.0,True,False,bp,-3.3541666666666665
9736,888.2096747133986,35,1,-17,487105,487096,487131,487101,487124,116.94736842105264,23,936.0,9,26,2572.0,False,False,bp,-3.3541666666666665
9737,1063.7303951161257,66,17,-12,487158,487131,487197,487148,487167,143.36666666666667,19,144.0,27,39,1601.0,False,False,bp,-3.3541666666666665
9738,195.48658134414868,27,-2,15,487218,487197,487224,487203,487221,36.0,18,-86.0,21,6,193.0,False,False,bp,-3.3541666666666665
9739,781.6373608221526,41,5,-11,487239,487224,487265,487237,487257,187.13888888888889,20,-1091.0,15,26,2779.0,False,False,bp,-3.3541666666666665
9740,1258.3268546236945,65,-3,-17,487289,487265,487330,487282,487311,150.3181818181818,29,-1212.0,24,41,2848.0,True,True,bp,-3.3541666666666665
9741,892.4428703751602,51,-5,-9,487351,487330,487381,487337,487367,84.58928571428572,30,-358.0,21,30,2853.0,True,True,bp,-3.3541666666666665
9742,394.4277098573224,33,-3,15,487405,487381,487414,487392,487411,135.83333333333331,19,101.0,24,9,1689.0,True,False,bp,-3.3541666666666665
9743,408.36437185206495,66,-3,18,487456,487414,487480,487427,487461,76.72413793103449,34,-224.0,42,24,1323.0,False,False,bp,-3.3541666666666665
9744,269.08201510876097,50,6,2,487506,487480,487530,487492,487518,33.13690476190476,26,577.0,26,24,1642.0,False,False,bp,-3.3541666666666665
9745,1375.3399064505813,67,11,15,487571,487530,487597,487550,487577,152.01190476190476,27,-1001.0,41,26,2673.0,True,True,bp,-3.3541666666666665
9746,840.1709417929485,84,11,-32,487623,487597,487681,487615,487644,125.95535714285714,29,-1551.0,26,58,2402.0,True,False,bp,-3.3541666666666665
9747,659.4164820385856,33,9,-17,487689,487681,487714,487684,487707,121.53888888888888,23,-1009.0,8,25,1280.0,True,False,bp,-3.3541666666666665
9748,639.1648668569435,66,2,10,487752,487714,487780,487739,487760,100.48557692307692,21,-2073.0,38,28,2051.0,True,False,bp,-3.3541666666666665
9749,386.70312039489164,66,16,-48,487789,487780,487846,487783,487810,93.64285714285714,27,-1360.0,9,57,3016.0,False,False,bp,-3.3541666666666665
9750,637.8596252473427,51,-17,3,487873,487846,487897,487853,487885,70.45,32,-1284.0,27,24,1109.0,False,False,bp,-3.3541666666666665
9751,173.8081806017304,63,-5,-45,487906,487897,487960,487900,487941,71.27142857142857,41,-1283.0,9,54,1471.0,True,False,bp,-3.3541666666666665
9752,373.2458774031968,88,-37,36,488022,487960,488048,487977,488039,30.588235294117645,62,-2329.0,62,26,1762.0,True,False,bp,-3.3541666666666665
9753,348.0098781222532,82,-41,2,488090,488048,488130,488064,488125,35.626373626373635,61,-2954.0,42,40,1649.0,True,True,bp,-3.3541666666666665
9754,353.7848022347938,50,3,8,488159,488130,488180,488145,488167,123.76785714285714,22,-3082.0,29,21,1415.0,True,True,bp,-3.3541666666666665
9755,89.95271970982141,47,1,3,488205,488180,488227,488192,488217,24.43589743589744,25,-2819.0,25,22,972.0,True,True,bp,-3.3541666666666665
9756,287.84132686028363,53,5,5,488256,488227,488280,488243,488261,142.16923076923078,18,-3753.0,29,24,1707.0,True,True,bp,-3.3541666666666665
9757,157.4409367597109,34,5,-16,488289,488280,488314,488284,488302,78.50769230769231,18,-3407.0,9,25,1448.0,True,True,bp,-3.3541666666666665
9758,249.33963164647187,33,-9,17,488339,488314,488347,488325,488342,205.5476190476191,17,-3636.0,25,8,2606.0,True,False,bp,-3.3541666666666665
9759,536.8623599082201,39,3,-19,488357,488347,488386,488350,488374,113.84033613445379,24,-2878.0,10,29,3167.0,True,False,bp,-3.3541666666666665
9760,663.7253264640249,46,-15,16,488417,488386,488432,488401,488426,81.62847222222223,25,-1784.0,31,15,1597.0,True,False,bp,-3.3541666666666665
9761,206.9983222487907,46,-9,-30,488440,488432,488478,488436,488464,140.125,28,-1566.0,8,38,2691.0,True,False,bp,-3.3541666666666665
9762,248.38261100017934,68,6,-44,488490,488478,488546,488483,488518,101.48214285714286,35,-1128.0,12,56,1092.0,False,False,bp,-3.3541666666666665
9763,487.2539391844811,48,14,4,488572,488546,488594,488559,488584,49.41666666666666,25,-1875.0,26,22,1348.0,False,False,bp,-3.3541666666666665
9764,210.1571178023975,67,-31,43,486802,486747,486814,486766,486808,60.59722222222222,42,-30.0,55,12,1073.0,False,False,bp,-3.3541666666666665
9765,203.19442199815632,49,1,-27,486825,486814,486863,486819,486846,135.0952380952381,27,-1501.0,11,38,1438.0,False,False,bp,-3.3541666666666665
9766,297.60836232738546,53,4,-3,486888,486863,486916,486874,486899,83.98701298701297,25,-978.0,25,28,2590.0,False,False,bp,-3.3541666666666665
9767,176.54883829432816,35,14,9,486938,486916,486951,486928,486942,171.15,14,315.0,22,13,1707.0,True,False,bp,-3.3541666666666665
9768,510.2133908410943,79,-34,29,487005,486951,487030,486970,487023,57.411111111111104,53,-453.0,54,25,2758.0,True,False,bp,-3.3541666666666665
9769,819.8993335605787,45,11,7,487056,487030,487075,487042,487062,154.53571428571428,20,-307.0,26,19,2519.0,True,False,bp,-3.3541666666666665
9770,1098.898598045853,69,-12,25,487122,487075,487144,487093,487129,164.53448275862067,36,-1014.0,47,22,3743.0,True,True,bp,-3.3541666666666665
9771,1597.5280052011774,48,0,0,487168,487144,487192,487153,487178,133.39999999999998,25,-748.0,24,24,3023.0,True,True,bp,-3.3541666666666665
9772,1066.4634175399492,56,0,4,487222,487192,487248,487203,487234,116.30701754385963,31,-1179.0,30,26,3133.0,True,True,bp,-3.3541666666666665
9773,693.9287874862433,65,21,-17,487272,487248,487313,487265,487285,182.48901098901095,20,-524.0,24,41,3258.0,True,True,bp,-3.3541666666666665
9774,804.8752644044798,67,10,-13,487340,487313,487380,487326,487358,107.82936507936508,32,-79.0,27,40,3160.0,True,True,bp,-3.3541666666666665
9775,1589.9305412611645,64,-4,-10,487407,487380,487444,487400,487427,190.09285714285718,27,-1169.0,27,37,2822.0,False,False,bp,-3.3541666666666665
9776,3444.724968317245,52,5,-28,487456,487444,487496,487450,487474,409.25,24,-4922.0,12,40,8765.0,False,False,bp,-3.3541666666666665
9777,2603.416801609032,51,13,-9,487517,487496,487547,487503,487528,237.57142857142856,25,-1248.0,21,30,5861.0,True,True,bp,-3.3541666666666665
9778,4162.719214246319,51,16,9,487577,487547,487598,487566,487586,434.7373737373737,20,-4885.0,30,21,8281.0,True,True,bp,-3.3541666666666665
9779,1502.594669864109,66,21,2,487632,487598,487664,487622,487641,197.5,19,-1529.0,34,32,2772.0,True,True,bp,-3.3541666666666665
9780,2108.309348251424,63,16,-13,487689,487664,487727,487681,487701,242.54166666666669,20,-3579.0,25,38,4762.0,True,False,bp,-3.3541666666666665
9781,1876.3899656145466,37,7,-7,487742,487727,487764,487737,487758,244.04375,21,-2517.0,15,22,3837.0,True,False,bp,-3.3541666666666665
9782,2076.6864889151293,66,13,8,487801,487764,487830,487786,487811,215.63333333333333,25,-4118.0,37,29,4953.0,True,False,bp,-3.3541666666666665
9783,810.195760830348,56,8,28,487872,487830,487886,487849,487878,108.8731884057971,29,-3595.0,42,14,1464.0,False,False,bp,-3.3541666666666665
9784,317.86845471709995,62,-13,40,487937,487886,487948,487915,487943,62.25757575757575,28,-3779.0,51,11,2037.0,True,False,bp,-3.3541666666666665
9785,380.6514680738048,32,-3,16,487972,487948,487980,487958,487976,111.64285714285714,18,-4782.0,24,8,1201.0,False,False,bp,-3.3541666666666665
9786,561.9496287190028,67,2,-39,487994,487980,488047,487991,488024,266.6,33,-6017.0,14,53,3342.0,False,False,bp,-3.3541666666666665
9787,470.1250276279817,48,10,10,488076,488047,488095,488059,488078,235.08823529411762,19,-5282.0,29,19,2675.0,True,False,bp,-3.3541666666666665
9788,349.4428935916733,36,-8,14,488120,488095,488131,488107,488125,173.11538461538458,18,-5410.0,25,11,3222.0,True,False,bp,-3.3541666666666665
9789,207.705875053635,54,15,-34,488141,488131,488185,488135,488161,159.65,26,-4852.0,10,44,2401.0,True,False,bp,-3.3541666666666665
9790,516.5538397038608,59,5,19,488224,488185,488244,488202,488228,166.48863636363637,26,-4559.0,39,20,2620.0,True,True,bp,-3.3541666666666665
9791,774.8859192438961,67,26,-7,488274,488244,488311,488259,488285,168.32727272727277,26,-4609.0,30,37,4791.0,True,True,bp,-3.3541666666666665
9792,624.7651822905265,85,21,5,488356,488311,488396,488337,488368,149.85526315789474,31,-3345.0,45,40,4992.0,True,True,bp,-3.3541666666666665
9793,587.0032744153365,54,18,34,488440,488396,488450,488420,488443,92.28333333333332,23,-929.0,44,10,918.0,False,False,bp,-3.3541666666666665
9794,318.588498844007,102,30,-24,488489,488450,488552,488484,488507,287.56666666666666,23,-4880.0,39,63,2763.0,False,False,bp,-3.3541666666666665
9795,446.14705332187805,62,-14,10,488588,488552,488614,488560,488600,64.63690476190476,40,-5567.0,36,26,2149.0,True,False,bp,-3.3541666666666665
9796,751.3433745706959,55,3,-5,490789,490764,490819,490776,490811,63.05769230769231,35,572.0,25,30,2581.0,True,True,bp,2.1325301204819276
9797,960.5187567533957,81,20,-9,490855,490819,490900,490849,490873,182.3055555555556,24,172.0,36,45,3554.0,True,False,bp,2.1325301204819276
9798,734.2861547947676,47,25,3,490925,490900,490947,490917,490934,104.1875,17,1875.0,25,22,1872.0,True,False,bp,2.1325301204819276
9799,277.7079404854624,83,0,3,490990,490947,491030,490976,491010,34.06428571428572,34,1455.0,43,40,1559.0,False,False,bp,2.1325301204819276
9800,890.5614895618195,65,-14,-15,491055,491030,491095,491044,491079,97.2310606060606,35,-184.0,25,40,2130.0,False,False,bp,2.1325301204819276
9801,1193.2098119143918,42,5,-20,491106,491095,491137,491100,491124,147.0,24,-436.0,11,31,3618.0,True,True,bp,2.1325301204819276
9802,708.0376335695048,61,-10,43,491189,491137,491198,491153,491192,137.81944444444446,39,192.0,52,9,1568.0,True,True,bp,2.1325301204819276
9803,973.7795882874302,66,18,18,491240,491198,491264,491221,491257,77.53250773993808,36,-1009.0,42,24,2826.0,True,True,bp,2.1325301204819276
9804,1246.374014126615,83,13,33,491322,491264,491347,491311,491328,209.0378787878788,17,-1942.0,58,25,3509.0,True,True,bp,2.1325301204819276
9805,929.2715870159784,50,-10,2,491373,491347,491397,491358,491391,76.83333333333334,33,-1145.0,26,24,3230.0,True,True,bp,2.1325301204819276
9806,1451.0735570959293,51,1,1,491423,491397,491448,491414,491440,161.80392156862746,26,-1579.0,26,25,3700.0,True,True,bp,2.1325301204819276
9807,1419.2096674224676,49,-2,33,491489,491448,491497,491467,491492,202.35606060606065,25,-2078.0,41,8,2317.0,True,False,bp,2.1325301204819276
9808,460.2067592125742,82,-22,34,491555,491497,491579,491515,491561,113.24583333333332,46,-1923.0,58,24,2356.0,True,False,bp,2.1325301204819276
9809,1168.6402414981012,51,-4,-23,491593,491579,491630,491585,491616,139.69021739130434,31,-2753.0,14,37,2205.0,True,False,bp,2.1325301204819276
9810,776.3168238516739,68,18,16,491672,491630,491698,491643,491684,90.54597701149427,41,-2687.0,42,26,3182.0,True,True,bp,2.1325301204819276
9811,287.0956883582607,67,-7,49,491756,491698,491765,491743,491760,104.5,17,-1590.0,58,9,1578.0,True,False,bp,2.1325301204819276
9812,396.86402611615165,61,18,-11,491790,491765,491826,491770,491800,75.25,30,-1998.0,25,36,2017.0,True,False,bp,2.1325301204819276
9813,553.0523036848052,66,-9,26,491872,491826,491892,491848,491879,74.57142857142857,31,-2286.0,46,20,1517.0,True,False,bp,2.1325301204819276
9814,734.594526638141,39,-16,13,491918,491892,491931,491901,491925,102.69327731092436,24,-2904.0,26,13,1965.0,True,False,bp,2.1325301204819276
9815,213.00979182739925,33,3,-15,491940,491931,491964,491933,491957,93.33193277310923,24,-2201.0,9,24,2489.0,True,False,bp,2.1325301204819276
9816,554.3331017316519,50,-4,32,492005,491964,492014,491984,492009,134.5297619047619,25,-1782.0,41,9,1918.0,True,False,bp,2.1325301204819276
9817,306.9263576225148,39,11,11,492039,492014,492053,492030,492041,156.97222222222226,11,-2036.0,25,14,1003.0,False,False,bp,2.1325301204819276
9818,466.6502435643432,44,2,-6,492072,492053,492097,492063,492082,131.92222222222222,19,-2677.0,19,25,2173.0,True,True,bp,2.1325301204819276
9819,632.7518797558803,38,28,-10,492111,492097,492135,492103,492118,132.89285714285714,15,-2757.0,14,24,1673.0,True,True,bp,2.1325301204819276
9820,195.0245691080829,62,8,14,492173,492135,492197,492161,492177,176.375,16,-3503.0,38,24,1781.0,True,False,bp,2.1325301204819276
9821,279.1647860151241,48,7,-30,492206,492197,492245,492201,492222,127.275,21,-3660.0,9,39,1574.0,True,True,bp,2.1325301204819276
9822,560.2000989510885,37,3,-13,492257,492245,492282,492250,492273,95.82142857142857,23,-3909.0,12,25,2767.0,True,True,bp,2.1325301204819276
9823,250.1384647159459,66,4,16,492323,492282,492348,492299,492327,84.04166666666667,28,-3239.0,41,25,1034.0,False,False,bp,2.1325301204819276
9824,434.5303713084933,38,28,10,492372,492348,492386,492359,492374,165.05769230769232,15,-3426.0,24,14,1685.0,True,False,bp,2.1325301204819276
9825,999.7806461548187,78,-8,4,492427,492386,492464,492417,492458,104.72419354838706,41,-4679.0,41,37,3574.0,True,False,bp,2.1325301204819276
9826,501.38538841313436,51,-8,31,492505,492464,492515,492491,492509,131.60714285714286,18,-2947.0,41,10,2170.0,True,False,bp,2.1325301204819276
9827,714.7414561453719,49,-4,-1,492539,492515,492564,492519,492546,139.45,27,-2474.0,24,25,3312.0,True,True,bp,2.1325301204819276
9828,817.2570938963039,34,8,-12,492575,492564,492598,492569,492590,107.05,21,-1101.0,11,23,1795.0,True,False,bp,2.1325301204819276
9829,2757.421517010753,51,-8,11,490811,490780,490831,490791,490825,177.84642857142862,34,-380.0,31,20,5253.0,True,True,bp,2.1325301204819276
9830,3098.1901887106765,66,9,-10,490859,490831,490897,490851,490880,301.8571428571429,29,-1613.0,28,38,6975.0,True,True,bp,2.1325301204819276
9831,3299.300305147524,68,2,-6,490928,490897,490965,490918,490949,249.83095238095243,31,-580.0,31,37,8545.0,True,True,bp,2.1325301204819276
9832,3353.85055417526,65,3,-9,490993,490965,491030,490982,491010,272.60962566844916,28,5.0,28,37,5969.0,True,True,bp,2.1325301204819276
9833,2203.7956907706334,68,-17,-18,491055,491030,491098,491041,491081,174.23901098901095,40,-290.0,25,43,5457.0,True,True,bp,2.1325301204819276
9834,1506.3321215763585,49,-17,-1,491122,491098,491147,491104,491138,107.32638888888887,34,1238.0,24,25,2903.0,True,True,bp,2.1325301204819276
9835,968.2909366656356,33,14,5,491166,491147,491180,491155,491174,160.33522727272725,19,993.0,19,14,2759.0,True,False,bp,2.1325301204819276
9836,490.58625519802507,114,-25,-28,491223,491180,491294,491207,491267,64.9715909090909,60,213.0,43,71,2450.0,True,False,bp,2.1325301204819276
9837,1984.1403030730341,49,-6,7,491322,491294,491343,491302,491330,187.825,28,-550.0,28,21,4814.0,True,False,bp,2.1325301204819276
9838,1543.739216714582,59,-8,3,491374,491343,491402,491352,491389,122.5969696969697,37,-591.0,31,28,4171.0,True,True,bp,2.1325301204819276
9839,1561.1171552294895,46,2,6,491428,491402,491448,491418,491440,131.33333333333334,22,912.0,26,20,3564.0,True,True,bp,2.1325301204819276
9840,780.9534044609758,69,-11,11,491488,491448,491517,491464,491500,90.33333333333331,36,137.0,40,29,1922.0,False,False,bp,2.1325301204819276
9841,1691.6497386252934,50,14,-6,491539,491517,491567,491525,491547,200.29464285714286,22,-2404.0,22,28,4464.0,False,False,bp,2.1325301204819276
9842,1787.1069296350477,63,23,-19,491589,491567,491630,491583,491603,238.85714285714286,20,-1463.0,22,41,4783.0,True,True,bp,2.1325301204819276
9843,1225.6755459783478,38,1,14,491656,491630,491668,491646,491661,217.5,15,-1364.0,26,12,2593.0,True,False,bp,2.1325301204819276
9844,851.381544355791,63,-7,-21,491689,491668,491731,491677,491711,99.37878787878788,34,-1015.0,21,42,4040.0,True,False,bp,2.1325301204819276
9845,1174.585181671688,45,-6,3,491755,491731,491776,491738,491765,127.49411764705884,27,470.0,24,21,2532.0,True,True,bp,2.1325301204819276
9846,729.4773024774793,54,-13,4,491805,491776,491830,491786,491823,65.6315789473684,37,-363.0,29,25,1795.0,True,True,bp,2.1325301204819276
9847,489.33354075163567,66,11,-10,491858,491830,491896,491847,491870,111.2310606060606,23,-1032.0,28,38,1847.0,False,False,bp,2.1325301204819276
9848,1215.2804156793966,35,-10,17,491922,491896,491931,491904,491927,200.60555555555558,23,-3745.0,26,9,2873.0,False,False,bp,2.1325301204819276
9849,452.7523823766012,43,-17,33,491969,491931,491974,491940,491973,39.90948275862068,33,-3923.0,38,5,241.0,False,False,bp,2.1325301204819276
9850,414.3877411889266,39,10,3,491995,491974,492013,491989,492002,142.8452380952381,13,-5267.0,21,18,2160.0,False,False,bp,2.1325301204819276
9851,922.7438143143356,46,9,8,492040,492013,492059,492025,492044,177.21666666666667,19,-5709.0,27,19,3176.0,False,False,bp,2.1325301204819276
9852,172.0728717487259,40,-13,6,492082,492059,492099,492072,492094,52.575,22,-3443.0,23,17,1687.0,False,False,bp,2.1325301204819276
9853,396.70146255369883,32,16,-10,492110,492099,492131,492103,492118,145.08928571428572,15,-4219.0,11,21,1594.0,True,False,bp,2.1325301204819276
9854,853.2031788404272,50,7,8,492160,492131,492181,492149,492175,107.65454545454546,26,-5715.0,29,21,2341.0,True,True,bp,2.1325301204819276
9855,298.3510201320528,66,-1,20,492224,492181,492247,492208,492235,75.19602272727272,27,-6258.0,43,23,1907.0,True,True,bp,2.1325301204819276
9856,583.6463225969973,83,24,-33,492272,492247,492330,492261,492292,88.05,31,-6917.0,25,58,4521.0,False,False,bp,2.1325301204819276
9857,324.38768136551784,35,10,17,492356,492330,492365,492347,492361,108.5,14,-3517.0,26,9,1995.0,False,False,bp,2.1325301204819276
9858,665.7709438317552,49,14,7,492393,492365,492414,492385,492399,198.3333333333333,14,-4901.0,28,21,1993.0,True,True,bp,2.1325301204819276
9859,547.9873090940267,51,-5,1,492440,492414,492465,492427,492456,105.65865384615385,29,-4683.0,26,25,2543.0,True,True,bp,2.1325301204819276
9860,861.3635340324283,49,4,-1,492489,492465,492514,492480,492497,143.43055555555554,17,-4057.0,24,25,3406.0,True,True,bp,2.1325301204819276
9861,549.7080904395497,39,12,-21,492523,492514,492553,492518,492534,200.5818181818182,16,-3118.0,9,30,3275.0,True,False,bp,2.1325301204819276
9862,534.4491391646401,64,5,6,492588,492553,492617,492562,492594,87.39743589743591,32,-2071.0,35,29,1709.0,False,False,bp,2.1325301204819276
9863,832.4600442810355,67,-9,9,494468,494430,494497,494448,494479,96.85454545454544,31,-412.0,38,29,3225.0,True,False,bp,-4.280487804878049
9864,519.3684120513922,33,0,15,494521,494497,494530,494501,494525,106.45,24,491.0,24,9,1384.0,False,False,bp,-4.280487804878049
9865,1162.6605414785065,80,-15,6,494573,494530,494610,494549,494592,101.05592105263159,43,-1913.0,43,37,4524.0,False,False,bp,-4.280487804878049
9866,2153.5553832370388,54,0,6,494640,494610,494664,494620,494653,151.2903846153846,33,-1544.0,30,24,5022.0,True,True,bp,-4.280487804878049
9867,1148.4635485498127,89,-3,25,494721,494664,494753,494686,494729,97.72321428571428,43,-599.0,57,32,2727.0,True,True,bp,-4.280487804878049
9868,997.7751212489028,61,-1,33,494800,494753,494814,494769,494807,75.07603686635943,38,290.0,47,14,2054.0,False,False,bp,-4.280487804878049
9869,1320.8235114978536,100,-22,-14,494857,494814,494914,494844,494896,137.8076923076923,52,-3031.0,43,57,7194.0,False,False,bp,-4.280487804878049
9870,2665.991463844036,67,10,-17,494939,494914,494981,494926,494961,208.47027972027973,35,-2418.0,25,42,6357.0,True,True,bp,-4.280487804878049
9871,1415.1623399900632,83,10,9,495027,494981,495064,495006,495041,91.9404761904762,35,-661.0,46,37,3911.0,True,True,bp,-4.280487804878049
9872,2240.4291097582604,66,6,4,495099,495064,495130,495086,495112,183.8076923076923,26,-1678.0,35,31,4170.0,True,True,bp,-4.280487804878049
9873,1137.4163663013182,67,-9,17,495172,495130,495197,495144,495180,129.22321428571428,36,-129.0,42,25,3531.0,True,True,bp,-4.280487804878049
9874,1776.559574645136,66,1,-18,495221,495197,495263,495207,495242,139.97619047619048,35,-1349.0,24,42,4876.0,True,True,bp,-4.280487804878049
9875,1785.2306512657142,67,27,-15,495289,495263,495330,495278,495301,162.13636363636363,23,-246.0,26,41,4089.0,False,False,bp,-4.280487804878049
9876,2653.62072484708,66,-8,18,495372,495330,495396,495351,495379,310.6428571428571,28,-5429.0,42,24,5598.0,False,False,bp,-4.280487804878049
9877,542.6605064442065,51,49,-31,495406,495396,495447,495399,495417,138.96103896103895,18,-820.0,10,41,3903.0,False,False,bp,-4.280487804878049
9878,2573.5845047911816,84,-5,32,495505,495447,495531,495484,495515,320.26428571428573,31,-8356.0,58,26,6356.0,False,False,bp,-4.280487804878049
9879,1041.8320350739184,51,-3,-3,495555,495531,495582,495541,495573,80.61904761904762,32,-3956.0,24,27,3439.0,False,False,bp,-4.280487804878049
9880,974.0311479946173,48,30,0,495606,495582,495630,495602,495613,233.80357142857144,11,-2314.0,24,24,3366.0,True,True,bp,-4.280487804878049
9881,2080.3477503603804,67,2,15,495671,495630,495697,495654,495680,216.17320261437908,26,-3931.0,41,26,5061.0,False,False,bp,-4.280487804878049
9882,463.97443601744004,63,5,-13,495722,495697,495760,495708,495734,84.21428571428572,26,-1085.0,25,38,1929.0,False,False,bp,-4.280487804878049
9883,254.73468616958968,37,19,-13,495772,495760,495797,495765,495785,89.23626373626374,20,-679.0,12,25,1895.0,True,False,bp,-4.280487804878049
9884,183.80827471759082,67,-14,49,495855,495797,495864,495824,495857,145.4112903225806,33,-706.0,58,9,1134.0,True,False,bp,-4.280487804878049
9885,373.9617640131967,50,0,0,495889,495864,495914,495876,495899,90.42307692307692,23,-1414.0,25,25,1703.0,True,True,bp,-4.280487804878049
9886,845.7164089775821,49,9,1,495939,495914,495963,495922,495943,195.55882352941174,21,-2641.0,25,24,2614.0,True,True,bp,-4.280487804878049
9887,184.990432713381,34,-12,14,495987,495963,495997,495973,495993,82.53571428571429,20,-1388.0,24,10,1750.0,True,False,bp,-4.280487804878049
9888,242.79767333784665,34,-2,-16,496006,495997,496031,496001,496018,96.56666666666668,17,-1265.0,9,25,851.0,True,False,bp,-4.280487804878049
9889,113.53511725550472,33,9,-15,496040,496031,496064,496033,496053,39.104395604395606,20,-1180.0,9,24,780.0,False,False,bp,-4.280487804878049
9890,649.8455963740886,83,-15,-33,496089,496064,496147,496082,496124,126.2,42,-3058.0,25,58,2542.0,False,False,bp,-4.280487804878049
9891,200.453186898387,34,-12,16,496172,496147,496181,496151,496178,66.35714285714286,27,-2653.0,25,9,936.0,False,False,bp,-4.280487804878049
9892,641.038021371921,49,27,1,496206,496181,496230,496193,496218,94.09935897435898,25,-4006.0,25,24,2154.0,False,False,bp,-4.280487804878049
9893,514.9421627053185,84,6,34,496289,496230,496314,496270,496300,85.62200956937801,30,-3362.0,59,25,2071.0,True,False,bp,-4.280487804878049
9894,116.69856493670378,49,21,1,496339,496314,496363,496336,496350,168.66666666666666,14,-2619.0,25,24,916.0,False,False,bp,-4.280487804878049
9895,332.18127531364775,50,5,34,496405,496363,496413,496385,496409,83.95,24,-3626.0,42,8,1043.0,False,False,bp,-4.280487804878049
9896,101.64000286126124,38,19,22,496443,496413,496451,496438,496447,162.125,9,-4071.0,30,8,1346.0,True,True,bp,-4.280487804878049
9897,324.11716125274484,52,5,24,496489,496451,496503,496475,496493,131.5,18,-4395.0,38,14,1406.0,False,False,bp,-4.280487804878049
9898,206.37738697733758,38,10,4,496524,496503,496541,496516,496529,126.125,13,-3340.0,21,17,2278.0,False,False,bp,-4.280487804878049
9899,289.5764072767257,60,26,-30,496556,496541,496601,496552,496567,208.29545454545456,15,-2741.0,15,45,3069.0,True,False,bp,-4.280487804878049
9900,373.91749059854067,29,8,13,496622,496601,496630,496608,496625,107.7738095238095,17,-1747.0,21,8,1459.0,True,False,bp,-4.280487804878049
9901,926.0673455191003,67,13,-13,496657,496630,496697,496650,496673,135.3125,23,-2606.0,27,40,3425.0,True,False,bp,-4.280487804878049
9902,638.8158454129863,48,-2,20,496731,496697,496745,496709,496738,103.8051948051948,29,-1341.0,34,14,2548.0,True,True,bp,-4.280487804878049
9903,437.0872158408535,74,18,14,496789,496745,496819,496765,496795,102.125,30,-882.0,44,30,1867.0,False,False,bp,-4.280487804878049
9904,560.287170470678,94,-30,38,496885,496819,496913,496843,496895,123.6404761904762,52,-3959.0,66,28,3872.0,False,False,bp,-4.280487804878049
9905,786.4932554287452,34,-19,-14,496923,496913,496947,496917,496943,128.125,26,-2454.0,10,24,2011.0,True,False,bp,-4.280487804878049
9906,123.89232481768148,33,0,-15,496956,496947,496980,496950,496969,130.71794871794873,19,-2183.0,9,24,2038.0,True,True,bp,-4.280487804878049
9907,232.2876013406354,30,-4,20,497005,496980,497010,496988,497007,80.8970588235294,19,-2399.0,25,5,1085.0,False,False,bp,-4.280487804878049
9908,345.63991849319456,52,-6,-6,497033,497010,497062,497022,497056,31.298418972332016,34,-2627.0,23,29,1417.0,True,False,bp,-4.280487804878049
9909,423.5971683962753,68,8,18,497105,497062,497130,497084,497109,114.14285714285714,25,-2363.0,43,25,1894.0,True,True,bp,-4.280487804878049
9910,536.1710876748557,85,-24,-33,497156,497130,497215,497142,497195,70.13461538461539,53,-3365.0,26,59,3175.0,True,False,bp,-4.280487804878049
9911,352.6765450781333,76,-2,4,497255,497215,497291,497224,497271,18.59778225806452,47,-2622.0,40,36,2869.0,True,True,bp,-4.280487804878049
9912,910.8455045164012,43,27,19,497322,497291,497334,497316,497328,198.3333333333333,12,-1382.0,31,12,3497.0,False,False,bp,-4.280487804878049
9913,833.7339351318968,69,-12,43,497390,497334,497403,497367,497394,157.05978260869566,27,-1533.0,56,13,2278.0,True,False,bp,-4.280487804878049
9914,214.84021668241348,27,14,7,497420,497403,497430,497409,497423,200.30303030303028,14,-1223.0,17,10,2413.0,True,False,bp,-4.280487804878049
9915,1951.4274199870529,63,1,13,494468,494430,494493,494452,494477,189.30208333333331,25,-1827.0,38,25,5594.0,True,True,bp,-4.280487804878049
9916,1614.2515086654682,53,-2,7,494523,494493,494546,494503,494529,193.63333333333333,26,-495.0,30,23,3344.0,True,True,bp,-4.280487804878049
9917,1274.3749712046856,67,-11,-15,494572,494546,494613,494553,494595,101.70022883295195,42,-749.0,26,41,4714.0,True,True,bp,-4.280487804878049
9918,1334.698668831229,50,16,4,494640,494613,494663,494626,494646,150.9047619047619,20,747.0,27,23,2284.0,False,False,bp,-4.280487804878049
9919,1973.8950387966145,67,5,5,494699,494663,494730,494682,494708,208.00980392156865,26,-2625.0,36,31,4517.0,False,False,bp,-4.280487804878049
9920,1130.854957395061,48,-1,4,494756,494730,494778,494739,494762,158.99019607843138,23,-1201.0,26,22,2692.0,True,False,bp,-4.280487804878049
9921,856.5801151573042,40,30,-18,494789,494778,494818,494784,494798,214.56666666666663,14,-261.0,11,29,4506.0,False,False,bp,-4.280487804878049
9922,1283.3984892981641,62,10,14,494856,494818,494880,494842,494862,203.33333333333331,20,420.0,38,24,3398.0,True,True,bp,-4.280487804878049
9923,933.1057846048072,50,2,-6,494902,494880,494930,494892,494920,119.21666666666668,28,746.0,22,28,2466.0,True,True,bp,-4.280487804878049
9924,1634.6191602703755,51,5,3,494957,494930,494981,494950,494973,164.96428571428572,23,539.0,27,24,4717.0,True,True,bp,-4.280487804878049
9925,1715.2575227813638,78,-14,6,495023,494981,495059,495001,495042,128.7200956937799,41,-1328.0,42,36,4728.0,True,True,bp,-4.280487804878049
9926,1387.2931743853226,55,-11,3,495088,495059,495114,495069,495100,129.59429824561406,31,21.0,29,26,2911.0,True,False,bp,-4.280487804878049
9927,544.1651077050317,101,-50,15,495172,495114,495215,495120,495199,56.57549857549858,79,-96.0,58,43,2768.0,True,False,bp,-4.280487804878049
9928,2331.9622680905163,49,-2,-1,495239,495215,495264,495228,495255,185.125,27,-1964.0,24,25,6072.0,True,False,bp,-4.280487804878049
9929,875.6150076141362,66,0,-14,495290,495264,495330,495280,495309,128.38947368421051,29,474.0,26,40,1743.0,False,False,bp,-4.280487804878049
9930,735.6848646145976,66,4,-16,495355,495330,495396,495338,495369,94.2016806722689,31,-556.0,25,41,2917.0,True,True,bp,-4.280487804878049
9931,2090.5456673156173,51,17,-7,495418,495396,495447,495404,495428,201.25,24,-1057.0,22,29,5688.0,True,True,bp,-4.280487804878049
9932,1959.142665232073,65,3,9,495484,495447,495512,495469,495495,170.15454545454546,26,-1756.0,37,28,2668.0,False,False,bp,-4.280487804878049
9933,2451.966707369196,58,2,-4,495539,495512,495570,495524,495557,189.23888888888888,33,-5649.0,27,31,5778.0,False,False,bp,-4.280487804878049
9934,1523.3616114164722,60,-2,12,495606,495570,495630,495592,495621,108.19761904761904,29,-1659.0,36,24,4433.0,False,False,bp,-4.280487804878049
9935,1632.4978672936766,66,-13,18,495672,495630,495696,495648,495681,177.16666666666663,33,-3141.0,42,24,4074.0,True,False,bp,-4.280487804878049
9936,691.4810290126,55,5,-31,495708,495696,495751,495701,495733,117.2342857142857,32,-1282.0,12,43,2368.0,True,False,bp,-4.280487804878049
9937,686.1642091795344,65,-11,11,495789,495751,495816,495770,495809,62.0,39,-1225.0,38,27,2560.0,True,True,bp,-4.280487804878049
9938,610.2359472284486,81,0,-3,495855,495816,495897,495837,495876,69.06349206349206,39,-1572.0,39,42,2202.0,True,True,bp,-4.280487804878049
9939,520.0523219318981,67,-23,17,495939,495897,495964,495915,495953,79.05059523809524,38,-1904.0,42,25,1967.0,True,False,bp,-4.280487804878049
9940,165.74791460868653,32,7,-16,495972,495964,495996,495968,495985,117.90384615384615,17,-1289.0,8,24,1685.0,True,False,bp,-4.280487804878049
9941,634.0074480516417,68,-12,-8,496026,495996,496064,496009,496045,58.92105263157895,36,-1629.0,30,38,2492.0,True,False,bp,-4.280487804878049
9942,387.0107570444207,33,0,-7,496077,496064,496097,496069,496089,86.75,20,-1272.0,13,20,1121.0,False,False,bp,-4.280487804878049
9943,655.1809874125255,50,10,2,496123,496097,496147,496109,496134,60.22077922077922,25,-2799.0,26,24,2039.0,False,False,bp,-4.280487804878049
9944,153.86160868833892,61,15,31,496193,496147,496208,496169,496196,79.52083333333333,27,-2229.0,46,15,1031.0,True,True,bp,-4.280487804878049
9945,302.679246499049,54,12,34,496252,496208,496262,496238,496257,125.48571428571431,19,-2662.0,44,10,2120.0,True,True,bp,-4.280487804878049
9946,397.74676962899673,63,-1,23,496305,496262,496325,496288,496309,132.8014705882353,21,-2361.0,43,20,1799.0,True,False,bp,-4.280487804878049
9947,381.2877709422151,37,6,-9,496339,496325,496362,496329,496348,108.76666666666668,19,-2205.0,14,23,1568.0,True,False,bp,-4.280487804878049
9948,434.5349666291931,68,-3,-14,496389,496362,496430,496373,496404,70.23125,31,-3564.0,27,41,1849.0,True,False,bp,-4.280487804878049
9949,463.44873411660967,33,-9,-23,496435,496430,496463,496432,496456,188.57142857142856,24,-3225.0,5,28,1812.0,True,False,bp,-4.280487804878049
9950,261.0919568283324,52,33,-26,496476,496463,496515,496471,496490,103.32142857142857,19,-2691.0,13,39,2445.0,True,False,bp,-4.280487804878049
9951,484.1949094121245,50,-2,28,496554,496515,496565,496542,496559,247.98333333333332,17,-2821.0,39,11,3828.0,False,False,bp,-4.280487804878049
9952,130.7854370453864,49,6,-11,496584,496565,496614,496574,496601,40.597058823529416,27,-389.0,19,30,1863.0,False,False,bp,-4.280487804878049
9953,508.73024931581983,89,5,-33,496642,496614,496703,496634,496671,78.52370689655173,37,-500.0,28,61,2652.0,True,False,bp,-4.280487804878049
9954,478.6833473245503,62,-12,-4,496732,496703,496765,496713,496750,65.16520467836257,37,810.0,29,33,2055.0,True,False,bp,-4.280487804878049
9955,418.3217165731349,33,-9,3,496783,496765,496798,496775,496794,76.80681818181819,19,1540.0,18,15,1736.0,True,False,bp,-4.280487804878049
9956,227.49219514072777,29,1,5,496815,496798,496827,496804,496822,97.35064935064936,18,1338.0,17,12,1207.0,False,False,bp,-4.280487804878049
9957,1420.4414316092505,54,-19,4,496856,496827,496881,496841,496872,119.99375,31,-1797.0,29,25,3020.0,False,False,bp,-4.280487804878049
9958,336.95767403926504,33,-7,-17,496889,496881,496914,496884,496904,161.03333333333333,20,-847.0,8,25,3067.0,True,True,bp,-4.280487804878049
9959,836.1925769861633,33,-8,-7,496927,496914,496947,496917,496939,136.70833333333334,22,-386.0,13,20,2970.0,True,True,bp,-4.280487804878049
9960,691.5095755286796,34,-7,18,496973,496947,496981,496953,496977,158.5,24,60.0,26,8,2014.0,True,True,bp,-4.280487804878049
9961,427.14051706190367,49,-21,1,497006,496981,497030,496994,497024,85.56944444444444,30,-573.0,25,24,1477.0,True,True,bp,-4.280487804878049
9962,152.80780527897414,33,10,-15,497039,497030,497063,497033,497049,131.45,16,-890.0,9,24,1515.0,True,True,bp,-4.280487804878049
9963,177.37621960225806,34,-3,16,497088,497063,497097,497075,497092,139.00961538461542,17,-690.0,25,9,2337.0,True,True,bp,-4.280487804878049
9964,227.0804280083597,33,-1,11,497119,497097,497130,497106,497125,58.28846153846154,19,-1243.0,22,11,1463.0,False,False,bp,-4.280487804878049
9965,829.0740874912867,82,-3,-32,497155,497130,497212,497143,497184,135.14080459770116,41,-3127.0,25,57,3609.0,False,False,bp,-4.280487804878049
9966,933.2095343923427,56,-15,-2,497239,497212,497268,497222,497257,59.442810457516345,35,-2317.0,27,29,2683.0,True,False,bp,-4.280487804878049
9967,241.66728293854342,95,-17,-55,497288,497268,497363,497277,497333,35.63939393939393,56,-1018.0,20,75,3031.0,False,False,bp,-4.280487804878049
9968,747.3459713121562,46,1,-6,497383,497363,497409,497372,497393,89.05454545454546,21,603.0,20,26,2005.0,False,False,bp,-4.280487804878049
9969,295.2810441502317,22,8,4,497422,497409,497431,497415,497425,208.90476190476195,10,997.0,13,9,2161.0,True,False,bp,-4.280487804878049
9970,1733.4953311259715,87,-13,9,498906,498858,498945,498888,498926,151.95833333333331,38,-1618.0,48,39,6118.0,False,False,bp,-1.21875
9971,1492.4804235447912,52,11,-30,498956,498945,498997,498951,498976,190.675,25,1931.0,11,41,3797.0,False,False,bp,-1.21875
9972,884.3499167939074,83,-10,-33,499022,498997,499080,499012,499057,114.92142857142859,45,2169.0,25,58,3921.0,True,True,bp,-1.21875
9973,1002.9222663277203,67,-21,-17,499105,499080,499147,499092,499135,72.77179487179487,43,2811.0,25,42,2933.0,True,True,bp,-1.21875
9974,1013.5862864001455,48,-10,2,499172,499147,499195,499157,499182,157.95,25,1496.0,25,23,1362.0,False,False,bp,-1.21875
9975,297.563859429352,18,16,-6,499201,499195,499213,499197,499210,106.63888888888887,13,2179.0,6,12,1171.0,False,False,bp,-1.21875
9976,701.1002463633557,66,7,18,499255,499213,499279,499239,499262,81.44642857142857,23,652.0,42,24,1798.0,False,False,bp,-1.21875
9977,481.05898450635294,52,4,34,499322,499279,499331,499292,499326,135.14166666666665,34,-174.0,43,9,2147.0,True,True,bp,-1.21875
9978,424.00637235452143,62,4,20,499372,499331,499393,499364,499381,142.9375,17,-255.0,41,21,954.0,False,False,bp,-1.21875
9979,117.19479797596789,37,12,-13,499405,499393,499430,499402,499416,122.77272727272728,14,-347.0,12,25,1331.0,True,True,bp,-1.21875
9980,648.821613187602,50,12,0,499455,499430,499480,499442,499461,179.91025641025644,19,-1076.0,25,25,3159.0,True,True,bp,-1.21875
9981,537.8130187435452,50,-4,8,499509,499480,499530,499492,499523,49.292016806722685,31,168.0,29,21,2265.0,True,True,bp,-1.21875
9982,343.7464481446742,67,-10,23,499575,499530,499597,499550,499584,80.84888888888891,34,-493.0,45,22,1077.0,False,False,bp,-1.21875
9983,305.4440901031339,67,0,15,499638,499597,499664,499608,499651,23.42820512820513,43,-936.0,41,26,2425.0,True,True,bp,-1.21875
9984,618.1302236199202,66,9,48,499721,499664,499730,499694,499726,71.88518518518521,32,-1058.0,57,9,1123.0,False,False,bp,-1.21875
9985,1043.8421051526298,99,-13,11,499785,499730,499829,499767,499811,96.6794871794872,44,-3903.0,55,44,4214.0,False,False,bp,-1.21875
9986,937.6879645633194,52,2,2,499856,499829,499881,499842,499874,72.59920634920636,32,-3362.0,27,25,2165.0,True,False,bp,-1.21875
9987,601.9837300537793,82,25,0,499922,499881,499963,499908,499932,154.07857142857142,24,-4440.0,41,41,2791.0,True,True,bp,-1.21875
9988,311.6905182369304,66,-31,30,500011,499963,500029,499981,500023,65.8,42,-4474.0,48,18,1868.0,True,False,bp,-1.21875
9989,650.5138945212701,88,-4,-46,500050,500029,500117,500034,500079,71.1519396551724,45,-5252.0,21,67,3474.0,True,False,bp,-1.21875
9990,611.4414100147327,46,-16,-36,500122,500117,500163,500120,500152,266.2,32,-3537.0,5,41,2065.0,True,False,bp,-1.21875
9991,550.0048967835352,32,-4,10,500184,500163,500195,500168,500187,134.73958333333331,19,-4063.0,21,11,1046.0,False,False,bp,-1.21875
9992,572.5788572063215,34,-4,-14,500205,500195,500229,500202,500223,137.77777777777777,21,-4197.0,10,24,2548.0,False,False,bp,-1.21875
9993,1116.791705002612,51,40,-9,500250,500229,500280,500240,500267,139.79705882352943,27,-4223.0,21,30,3849.0,True,False,bp,-1.21875
9994,2603.0640201884157,50,21,0,498905,498880,498930,498895,498916,295.4136363636364,21,-3877.0,25,25,6167.0,True,True,bp,-1.21875
9995,3140.3238349126145,67,14,17,498972,498930,498997,498958,498983,295.3506493506493,25,-4037.0,42,25,7853.0,True,True,bp,-1.21875
9996,1812.9973223920435,67,8,23,499042,498997,499064,499022,499056,96.76071428571429,34,-686.0,45,22,2104.0,False,False,bp,-1.21875
9997,2257.1697286411336,83,17,3,499107,499064,499147,499098,499124,273.86274509803917,26,-4581.0,43,40,6369.0,False,False,bp,-1.21875
9998,1799.9451136382957,72,6,-20,499173,499147,499219,499167,499193,221.375,26,-2434.0,26,46,3541.0,True,True,bp,-1.21875
9999,819.5330625124046,59,-14,-21,499238,499219,499278,499225,499265,86.87606837606839,40,-2160.0,19,40,2001.0,True,True,bp,-1.21875
10000,845.4805957760395,62,-2,22,499320,499278,499340,499291,499325,147.4,34,-2794.0,42,20,3076.0,True,False,bp,-1.21875
10001,860.6315901936717,57,-4,-3,499367,499340,499397,499357,499382,107.5,25,-3228.0,27,30,1992.0,True,True,bp,-1.21875
10002,791.9218864674465,53,-7,-15,499416,499397,499450,499403,499434,115.02991452991455,31,-3535.0,19,34,3658.0,False,False,bp,-1.21875
10003,368.975565895194,64,16,-30,499467,499450,499514,499458,499485,55.08333333333334,27,-997.0,17,47,3476.0,False,False,bp,-1.21875
10004,723.3302164940906,66,12,-12,499541,499514,499580,499528,499551,74.3923076923077,23,282.0,27,39,1976.0,True,True,bp,-1.21875
10005,633.8268519168244,67,22,-17,499605,499580,499647,499586,499623,66.87719298245614,37,-670.0,25,42,1881.0,True,True,bp,-1.21875
10006,1200.455251063855,83,17,-1,499688,499647,499730,499682,499707,196.23245614035088,25,-2129.0,41,42,4079.0,True,True,bp,-1.21875
10007,654.255589289593,67,-11,11,499769,499730,499797,499749,499785,55.33125,36,-1504.0,39,28,1884.0,True,True,bp,-1.21875
10008,940.6662446684461,50,-7,2,499823,499797,499847,499810,499838,111.27948717948719,28,-1899.0,26,24,3437.0,False,False,bp,-1.21875
10009,432.4672411878514,49,0,-5,499869,499847,499896,499859,499884,60.65,25,-10.0,22,27,1533.0,False,False,bp,-1.21875
10010,380.84602548125815,35,-8,17,499922,499896,499931,499909,499926,187.16346153846158,17,-2096.0,26,9,2356.0,False,False,bp,-1.21875
10011,302.4965551404902,49,-4,7,499959,499931,499980,499935,499961,115.625,26,-3021.0,28,21,1297.0,False,False,bp,-1.21875
10012,431.65132346323196,29,13,-13,499988,499980,500009,499983,500002,143.59285714285716,19,-3652.0,8,21,1035.0,False,False,bp,-1.21875
10013,817.56996981744,88,-23,16,500061,500009,500097,500034,500079,58.444444444444436,45,-4705.0,52,36,3182.0,False,False,bp,-1.21875
10014,432.9132933373391,34,10,-18,500105,500097,500131,500101,500117,174.125,16,-3256.0,8,26,2453.0,True,False,bp,-1.21875
10015,777.1578605844078,75,14,-25,500156,500131,500206,500143,500173,96.66968325791856,30,-4059.0,25,50,2908.0,False,False,bp,-1.21875
10016,484.5437804901831,58,-15,8,500239,500206,500264,500217,500250,73.77272727272727,33,-2122.0,33,25,2696.0,False,False,bp,-1.21875
10017,133.09619582461337,32,12,-16,500272,500264,500296,500268,500283,173.14772727272725,15,-874.0,8,24,2293.0,True,False,bp,-1.21875
10018,504.16168851426005,57,-11,31,500340,500296,500353,500310,500345,150.28333333333333,35,-2162.0,44,13,2511.0,True,False,bp,-1.21875
10019,422.6712958676961,94,-30,-12,502005,501964,502058,501987,502043,31.50292397660819,56,466.0,41,53,3629.0,False,False,bp,-0.6666666666666666
10020,1816.4044772999218,57,1,-21,502076,502058,502115,502069,502095,205.6127819548872,26,-207.0,18,39,4038.0,False,False,bp,-0.6666666666666666
10021,538.2898751935691,48,11,-8,502135,502115,502163,502122,502140,94.35384615384615,18,1926.0,20,28,1285.0,False,False,bp,-0.6666666666666666
10022,816.9066740288205,50,8,-28,502174,502163,502213,502169,502189,143.73333333333338,20,1240.0,11,39,2929.0,False,False,bp,-0.6666666666666666
10023,408.39119891523904,34,15,-18,502221,502213,502247,502217,502234,125.1346153846154,17,2806.0,8,26,2174.0,False,False,bp,-0.6666666666666666
10024,2860.115009445045,65,3,-9,502275,502247,502312,502266,502292,254.90849673202615,26,-392.0,28,37,6365.0,False,False,bp,-0.6666666666666666
10025,1364.4353306789794,35,2,19,502339,502312,502347,502321,502342,147.0,21,915.0,27,8,1104.0,False,False,bp,-0.6666666666666666
10026,846.1700722824369,83,40,-35,502371,502347,502430,502365,502386,184.6833333333333,21,-532.0,24,59,4160.0,False,False,bp,-0.6666666666666666
10027,1569.3084120106855,50,3,0,502455,502430,502480,502447,502472,161.57352941176467,25,241.0,25,25,3773.0,True,True,bp,-0.6666666666666666
10028,1526.498071949216,82,2,2,502522,502480,502562,502500,502543,104.65259740259741,43,-421.0,42,40,4444.0,True,True,bp,-0.6666666666666666
10029,3002.8343748980865,71,17,15,502605,502562,502633,502588,502612,376.1596638655463,24,-3666.0,43,28,7657.0,False,False,bp,-0.6666666666666666
10030,1276.0633893552658,79,-11,-3,502671,502633,502712,502653,502695,82.56944444444444,42,292.0,38,41,3452.0,False,False,bp,-0.6666666666666666
10031,845.1040279359204,69,-9,17,502755,502712,502781,502726,502767,89.433908045977,41,560.0,43,26,2581.0,True,False,bp,-0.6666666666666666
10032,511.5804018079483,65,-16,-17,502805,502781,502846,502799,502839,95.72058823529413,40,1240.0,24,41,2568.0,True,True,bp,-0.6666666666666666
10033,827.2505535451783,47,2,5,502872,502846,502893,502863,502880,161.25,17,494.0,26,21,1769.0,True,False,bp,-0.6666666666666666
10034,347.7930875803801,37,33,-13,502905,502893,502930,502899,502915,157.38333333333333,16,-20.0,12,25,1593.0,True,False,bp,-0.6666666666666666
10035,568.1062477601461,84,4,-2,502971,502930,503014,502964,502990,133.43984962406014,26,-984.0,41,43,2968.0,True,False,bp,-0.6666666666666666
10036,1041.166130305415,66,11,-18,503038,503014,503080,503020,503053,113.38333333333333,33,-1216.0,24,42,3117.0,True,True,bp,-0.6666666666666666
10037,874.1620043907702,46,-12,12,503109,503080,503126,503097,503122,97.22115384615385,25,-986.0,29,17,1490.0,True,True,bp,-0.6666666666666666
10038,780.441481067706,60,-15,-2,503155,503126,503186,503135,503174,78.73157894736842,39,-2063.0,29,31,3606.0,True,True,bp,-0.6666666666666666
10039,1560.2822491145844,44,22,-4,503206,503186,503230,503198,503222,170.28125,24,-1905.0,20,24,2901.0,True,False,bp,-0.6666666666666666
10040,1316.621100013726,99,19,17,503288,503230,503329,503268,503301,128.72692307692307,33,-3544.0,58,41,4239.0,True,False,bp,-0.6666666666666666
10041,1370.1222351904134,64,12,22,503372,503329,503393,503353,503377,172.2263157894737,24,-1968.0,43,21,3106.0,True,True,bp,-0.6666666666666666
10042,435.0046209905806,101,-40,23,503455,503393,503494,503413,503477,46.65259740259741,64,-1421.0,62,39,2823.0,True,False,bp,-0.6666666666666666
10043,1543.0166943827282,53,-3,3,503522,503494,503547,503501,503529,175.19047619047618,28,-2925.0,28,25,3696.0,True,False,bp,-0.6666666666666666
10044,715.1646882151445,66,4,-18,503571,503547,503613,503554,503592,80.71008403361343,38,-2486.0,24,42,2591.0,True,False,bp,-0.6666666666666666
10045,1000.5268319289056,51,-3,33,503655,503613,503664,503634,503659,130.79761904761904,25,-3073.0,42,9,1802.0,True,False,bp,-0.6666666666666666
10046,374.4563288679512,49,0,-1,503688,503664,503713,503681,503703,89.06666666666666,22,-2599.0,24,25,1669.0,True,True,bp,-0.6666666666666666
10047,851.4828839952097,50,-20,6,503741,503713,503763,503725,503756,67.93541666666667,31,-3047.0,28,22,2543.0,False,False,bp,-0.6666666666666666
10048,246.35489188470171,33,-6,3,503781,503763,503796,503767,503788,17.714285714285708,21,-1615.0,18,15,378.0,False,False,bp,-0.6666666666666666
10049,284.379910507109,34,-12,16,503821,503796,503830,503803,503827,78.58333333333333,24,-2839.0,25,9,1304.0,False,False,bp,-0.6666666666666666
10050,328.85265226919347,53,-7,-15,503849,503830,503883,503839,503866,60.43823529411765,27,-3244.0,19,34,1753.0,False,False,bp,-0.6666666666666666
10051,99.7490331473252,34,17,-22,503889,503883,503917,503886,503901,143.83333333333331,15,-2349.0,6,28,1917.0,False,False,bp,-0.6666666666666666
10052,259.75107880661386,45,-6,19,503949,503917,503962,503933,503957,49.96875,24,-2504.0,32,13,846.0,False,False,bp,-0.6666666666666666
10053,536.1966643553209,40,2,14,503989,503962,504002,503975,503995,142.25,20,-4777.0,27,13,1940.0,False,False,bp,-0.6666666666666666
10054,60.25059986907253,28,2,12,504022,504002,504030,504017,504027,208.7,10,-4383.0,20,8,2534.0,True,False,bp,-0.6666666666666666
10055,253.4955960129294,103,-16,-31,504066,504030,504133,504039,504096,10.557407407407407,57,-3592.0,36,67,1763.0,True,False,bp,-0.6666666666666666
10056,858.0961806728038,44,0,-2,504154,504133,504177,504137,504162,105.3860294117647,25,-4651.0,21,23,1938.0,True,False,bp,-0.6666666666666666
10057,437.10738792246497,51,13,-27,504189,504177,504228,504187,504209,172.8,22,-3927.0,12,39,1579.0,True,False,bp,-0.6666666666666666
10058,254.20412720688088,88,-8,-32,504256,504228,504316,504244,504297,91.90447154471545,53,-4359.0,28,60,6144.0,False,False,bp,-0.6666666666666666
10059,420.540560209172,64,-19,36,504366,504316,504380,504342,504373,55.0297619047619,31,-529.0,50,14,1809.0,False,False,bp,-0.6666666666666666
10060,792.2601209445396,50,9,-2,504404,504380,504430,504385,504408,204.5263157894737,23,-1529.0,24,26,2949.0,True,True,bp,-0.6666666666666666
10061,396.0581081253279,67,3,-19,504454,504430,504497,504440,504472,51.813492063492056,32,-337.0,24,43,1306.0,True,False,bp,-0.6666666666666666
10062,150.35514462365458,34,1,14,504521,504497,504531,504507,504527,62.547619047619044,20,-894.0,24,10,1017.0,False,False,bp,-0.6666666666666666
10063,751.3194775470541,49,14,-1,504555,504531,504580,504548,504568,144.24175824175825,20,-2330.0,24,25,3061.0,False,False,bp,-0.6666666666666666
10064,941.8549515745527,49,-6,1,501989,501964,502013,501976,502001,94.35256410256409,25,-1177.0,25,24,2470.0,True,True,bp,-0.6666666666666666
10065,781.4452055908213,67,-14,-27,502033,502013,502080,502020,502060,93.42307692307692,40,-1417.0,20,47,3446.0,True,True,bp,-0.6666666666666666
10066,1886.3849921558874,49,4,-19,502095,502080,502129,502086,502108,193.3076923076923,22,-2001.0,15,34,4035.0,True,True,bp,-0.6666666666666666
10067,2493.782853781217,51,1,-11,502149,502129,502180,502134,502163,195.62619047619046,29,-2245.0,20,31,6617.0,True,True,bp,-0.6666666666666666
10068,2875.8165273283403,66,10,-14,502206,502180,502246,502193,502221,239.38461538461542,28,-2500.0,26,40,6420.0,True,True,bp,-0.6666666666666666
10069,4650.912863418425,67,12,-17,502271,502246,502313,502259,502284,450.9775641025641,25,-7807.0,25,42,10703.0,False,False,bp,-0.6666666666666666
10070,1519.5839302075092,55,-13,29,502355,502313,502368,502321,502359,173.16176470588238,38,-1121.0,42,13,2344.0,False,False,bp,-0.6666666666666666
10071,2020.0811425041788,66,-5,-2,502400,502368,502434,502384,502417,137.22426470588235,33,-1938.0,32,34,5943.0,False,False,bp,-0.6666666666666666
10072,5493.442056711327,61,9,-17,502456,502434,502495,502445,502470,522.7694805194806,25,-8472.0,22,39,12510.0,False,False,bp,-0.6666666666666666
10073,4536.360689828352,66,23,-20,502518,502495,502561,502504,502529,383.52272727272725,25,-5020.0,23,43,9367.0,True,True,bp,-0.6666666666666666
10074,4361.874656198465,53,7,3,502589,502561,502614,502577,502598,463.34722222222223,21,-5391.0,28,25,9271.0,False,False,bp,-0.6666666666666666
10075,1594.1209225850578,65,5,-5,502644,502614,502679,502626,502657,111.97863247863249,31,-103.0,30,35,3437.0,False,False,bp,-0.6666666666666666
10076,1399.5472269270965,50,14,-4,502702,502679,502729,502693,502708,256.08333333333337,15,-1031.0,23,27,3576.0,True,True,bp,-0.6666666666666666
10077,1900.1990745995984,52,16,-8,502751,502729,502781,502737,502759,231.4642857142857,22,-1577.0,22,30,5075.0,True,True,bp,-0.6666666666666666
10078,1806.1621369707175,64,1,6,502816,502781,502845,502797,502828,154.76973684210526,31,-885.0,35,29,4585.0,True,True,bp,-0.6666666666666666
10079,1205.1227589442376,51,8,1,502871,502845,502896,502860,502876,173.3818181818182,16,-120.0,26,25,2162.0,True,True,bp,-0.6666666666666666
10080,791.7466200609706,50,1,-10,502916,502896,502946,502900,502926,76.28125,26,465.0,20,30,2314.0,True,True,bp,-0.6666666666666666
10081,1196.0615189028936,67,-7,-15,502972,502946,503013,502953,502991,90.2894736842105,38,-957.0,26,41,2552.0,True,True,bp,-0.6666666666666666
10082,2317.1323252368106,51,-7,-1,503038,503013,503064,503022,503050,166.71875,28,-2641.0,25,26,5468.0,True,True,bp,-0.6666666666666666
10083,835.1315920823371,65,-26,11,503102,503064,503129,503071,503116,52.2315668202765,45,-475.0,38,27,1978.0,True,True,bp,-0.6666666666666666
10084,1058.8332634080082,51,12,1,503155,503129,503180,503135,503161,138.85833333333332,26,-1335.0,26,25,3302.0,True,True,bp,-0.6666666666666666
10085,2985.788076777652,69,2,-7,503211,503180,503249,503199,503228,221.91421568627453,29,-3970.0,31,38,6358.0,True,True,bp,-0.6666666666666666
10086,2947.7814381601,54,2,-8,503272,503249,503303,503259,503289,221.16968325791854,30,-3977.0,23,31,6604.0,True,True,bp,-0.6666666666666666
10087,1691.303014537217,44,6,16,503333,503303,503347,503321,503340,220.48214285714286,19,-1357.0,30,14,4138.0,True,True,bp,-0.6666666666666666
10088,1143.6379666769467,49,9,3,503373,503347,503396,503365,503389,170.78125,24,-931.0,26,23,3186.0,True,True,bp,-0.6666666666666666
10089,1710.9034010132375,51,4,25,503434,503396,503447,503422,503440,216.0833333333333,18,-2037.0,38,13,3607.0,True,True,bp,-0.6666666666666666
10090,673.4341449385912,69,-30,13,503488,503447,503516,503462,503508,54.801923076923075,46,-254.0,41,28,2084.0,False,False,bp,-0.6666666666666666
10091,2296.8122238628816,46,8,-10,503534,503516,503562,503524,503546,224.19166666666663,22,-3203.0,18,28,4804.0,False,False,bp,-0.6666666666666666
10092,1262.6758830332726,67,-24,-7,503592,503562,503629,503576,503618,96.00721153846158,42,-1459.0,30,37,3888.0,True,True,bp,-0.6666666666666666
10093,718.4357383731126,33,19,7,503649,503629,503662,503636,503653,128.25961538461542,17,-1174.0,20,13,941.0,False,False,bp,-0.6666666666666666
10094,1166.4721193900152,65,3,21,503705,503662,503727,503689,503715,137.725,26,-3416.0,43,22,4966.0,False,False,bp,-0.6666666666666666
10095,1277.0330537374018,53,-6,9,503758,503727,503780,503744,503768,123.34285714285713,24,-2680.0,31,22,2438.0,True,True,bp,-0.6666666666666666
10096,393.33255465863573,32,-6,8,503800,503780,503812,503786,503808,92.05357142857143,22,-1979.0,20,12,2001.0,True,True,bp,-0.6666666666666666
10097,185.40038154336852,35,-2,13,503836,503812,503847,503824,503840,101.95833333333331,16,-1580.0,24,11,1617.0,True,True,bp,-0.6666666666666666
10098,874.6064155814972,49,-23,1,503872,503847,503896,503854,503889,73.78267973856208,35,-2155.0,25,24,3148.0,True,True,bp,-0.6666666666666666
10099,460.915982232397,50,15,-30,503906,503896,503946,503901,503922,146.04375,21,-1455.0,10,40,1200.0,False,False,bp,-0.6666666666666666
10100,723.6263347614833,46,5,6,503972,503946,503992,503958,503976,125.5,18,-3633.0,26,20,1985.0,False,False,bp,-0.6666666666666666
10101,741.6355668785392,38,5,-12,504005,503992,504030,503999,504023,116.22222222222223,24,-3298.0,13,25,3547.0,False,False,bp,-0.6666666666666666
10102,549.3665200418367,49,0,27,504068,504030,504079,504052,504074,147.47916666666669,22,-3094.0,38,11,2345.0,True,False,bp,-0.6666666666666666
10103,231.29897599173532,84,-9,0,504121,504079,504163,504096,504141,56.52500000000001,45,-2944.0,42,42,1952.0,True,False,bp,-0.6666666666666666
10104,465.7403826534251,64,-1,-14,504188,504163,504227,504177,504205,55.73796791443851,28,-2779.0,25,39,1460.0,False,False,bp,-0.6666666666666666
10105,734.9249796607857,73,-19,-49,504239,504227,504300,504232,504277,146.64097744360902,45,-4442.0,12,61,3631.0,False,False,bp,-0.6666666666666666
10106,254.8217062447805,28,2,-12,504308,504300,504328,504303,504317,125.01111111111112,14,-1744.0,8,20,2551.0,False,False,bp,-0.6666666666666666
10107,126.19477881786564,34,22,-16,504337,504328,504362,504333,504340,314.04166666666663,7,-1032.0,9,25,2439.0,True,True,bp,-0.6666666666666666
10108,332.52409874698304,36,2,-4,504378,504362,504398,504369,504384,116.0,15,-403.0,16,20,1711.0,True,False,bp,-0.6666666666666666
10109,243.2630547429346,65,-20,-49,504406,504398,504463,504401,504448,120.40714285714287,47,-555.0,8,57,3343.0,True,False,bp,-0.6666666666666666
10110,649.3042647000859,67,-17,-15,504489,504463,504530,504475,504517,58.64285714285714,42,151.0,26,41,2892.0,True,True,bp,-0.6666666666666666
10111,466.4462002776376,62,-16,22,504572,504530,504592,504542,504579,95.85238095238097,37,-422.0,42,20,2232.0,True,False,bp,-0.6666666666666666
10112,1516.7665208754438,52,23,-30,506589,506578,506630,506582,506611,139.76298701298705,29,1350.0,11,41,5186.0,False,False,bp,2.1206896551724137
10113,1607.5121124354182,83,16,31,506687,506630,506713,506663,506698,126.37121212121212,35,1180.0,57,26,3305.0,True,True,bp,2.1206896551724137
10114,2519.626364589077,95,16,11,506766,506713,506808,506749,506778,211.50735294117646,29,-1343.0,53,42,6241.0,True,True,bp,2.1206896551724137
10115,2070.8330880823733,72,-7,-12,506838,506808,506880,506823,506858,152.725,35,-556.0,30,42,5081.0,True,True,bp,2.1206896551724137
10116,1141.0255277262781,66,-15,-26,506900,506880,506946,506886,506927,106.52910052910052,41,1043.0,20,46,2654.0,True,True,bp,2.1206896551724137
10117,1276.674704184412,61,2,-9,506972,506946,507007,506953,506983,113.84449760765551,30,-367.0,26,35,2837.0,True,True,bp,2.1206896551724137
10118,1698.9017889485465,55,-10,-25,507022,507007,507062,507015,507046,187.297619047619,31,-695.0,15,40,6207.0,True,True,bp,2.1206896551724137
10119,1379.3638671208155,34,11,8,507083,507062,507096,507067,507089,129.90625,22,2011.0,21,13,2596.0,True,False,bp,2.1206896551724137
10120,1078.7129425550486,83,-19,1,507138,507096,507179,507122,507164,105.56490384615385,42,263.0,42,41,2857.0,True,False,bp,2.1206896551724137
10121,858.6945872980369,45,9,5,507204,507179,507224,507187,507207,190.63725490196083,20,533.0,25,20,1900.0,False,False,bp,2.1206896551724137
10122,685.0655139802456,39,14,-11,507238,507224,507263,507236,507251,98.73076923076924,15,1961.0,14,25,2043.0,False,False,bp,2.1206896551724137
10123,2267.919481526401,64,18,-8,507291,507263,507327,507280,507306,192.84242424242424,26,-1346.0,28,36,3933.0,False,False,bp,2.1206896551724137
10124,2789.539743820595,69,5,11,507367,507327,507396,507350,507381,227.55462184873952,31,-3867.0,40,29,6985.0,True,True,bp,2.1206896551724137
10125,1762.8337826934937,83,1,1,507438,507396,507479,507417,507448,158.01190476190476,31,-1523.0,42,41,3617.0,False,False,bp,2.1206896551724137
10126,135.6881964462504,34,-14,-4,507494,507479,507513,507480,507509,16.776190476190475,29,1960.0,15,19,914.0,False,False,bp,2.1206896551724137
10127,239.864074223804,37,-4,13,507538,507513,507550,507524,507540,91.96428571428572,16,1034.0,25,12,653.0,False,False,bp,2.1206896551724137
10128,107.07699668531168,45,6,-35,507555,507550,507595,507552,507577,81.74242424242424,25,1063.0,5,40,1471.0,False,False,bp,2.1206896551724137
10129,749.2687439939584,57,-1,7,507627,507595,507652,507608,507637,81.56052631578947,29,295.0,32,25,2434.0,True,True,bp,2.1206896551724137
10130,746.9236469997522,45,3,5,507677,507652,507697,507665,507690,70.67628205128204,25,957.0,25,20,1751.0,True,True,bp,2.1206896551724137
10131,986.9527150096441,50,-4,6,507725,507697,507747,507718,507739,157.17857142857142,21,-226.0,28,22,2452.0,True,True,bp,2.1206896551724137
10132,677.2506559119506,32,12,14,507770,507747,507779,507756,507772,119.07142857142857,16,-819.0,23,9,1032.0,False,False,bp,2.1206896551724137
10133,364.40385111980055,83,-12,1,507821,507779,507862,507800,507844,53.31780538302277,44,-2431.0,42,41,1836.0,False,False,bp,2.1206896551724137
10134,509.5527598533477,54,28,-2,507888,507862,507916,507876,507894,124.16666666666666,18,-1775.0,26,28,2427.0,False,False,bp,2.1206896551724137
10135,344.7273140171682,64,11,46,507971,507916,507980,507940,507977,44.04032258064516,37,-1781.0,55,9,1058.0,False,False,bp,2.1206896551724137
10136,335.8548688560441,102,-18,46,508054,507980,508082,508025,508070,45.714439655172406,45,-2141.0,74,28,2499.0,True,False,bp,2.1206896551724137
10137,379.8227595505557,31,6,13,508104,508082,508113,508097,508108,197.17857142857144,11,-1952.0,22,9,1747.0,True,False,bp,2.1206896551724137
10138,638.8023815681822,50,15,8,508142,508113,508163,508125,508146,132.72058823529414,21,-2392.0,29,21,1955.0,True,True,bp,2.1206896551724137
10139,335.7341608559202,45,18,5,508188,508163,508208,508182,508197,177.97222222222226,15,-2413.0,25,20,1258.0,True,True,bp,2.1206896551724137
10140,304.49305660680363,71,-14,21,508254,508208,508279,508230,508262,121.25,32,-3049.0,46,25,2704.0,False,False,bp,2.1206896551724137
10141,360.780695264669,33,0,-25,508283,508279,508312,508280,508302,132.859649122807,22,-1101.0,4,29,2511.0,False,False,bp,2.1206896551724137
10142,366.1965697583105,51,-25,27,508351,508312,508363,508324,508359,35.541666666666664,35,-235.0,39,12,1033.0,False,False,bp,2.1206896551724137
10143,319.2201069590445,37,-10,13,508388,508363,508400,508369,508394,80.04824561403508,25,-1517.0,25,12,1115.0,False,False,bp,2.1206896551724137
10144,238.75278354316902,63,29,-21,508421,508400,508463,508409,508433,63.41666666666666,24,-1001.0,21,42,2818.0,False,False,bp,2.1206896551724137
10145,820.0281594152327,67,7,15,508504,508463,508530,508486,508507,139.66666666666666,21,-698.0,41,26,1714.0,True,True,bp,2.1206896551724137
10146,469.19235036030716,83,-20,-33,508555,508530,508613,508535,508590,44.43214285714286,55,-825.0,25,58,2794.0,True,True,bp,2.1206896551724137
10147,521.2173109811697,50,29,0,508638,508613,508663,508625,508657,49.554655870445345,32,80.0,25,25,1006.0,False,False,bp,2.1206896551724137
10148,617.7648256502804,83,-12,57,508733,508663,508746,508718,508739,91.26666666666668,21,-1329.0,70,13,1621.0,False,False,bp,2.1206896551724137
10149,462.1784804955723,38,-14,12,508771,508746,508784,508748,508778,94.7049689440994,30,-1198.0,25,13,2182.0,True,False,bp,2.1206896551724137
10150,374.1336883883207,29,14,11,508804,508784,508813,508794,508807,126.88333333333333,13,-753.0,20,9,1196.0,True,True,bp,2.1206896551724137
10151,349.5437391046285,35,0,15,508838,508813,508848,508834,508843,238.975,9,-1270.0,25,10,2451.0,False,False,bp,2.1206896551724137
10152,268.1873452699332,44,-2,2,508871,508848,508892,508852,508878,30.19924812030075,26,81.0,23,21,678.0,False,False,bp,2.1206896551724137
10153,247.79588823818216,21,15,3,508904,508892,508913,508902,508909,207.1,7,-344.0,12,9,1461.0,False,False,bp,2.1206896551724137
10154,324.9815578036186,71,-17,47,508972,508913,508984,508931,508977,61.03170731707317,46,-1958.0,59,12,1063.0,False,False,bp,2.1206896551724137
10155,216.49623864818764,79,-2,-3,509022,508984,509063,509006,509041,56.4375,35,-2578.0,38,41,2086.0,True,False,bp,2.1206896551724137
10156,593.6959017859767,33,11,9,509084,509063,509096,509074,509089,112.85,15,-2431.0,21,12,1631.0,True,False,bp,2.1206896551724137
10157,590.4914369287974,50,16,2,509122,509096,509146,509115,509125,191.5,10,-3149.0,26,24,1773.0,False,False,bp,2.1206896551724137
10158,142.14651368026043,32,-12,-16,509154,509146,509178,509151,509173,93.4561403508772,22,-2140.0,8,24,1653.0,False,False,bp,2.1206896551724137
10159,84.13165079931207,41,42,-21,509188,509178,509219,509183,509191,217.6,8,-1998.0,10,31,1553.0,True,False,bp,2.1206896551724137
10160,319.64225509556337,44,15,18,509250,509219,509263,509241,509255,81.83333333333334,14,-2102.0,31,13,1111.0,False,False,bp,2.1206896551724137
10161,313.92054515426474,47,-4,37,509305,509263,509310,509284,509307,115.21428571428572,23,-5898.0,42,5,1032.0,False,False,bp,2.1206896551724137
10162,564.5595677974421,56,-8,-2,509337,509310,509366,509326,509356,110.45693779904306,30,-7234.0,27,29,3438.0,False,False,bp,2.1206896551724137
10163,417.8970869310272,61,15,-15,509389,509366,509427,509378,509406,82.27540106951872,28,-5459.0,23,38,2463.0,False,False,bp,2.1206896551724137
10164,192.00967057277043,53,14,9,509458,509427,509480,509449,509464,131.41666666666669,15,-4857.0,31,22,1722.0,False,False,bp,2.1206896551724137
10165,404.95337220068,48,4,8,509508,509480,509528,509493,509515,166.18571428571428,22,-3692.0,28,20,3200.0,False,False,bp,2.1206896551724137
10166,425.2795801879454,85,41,-39,509551,509528,509613,509541,509566,125.53333333333332,25,-2527.0,23,62,3180.0,True,False,bp,2.1206896551724137
10167,366.2475100571445,82,-27,4,509656,509613,509695,509632,509684,45.72619047619048,52,-1373.0,43,39,1658.0,True,True,bp,2.1206896551724137
10168,448.8026973449186,84,-31,-28,509723,509695,509779,509709,509767,65.46428571428572,58,-2283.0,28,56,2903.0,True,True,bp,2.1206896551724137
10169,124.14884587170536,71,3,-53,506572,506563,506634,506568,506606,105.91176470588236,38,72.0,9,62,2841.0,False,False,bp,2.1206896551724137
10170,662.2822438884599,35,16,3,506653,506634,506669,506647,506656,242.8333333333333,9,226.0,19,16,1691.0,True,False,bp,2.1206896551724137
10171,651.6907518617118,41,-3,-3,506688,506669,506710,506681,506701,104.07692307692308,20,175.0,19,22,2114.0,True,True,bp,2.1206896551724137
10172,903.2782887375388,37,9,-9,506724,506710,506747,506718,506734,180.9833333333333,16,-464.0,14,23,2498.0,True,True,bp,2.1206896551724137
10173,956.8783900686208,49,-12,-1,506771,506747,506796,506759,506791,72.64166666666667,32,214.0,24,25,2663.0,False,False,bp,2.1206896551724137
10174,2353.552080234517,73,11,-21,506822,506796,506869,506811,506840,230.4292929292929,29,-3228.0,26,47,6120.0,False,False,bp,2.1206896551724137
10175,2027.0698959616705,43,12,-5,506888,506869,506912,506880,506900,237.7708333333333,20,-1906.0,19,24,3689.0,False,False,bp,2.1206896551724137
10176,217.9457320932285,52,-5,20,506948,506912,506964,506932,506959,37.73295454545455,27,786.0,36,16,670.0,False,False,bp,2.1206896551724137
10177,941.4720195699111,66,-15,-14,506990,506964,507030,506981,507016,130.87820512820514,35,-2255.0,26,40,2823.0,False,False,bp,2.1206896551724137
10178,1327.6726491143072,33,7,-7,507043,507030,507063,507036,507052,261.8015873015873,16,-2488.0,13,20,5607.0,False,False,bp,2.1206896551724137
10179,1292.3423602833411,49,5,-11,507082,507063,507112,507075,507098,117.67857142857143,23,987.0,19,30,2448.0,False,False,bp,2.1206896551724137
10180,1352.519832948522,52,3,-2,507137,507112,507164,507126,507149,144.70454545454544,23,-1577.0,25,27,1939.0,False,False,bp,2.1206896551724137
10181,799.1858798583139,82,-11,10,507210,507164,507246,507175,507228,68.50396825396825,53,-1294.0,46,36,4490.0,False,False,bp,2.1206896551724137
10182,1050.027306794794,83,-7,-11,507282,507246,507329,507270,507308,82.8301282051282,38,389.0,36,47,2583.0,False,False,bp,2.1206896551724137
10183,2513.376584954039,51,-5,3,507356,507329,507380,507339,507369,187.0,30,-2359.0,27,24,5691.0,False,False,bp,2.1206896551724137
10184,1206.1241984881324,50,-16,8,507409,507380,507430,507394,507423,98.46190476190478,29,37.0,29,21,2066.0,True,True,bp,2.1206896551724137
10185,436.1261969116111,66,-6,-28,507449,507430,507496,507436,507472,59.34949832775919,36,335.0,19,47,1533.0,True,False,bp,2.1206896551724137
10186,1469.1919456377993,61,9,-19,507517,507496,507557,507502,507527,172.93333333333337,25,-980.0,21,40,5438.0,False,False,bp,2.1206896551724137
10187,246.70608160690296,23,4,-7,507565,507557,507580,507561,507577,129.66666666666666,16,3101.0,8,15,1380.0,False,False,bp,2.1206896551724137
10188,1394.601834510951,65,-5,7,507616,507580,507645,507597,507633,119.38390092879257,36,266.0,36,29,2335.0,False,False,bp,2.1206896551724137
10189,1061.7456151818367,64,9,-10,507672,507645,507709,507664,507686,156.78571428571428,22,-922.0,27,37,2898.0,True,True,bp,2.1206896551724137
10190,642.0853667279907,71,17,-45,507722,507709,507780,507717,507745,227.4913043478261,28,-1421.0,13,58,1699.0,True,False,bp,2.1206896551724137
10191,314.2450199306055,99,-6,-15,507822,507780,507879,507790,507845,55.61209239130435,55,-2257.0,42,57,3418.0,True,False,bp,2.1206896551724137
10192,518.1549955439101,49,-11,23,507915,507879,507928,507894,507923,85.93452380952381,29,-1563.0,36,13,1584.0,True,False,bp,2.1206896551724137
10193,584.1257749588427,49,-2,5,507955,507928,507977,507941,507962,140.89285714285714,21,-3112.0,27,22,2882.0,True,True,bp,2.1206896551724137
10194,453.3084769767653,42,24,-22,507987,507977,508019,507981,507992,219.05,11,-2704.0,10,32,2088.0,True,True,bp,2.1206896551724137
10195,449.2071359606148,44,-4,-8,508037,508019,508063,508027,508050,102.47692307692309,23,-2148.0,18,26,1976.0,True,True,bp,2.1206896551724137
10196,979.0915030518428,39,4,5,508085,508063,508102,508069,508090,137.50625,21,-2132.0,22,17,2163.0,True,True,bp,2.1206896551724137
10197,1177.6645410323522,44,8,-4,508122,508102,508146,508115,508138,165.61607142857144,23,-2870.0,20,24,3020.0,True,False,bp,2.1206896551724137
10198,627.3445803709726,83,-40,27,508201,508146,508229,508169,508222,53.51934523809525,53,-2701.0,55,28,2801.0,True,False,bp,2.1206896551724137
10199,376.67967698719,51,-8,-25,508242,508229,508280,508235,508265,87.8633540372671,30,-1552.0,13,38,1777.0,True,True,bp,2.1206896551724137
10200,755.0764417010395,48,-27,2,508305,508280,508328,508287,508323,71.02777777777777,36,-2709.0,25,23,2135.0,True,False,bp,2.1206896551724137
10201,428.779138827067,35,3,-9,508341,508328,508363,508332,508354,104.24358974358977,22,-2940.0,13,22,1822.0,False,False,bp,2.1206896551724137
10202,1592.5471592746542,55,11,-7,508387,508363,508418,508379,508395,288.75,16,-5236.0,24,31,4562.0,False,False,bp,2.1206896551724137
10203,1415.5372558149695,32,5,8,508438,508418,508450,508422,508441,306.14583333333337,19,-3707.0,20,12,3821.0,True,False,bp,2.1206896551724137
10204,733.4063869047984,63,-2,19,508491,508450,508513,508465,508501,83.09615384615384,36,-3818.0,41,22,1916.0,False,False,bp,2.1206896551724137
10205,536.3156177256435,46,24,4,508538,508513,508559,508535,508542,448.66666666666674,7,-4737.0,25,21,3256.0,True,True,bp,2.1206896551724137
10206,575.6688371994768,58,-7,0,508588,508559,508617,508573,508600,130.61666666666667,27,-3116.0,29,29,3104.0,True,True,bp,2.1206896551724137
10207,540.2694914759135,38,-17,6,508639,508617,508655,508620,508651,80.82675438596492,31,-2725.0,22,16,1694.0,True,True,bp,2.1206896551724137
10208,838.0915858381966,51,-8,15,508688,508655,508706,508665,508695,128.97826086956522,30,-4396.0,33,18,2981.0,False,False,bp,2.1206896551724137
10209,716.3501047496981,39,-4,-7,508722,508706,508745,508717,508740,86.12222222222222,23,-2653.0,16,23,2449.0,False,False,bp,2.1206896551724137
10210,850.7893047796248,51,8,-1,508770,508745,508796,508759,508775,240.04545454545456,16,-2444.0,25,26,3477.0,True,True,bp,2.1206896551724137
10211,1051.5955016392468,36,11,-18,508805,508796,508832,508799,508818,206.45512820512818,19,-2088.0,9,27,2680.0,True,True,bp,2.1206896551724137
10212,710.2934557138083,37,5,13,508857,508832,508869,508848,508861,213.08333333333331,13,-907.0,25,12,3202.0,False,False,bp,2.1206896551724137
10213,853.6826088577012,44,2,-12,508885,508869,508913,508879,508901,174.875,22,-883.0,16,28,1342.0,False,False,bp,2.1206896551724137
10214,595.2682737445891,67,2,-15,508939,508913,508980,508925,508954,110.75238095238096,29,-3187.0,26,41,2300.0,False,False,bp,2.1206896551724137
10215,644.7673334926774,33,-8,-7,508993,508980,509013,508985,509008,112.50416666666666,23,-2774.0,13,20,3457.0,False,False,bp,2.1206896551724137
10216,185.41165148775653,34,-2,16,509038,509013,509047,509023,509042,137.53333333333333,19,-824.0,25,9,1898.0,False,False,bp,2.1206896551724137
10217,595.2994713827632,49,17,-1,509071,509047,509096,509059,509076,149.89166666666662,17,-788.0,24,25,2119.0,True,True,bp,2.1206896551724137
10218,762.9756537152058,46,17,4,509121,509096,509142,509110,509125,209.20454545454544,15,-1099.0,25,21,2340.0,True,True,bp,2.1206896551724137
10219,1219.426463851676,55,23,-5,509167,509142,509197,509157,509174,197.49285714285716,17,-1760.0,25,30,3358.0,True,True,bp,2.1206896551724137
10220,1240.005177312125,60,37,-6,509224,509197,509257,509214,509227,228.8,13,-2220.0,27,33,2121.0,False,False,bp,2.1206896551724137
10221,367.92349656323,106,-29,16,509318,509257,509363,509277,509336,105.25745257452576,59,-5754.0,61,45,4002.0,False,False,bp,2.1206896551724137
10222,259.4323190907341,27,9,-11,509371,509363,509390,509366,509380,199.34444444444443,14,-3637.0,8,19,1885.0,False,False,bp,2.1206896551724137
10223,525.3797907110229,36,0,12,509414,509390,509426,509403,509419,126.78181818181818,16,-3779.0,24,12,1916.0,True,True,bp,2.1206896551724137
10224,444.31641751929794,37,4,-7,509441,509426,509463,509435,509456,119.21666666666668,21,-4166.0,15,22,1573.0,True,True,bp,2.1206896551724137
10225,571.5277295328208,63,-15,-19,509485,509463,509526,509481,509514,207.9439655172414,33,-4478.0,22,41,4920.0,False,False,bp,2.1206896551724137
10226,698.3038044087918,46,8,-20,509539,509526,509572,509532,509549,199.92857142857144,17,-2542.0,13,33,1249.0,False,False,bp,2.1206896551724137
10227,33.254587482870456,23,-3,-13,509577,509572,509595,509574,509587,63.13333333333334,13,-1720.0,5,18,1523.0,False,False,bp,2.1206896551724137
10228,230.87414579166017,51,20,-31,509605,509595,509646,509597,509624,95.6644736842105,27,-1682.0,10,41,2684.0,True,False,bp,2.1206896551724137
10229,777.414594187204,67,-19,41,509700,509646,509713,509671,509705,243.6379310344828,34,-4021.0,54,13,3567.0,False,False,bp,2.1206896551724137
10230,567.2828714100975,50,5,-2,509737,509713,509763,509720,509742,202.62352941176468,22,-1913.0,24,26,3686.0,False,False,bp,2.1206896551724137
10231,1376.7670206618686,66,8,14,510754,510714,510780,510742,510771,132.51225490196077,29,-526.0,40,26,3339.0,True,True,bp,1.9054054054054055
10232,512.811348984853,94,-10,-10,510822,510780,510874,510808,510851,95.29433497536944,43,-401.0,42,52,5085.0,True,True,bp,1.9054054054054055
10233,1144.701897338886,61,-17,1,510905,510874,510935,510884,510925,74.25833333333334,41,1010.0,31,30,2297.0,True,True,bp,1.9054054054054055
10234,680.0691593919173,45,-9,-5,510955,510935,510980,510949,510976,98.67857142857143,27,1619.0,20,25,2050.0,True,True,bp,1.9054054054054055
10235,553.0758982650161,65,-7,17,511021,510980,511045,510994,511026,125.28148148148148,32,1684.0,41,24,2466.0,True,True,bp,1.9054054054054055
10236,1070.1057943700348,43,7,9,511071,511045,511088,511051,511076,104.5,25,1028.0,26,17,1507.0,False,False,bp,1.9054054054054055
10237,494.7986001719647,54,-9,12,511121,511088,511142,511108,511134,75.07692307692307,26,958.0,33,21,2731.0,True,True,bp,1.9054054054054055
10238,819.516502887277,38,26,-12,511155,511142,511180,511151,511161,369.6666666666666,10,391.0,13,25,3668.0,True,True,bp,1.9054054054054055
10239,470.3147739497455,49,15,-1,511204,511180,511229,511197,511215,166.14935064935062,18,1934.0,24,25,2009.0,True,True,bp,1.9054054054054055
10240,766.5483733336853,53,37,-3,511254,511229,511282,511248,511264,191.06666666666663,16,1273.0,25,28,1909.0,False,False,bp,1.9054054054054055
10241,1109.0502349774886,83,7,27,511337,511282,511365,511317,511345,133.9625,28,-1120.0,55,28,2543.0,False,False,bp,1.9054054054054055
10242,563.4216004773116,47,-8,-1,511388,511365,511412,511380,511407,90.56907894736841,27,138.0,23,24,2741.0,False,False,bp,1.9054054054054055
10243,556.4634013363072,50,-4,6,511440,511412,511462,511426,511449,92.03174603174602,23,1145.0,28,22,2099.0,True,True,bp,1.9054054054054055
10244,635.5109099476957,67,-7,-17,511487,511462,511529,511468,511506,56.89473684210525,38,1351.0,25,42,2268.0,True,True,bp,1.9054054054054055
10245,1188.6614559230718,64,-12,-12,511555,511529,511593,511537,511575,97.36666666666667,38,517.0,26,38,4308.0,True,True,bp,1.9054054054054055
10246,1402.1196181402265,53,3,-9,511615,511593,511646,511601,511625,113.92857142857143,24,1615.0,22,31,2523.0,True,True,bp,1.9054054054054055
10247,699.3307483479559,29,12,-1,511660,511646,511675,511652,511661,191.625,9,875.0,14,15,680.0,False,False,bp,1.9054054054054055
10248,721.7306068807553,39,0,-15,511687,511675,511714,511682,511701,150.62142857142857,19,-303.0,12,27,2811.0,False,False,bp,1.9054054054054055
10249,467.0349158197785,32,1,16,511738,511714,511746,511720,511742,63.08333333333333,22,477.0,24,8,608.0,False,False,bp,1.9054054054054055
10250,385.80930467592344,53,4,-3,511771,511746,511799,511765,511781,158.41666666666669,16,-1341.0,25,28,1666.0,False,False,bp,1.9054054054054055
10251,446.54471876996286,47,-6,-37,511804,511799,511846,511801,511836,173.82291666666663,35,-910.0,5,42,2621.0,False,False,bp,1.9054054054054055
10252,723.9831555017885,50,1,8,511875,511846,511896,511865,511883,115.35,18,-1233.0,29,21,969.0,False,False,bp,1.9054054054054055
10253,249.51644451764264,31,-12,-3,511910,511896,511927,511902,511923,50.69230769230769,21,-1413.0,14,17,1162.0,True,True,bp,1.9054054054054055
10254,331.50091689638333,36,5,-14,511938,511927,511963,511932,511949,132.74242424242425,17,-2545.0,11,25,1512.0,True,False,bp,1.9054054054054055
10255,367.0082067589586,83,32,-47,511981,511963,512046,511971,512015,81.52352941176471,44,-2962.0,18,65,3486.0,True,False,bp,1.9054054054054055
10256,666.4660297830137,70,4,48,512105,512046,512116,512091,512110,72.17142857142858,19,-2132.0,59,11,1642.0,True,False,bp,1.9054054054054055
10257,633.2960461920044,47,-13,25,512152,512116,512163,512133,512158,116.90789473684212,25,-3417.0,36,11,2447.0,True,True,bp,1.9054054054054055
10258,1121.6247924494876,47,-4,-7,512183,512163,512210,512170,512194,133.2972027972028,24,-4281.0,20,27,3374.0,False,False,bp,1.9054054054054055
10259,283.1667787306823,25,16,-3,512221,512210,512235,512214,512228,119.42857142857143,14,-2068.0,11,14,2147.0,False,False,bp,1.9054054054054055
10260,541.7500036705628,45,12,25,512270,512235,512280,512258,512274,123.58333333333334,16,-1576.0,35,10,1740.0,True,False,bp,1.9054054054054055
10261,840.2944367040503,60,4,22,512321,512280,512340,512302,512327,147.11403508771932,25,-2945.0,41,19,2478.0,True,True,bp,1.9054054054054055
10262,596.024316752712,66,3,-14,512366,512340,512406,512356,512384,61.35555555555555,28,-2550.0,26,40,2060.0,True,False,bp,1.9054054054054055
10263,826.2040597067385,69,1,-13,510738,510710,510779,510727,510756,120.59343434343435,29,-1178.0,28,41,2342.0,True,True,bp,1.9054054054054055
10264,358.05195059799973,67,19,-27,510799,510779,510846,510786,510817,59.267094017094024,31,-457.0,20,47,3121.0,True,True,bp,1.9054054054054055
10265,419.52199738493607,51,2,5,510874,510846,510897,510867,510884,104.17857142857143,17,651.0,28,23,1615.0,False,False,bp,1.9054054054054055
10266,1535.951640710362,49,-11,-21,510911,510897,510946,510903,510938,160.54166666666666,35,-1088.0,14,35,5446.0,False,False,bp,1.9054054054054055
10267,3228.497434668653,62,3,-10,510972,510946,511008,510962,510989,292.41764705882355,27,-2462.0,26,36,8698.0,True,True,bp,1.9054054054054055
10268,2590.449119495304,54,-9,6,511038,511008,511062,511019,511049,203.95454545454544,30,-207.0,30,24,4585.0,True,True,bp,1.9054054054054055
10269,1837.045882684949,51,-10,1,511088,511062,511113,511070,511100,172.44444444444446,30,-276.0,26,25,4794.0,True,True,bp,1.9054054054054055
10270,1266.642906270514,50,-11,-4,511136,511113,511163,511120,511156,93.80625,36,1102.0,23,27,3279.0,True,True,bp,1.9054054054054055
10271,813.598049495257,49,-7,31,511203,511163,511212,511181,511206,142.88636363636363,25,2038.0,40,9,1951.0,True,False,bp,1.9054054054054055
10272,473.9118966298008,49,-10,3,511238,511212,511261,511224,511249,80.64285714285714,25,1450.0,26,23,985.0,False,False,bp,1.9054054054054055
10273,231.95199274329082,18,10,-8,511266,511261,511279,511264,511277,45.15909090909091,13,2249.0,5,13,254.0,False,False,bp,1.9054054054054055
10274,1226.002740615656,50,-7,2,511305,511279,511329,511300,511322,197.82352941176467,22,-219.0,26,24,3357.0,False,False,bp,1.9054054054054055
10275,845.9034403716215,88,16,-38,511354,511329,511417,511337,511376,77.66978609625669,39,-691.0,25,63,2157.0,True,False,bp,1.9054054054054055
10276,1153.4177043664565,63,-17,11,511454,511417,511480,511431,511473,94.59839816933638,42,-1726.0,37,26,4588.0,True,False,bp,1.9054054054054055
10277,1868.8034906402954,61,13,-11,511505,511480,511541,511498,511517,251.44642857142856,19,-991.0,25,36,4993.0,True,True,bp,1.9054054054054055
10278,2139.543964624869,40,11,-12,511555,511541,511581,511549,511564,397.5,15,-1341.0,14,26,5376.0,True,True,bp,1.9054054054054055
10279,1538.3677144016049,62,-4,4,511614,511581,511643,511590,511621,139.08333333333334,31,-570.0,33,29,2607.0,True,True,bp,1.9054054054054055
10280,894.7237156104775,42,-16,-2,511663,511643,511685,511648,511680,74.34901960784312,32,-1363.0,20,22,1080.0,False,False,bp,1.9054054054054055
10281,577.0056337971077,60,3,-28,511701,511685,511745,511696,511726,222.0,30,-3717.0,16,44,3357.0,False,False,bp,1.9054054054054055
10282,402.9885828571885,35,4,21,511773,511745,511780,511759,511775,203.25,16,-2934.0,28,7,1922.0,True,False,bp,1.9054054054054055
10283,376.7150464383457,83,-44,7,511825,511780,511863,511795,511856,33.27849462365592,61,-3622.0,45,38,2531.0,True,False,bp,1.9054054054054055
10284,490.47730709198026,61,10,-19,511884,511863,511924,511873,511899,126.03636363636365,26,-5198.0,21,40,1529.0,False,False,bp,1.9054054054054055
10285,909.0928767461618,38,-6,-10,511938,511924,511962,511935,511956,246.16666666666669,21,-5976.0,14,24,3768.0,True,True,bp,1.9054054054054055
10286,1186.6195526943168,50,0,-18,511978,511962,512012,511971,511994,171.82142857142856,23,-5251.0,16,34,3361.0,False,False,bp,1.9054054054054055
10287,340.1163213041825,31,-8,-15,512020,512012,512043,512017,512037,105.07843137254903,20,-2518.0,8,23,2469.0,False,False,bp,1.9054054054054055
10288,884.0251697644346,50,-14,-24,512056,512043,512093,512049,512081,120.4542857142857,32,-2664.0,13,37,2718.0,True,False,bp,1.9054054054054055
10289,1176.7719503477456,26,22,-4,512104,512093,512119,512099,512111,436.74285714285713,12,-4460.0,11,15,4314.0,True,False,bp,1.9054054054054055
10290,908.6338285582056,58,11,12,512154,512119,512177,512145,512157,234.33333333333331,12,-4121.0,35,23,2068.0,True,False,bp,1.9054054054054055
10291,92.19483706541996,20,-5,0,512187,512177,512197,512180,512193,172.047619047619,13,-3608.0,10,10,2677.0,True,False,bp,1.9054054054054055
10292,245.6467118645232,49,-14,-27,512208,512197,512246,512201,512232,121.01190476190477,31,-2329.0,11,38,4275.0,False,False,bp,1.9054054054054055
10293,281.00270823281517,34,-12,6,512266,512246,512280,512249,512277,54.52406417112299,28,-272.0,20,14,1679.0,False,False,bp,1.9054054054054055
10294,874.6609974988304,80,-30,-8,512316,512280,512360,512293,512343,80.76167471819645,50,-4316.0,36,44,2095.0,False,False,bp,1.9054054054054055
10295,477.64585138722236,69,-4,-45,512372,512360,512429,512363,512400,127.7738095238095,37,-4569.0,12,57,4076.0,False,False,bp,1.9054054054054055
10296,756.4883360049404,89,-31,19,513683,513629,513718,513648,513705,64.43571428571428,57,-1573.0,54,35,3555.0,True,True,bp,-1.162162162162162
10297,1151.6876444173195,74,-21,-14,513748,513718,513792,513731,513776,76.32563025210084,45,-1260.0,30,44,3003.0,True,True,bp,-1.162162162162162
10298,1662.7397344616425,54,18,-4,513817,513792,513846,513800,513825,165.50735294117646,25,-1866.0,25,29,3637.0,True,True,bp,-1.162162162162162
10299,1107.598007857625,77,-14,39,513904,513846,513923,513868,513911,170.23611111111111,43,-2167.0,58,19,4061.0,True,True,bp,-1.162162162162162
10300,1222.5834804483818,66,-3,4,513958,513923,513989,513940,513970,80.47222222222223,30,-2535.0,35,31,2279.0,True,True,bp,-1.162162162162162
10301,1341.696809896131,46,-3,-16,514004,513989,514035,513997,514025,147.16666666666669,28,-2932.0,15,31,3217.0,True,False,bp,-1.162162162162162
10302,579.8773148493954,78,-26,-32,514058,514035,514113,514050,514100,129.03869047619048,50,-3220.0,23,55,2713.0,False,False,bp,-1.162162162162162
10303,186.046296858626,33,2,15,514137,514113,514146,514124,514142,72.88461538461539,18,-1585.0,24,9,1313.0,False,False,bp,-1.162162162162162
10304,387.05159892828254,34,14,16,514171,514146,514180,514162,514174,138.38888888888889,12,-1895.0,25,9,1132.0,True,True,bp,-1.162162162162162
10305,137.02527216832348,38,12,14,514206,514180,514218,514200,514209,135.33333333333334,9,-2594.0,26,12,917.0,True,True,bp,-1.162162162162162
10306,394.1488279982654,45,14,-5,514238,514218,514263,514230,514242,157.0,12,-3389.0,20,25,1869.0,True,True,bp,-1.162162162162162
10307,430.50304610308893,83,1,-67,514271,514263,514346,514268,514310,142.62820512820514,42,-2707.0,8,75,3474.0,False,False,bp,-1.162162162162162
10308,657.1997873354153,66,4,-16,514371,514346,514412,514353,514392,66.46428571428572,39,-2018.0,25,41,2318.0,True,True,bp,-1.162162162162162
10309,779.9002053208827,84,2,2,514455,514412,514496,514435,514466,109.6590909090909,31,-2658.0,43,41,3036.0,True,False,bp,-1.162162162162162
10310,622.48468438586,50,18,-30,514506,514496,514546,514499,514519,92.77472527472528,20,-1389.0,10,40,2749.0,True,False,bp,-1.162162162162162
10311,946.1734173413753,50,-5,-2,514570,514546,514596,514557,514583,100.1153846153846,26,-1075.0,24,26,3049.0,True,True,bp,-1.162162162162162
10312,591.5245527560378,66,-20,20,514639,514596,514662,514604,514652,56.69340659340659,48,-1212.0,43,23,1579.0,False,False,bp,-1.162162162162162
10313,989.2163939389728,61,0,-9,514688,514662,514723,514680,514705,139.31985294117646,25,-2644.0,26,35,2621.0,True,True,bp,-1.162162162162162
10314,691.0548240285776,56,8,-28,514737,514723,514779,514730,514767,92.29523809523808,37,-1493.0,14,42,4389.0,False,False,bp,-1.162162162162162
10315,587.4245464912202,62,-4,24,514822,514779,514841,514812,514832,131.5,20,-813.0,43,19,769.0,False,False,bp,-1.162162162162162
10316,714.8024652570722,38,-1,-10,514855,514841,514879,514848,514872,120.2983193277311,24,-2017.0,14,24,2511.0,False,False,bp,-1.162162162162162
10317,1667.2220185725034,66,11,-14,514905,514879,514945,514895,514924,164.53947368421052,29,-3277.0,26,40,5004.0,True,False,bp,-1.162162162162162
10318,733.3471958947175,66,-7,20,514988,514945,515011,514964,514993,97.95833333333334,29,-1564.0,43,23,1496.0,False,False,bp,-1.162162162162162
10319,280.4079772552245,68,-6,-48,515021,515011,515079,515015,515052,109.8763440860215,37,-2151.0,10,58,2363.0,True,False,bp,-1.162162162162162
10320,549.4630736887494,33,4,-15,515088,515079,515112,515083,515106,123.08888888888887,23,-1480.0,9,24,2177.0,True,False,bp,-1.162162162162162
10321,353.6808524936685,71,-12,15,515155,515112,515183,515133,515176,28.596320346320354,43,-442.0,43,28,1279.0,False,False,bp,-1.162162162162162
10322,677.2242260337464,49,-1,25,515220,515183,515232,515207,515225,170.69230769230768,18,-2131.0,37,12,2635.0,False,False,bp,-1.162162162162162
10323,382.4493710244661,47,-23,-3,515254,515232,515279,515242,515274,34.04166666666667,32,-301.0,22,25,1458.0,False,False,bp,-1.162162162162162
10324,107.88888792198676,34,17,-18,515287,515279,515313,515283,515299,123.33333333333334,16,88.0,8,26,1932.0,True,True,bp,-1.162162162162162
10325,618.3016931727173,50,11,0,515338,515313,515363,515332,515346,131.25,14,183.0,25,25,1781.0,True,True,bp,-1.162162162162162
10326,1029.3422631493306,49,4,-1,515387,515363,515412,515371,515395,125.0625,24,-1195.0,24,25,2381.0,True,True,bp,-1.162162162162162
10327,462.2239313877417,50,-8,0,515437,515412,515462,515423,515449,78.01785714285714,26,-1110.0,25,25,1789.0,True,True,bp,-1.162162162162162
10328,646.0756949088982,47,11,-3,515484,515462,515509,515467,515489,106.53529411764706,22,-1367.0,22,25,1928.0,True,True,bp,-1.162162162162162
10329,855.5522576879167,53,-4,3,515537,515509,515562,515522,515550,60.279487179487184,28,-1191.0,28,25,2831.0,True,True,bp,-1.162162162162162
10330,691.2070637498,61,-12,23,515604,515562,515623,515574,515608,119.29166666666669,34,-1478.0,42,19,1516.0,False,False,bp,-1.162162162162162
10331,291.82669335643953,39,-9,-9,515638,515623,515662,515630,515656,44.90972222222222,26,-670.0,15,24,796.0,False,False,bp,-1.162162162162162
10332,424.09818484857317,67,-21,17,515704,515662,515729,515673,515717,55.17741935483871,44,-3439.0,42,25,1896.0,False,False,bp,-1.162162162162162
10333,856.9053528150499,50,5,0,515754,515729,515779,515740,515763,139.13095238095238,23,-4050.0,25,25,3108.0,True,False,bp,-1.162162162162162
10334,614.5135900779856,84,-12,-2,515820,515779,515863,515791,515839,60.81760435571689,48,-4535.0,41,43,2192.0,True,False,bp,-1.162162162162162
10335,162.99731372587075,64,16,-18,515886,515863,515927,515875,515900,95.70779220779221,25,-3703.0,23,41,1784.0,True,True,bp,-1.162162162162162
10336,657.0245061021125,55,23,-5,515952,515927,515982,515941,515955,159.74242424242425,14,-4239.0,25,30,1865.0,True,True,bp,-1.162162162162162
10337,555.7597653192206,62,-8,14,516020,515982,516044,515992,516024,149.55357142857142,32,-4793.0,38,24,2189.0,True,True,bp,-1.162162162162162
10338,495.4008965877364,53,-4,-5,516068,516044,516097,516048,516080,75.93333333333334,32,-4154.0,24,29,1657.0,True,True,bp,-1.162162162162162
10339,566.9335303605117,50,-27,-2,516121,516097,516147,516108,516142,73.08791208791209,34,-3952.0,24,26,2702.0,True,True,bp,-1.162162162162162
10340,181.2926172537995,32,-1,-12,516157,516147,516179,516149,516172,92.84583333333332,23,-2725.0,10,22,2458.0,True,True,bp,-1.162162162162162
10341,616.9143096899793,49,-17,7,516207,516179,516228,516194,516221,73.35164835164834,27,-1833.0,28,21,2493.0,True,True,bp,-1.162162162162162
10342,276.05510368740914,33,-1,-13,516238,516228,516261,516231,516249,111.5064935064935,18,-1543.0,10,23,1590.0,True,True,bp,-1.162162162162162
10343,1008.1640541921704,36,-4,-6,516276,516261,516297,516266,516292,106.53125,26,-2338.0,15,21,2763.0,True,True,bp,-1.162162162162162
10344,991.1424743362295,45,22,3,516321,516297,516342,516314,516334,142.6043956043956,20,-2098.0,24,21,2099.0,True,True,bp,-1.162162162162162
10345,2677.248654346741,51,-2,1,513670,513644,513695,513651,513676,241.62280701754383,25,-669.0,26,25,3786.0,True,False,bp,-1.162162162162162
10346,416.42842990799744,97,-17,-41,513723,513695,513792,513699,513758,55.72738095238096,59,73.0,28,69,2926.0,True,False,bp,-1.162162162162162
10347,988.065635810244,37,47,-9,513806,513792,513829,513800,513810,277.20833333333337,10,-511.0,14,23,2338.0,True,False,bp,-1.162162162162162
10348,589.3836514503099,99,13,-15,513871,513829,513928,513867,513893,179.76136363636363,26,-460.0,42,57,1792.0,False,False,bp,-1.162162162162162
10349,1093.1406031129738,49,29,-29,513938,513928,513977,513932,513951,326.9294871794872,19,-3516.0,10,39,3405.0,False,False,bp,-1.162162162162162
10350,622.7024136434968,53,10,1,514004,513977,514030,513999,514017,148.9923076923077,18,-2131.0,27,26,2629.0,True,True,bp,-1.162162162162162
10351,449.80527070069735,32,21,10,514051,514030,514062,514045,514054,267.4166666666667,9,-2656.0,21,11,2238.0,True,False,bp,-1.162162162162162
10352,240.03686657841104,67,21,-15,514088,514062,514129,514084,514108,264.3,24,-3154.0,26,41,3148.0,True,False,bp,-1.162162162162162
10353,703.1960843297643,70,-10,14,514171,514129,514199,514153,514189,91.44444444444444,36,-2581.0,42,28,3279.0,True,True,bp,-1.162162162162162
10354,320.8329943645678,54,-10,24,514238,514199,514253,514215,514245,95.1055900621118,30,-1105.0,39,15,1407.0,True,False,bp,-1.162162162162162
10355,268.0951382488956,54,7,-18,514271,514253,514307,514265,514287,101.77083333333331,22,-1237.0,18,36,2079.0,True,True,bp,-1.162162162162162
10356,505.6526003710324,37,13,-11,514320,514307,514344,514316,514327,223.10714285714286,11,-1112.0,13,24,2499.0,True,True,bp,-1.162162162162162
10357,470.1447333521716,36,-15,18,514371,514344,514380,514351,514376,92.275,25,-91.0,27,9,1867.0,True,False,bp,-1.162162162162162
10358,560.6085545164576,33,1,-7,514393,514380,514413,514386,514406,96.489010989011,20,355.0,13,20,1975.0,False,False,bp,-1.162162162162162
10359,1680.1257104767014,55,-5,-5,514438,514413,514468,514427,514457,146.61483253588517,30,-2004.0,25,30,3669.0,False,False,bp,-1.162162162162162
10360,1842.9392098030835,60,8,-18,514489,514468,514528,514482,514507,194.6349206349206,25,-1993.0,21,39,4903.0,True,True,bp,-1.162162162162162
10361,2072.338750392764,51,4,-5,514551,514528,514579,514540,514560,212.22222222222226,20,-1850.0,23,28,3907.0,True,True,bp,-1.162162162162162
10362,399.5287781979431,33,-6,9,514600,514579,514612,514584,514607,83.33482142857143,23,-352.0,21,12,1484.0,False,False,bp,-1.162162162162162
10363,1847.8238595272312,63,-7,-11,514638,514612,514675,514624,514658,114.69642857142857,34,-1885.0,26,37,5757.0,False,False,bp,-1.162162162162162
10364,3208.7829796068127,54,12,-2,514701,514675,514729,514685,514711,243.48125,26,-2448.0,26,28,5792.0,True,True,bp,-1.162162162162162
10365,1448.9271507467347,62,-5,16,514768,514729,514791,514749,514776,146.31578947368422,27,-258.0,39,23,3174.0,True,False,bp,-1.162162162162162
10366,1082.636787511765,38,4,-4,514808,514791,514829,514798,514815,207.22142857142862,17,-438.0,17,21,3418.0,True,True,bp,-1.162162162162162
10367,2328.5050959237587,51,5,-1,514854,514829,514880,514836,514867,166.8311965811966,31,-2510.0,25,26,4451.0,True,True,bp,-1.162162162162162
10368,3573.022796193014,64,3,-2,514911,514880,514944,514903,514927,322.25,24,-5378.0,31,33,6691.0,True,True,bp,-1.162162162162162
10369,1602.4163602801864,52,-9,24,514982,514944,514996,514954,514989,164.01785714285714,35,-2190.0,38,14,3867.0,True,False,bp,-1.162162162162162
10370,1272.8433218932232,49,-1,3,515022,514996,515045,515015,515033,224.4025974025974,18,-2312.0,26,23,2977.0,True,True,bp,-1.162162162162162
10371,455.06316723460884,49,-12,5,515072,515045,515094,515050,515081,38.565656565656575,31,-1471.0,27,22,716.0,False,False,bp,-1.162162162162162
10372,227.3060783788021,52,4,-32,515104,515094,515146,515100,515124,114.825,24,-2216.0,10,42,1922.0,False,False,bp,-1.162162162162162
10373,774.3044294569189,34,-6,4,515165,515146,515180,515152,515175,83.22692307692307,23,-2231.0,19,15,2281.0,True,True,bp,-1.162162162162162
10374,524.725485108674,50,27,-2,515204,515180,515230,515192,515216,82.16666666666666,24,-1524.0,24,26,1927.0,True,False,bp,-1.162162162162162
10375,676.935123368667,72,20,10,515271,515230,515302,515267,515275,276.25,8,-1127.0,41,31,3106.0,False,False,bp,-1.162162162162162
10376,433.24939234877,27,-10,-17,515307,515302,515329,515303,515324,50.654411764705884,21,1697.0,5,22,1635.0,False,False,bp,-1.162162162162162
10377,951.6715938369997,34,1,4,515348,515329,515363,515335,515355,123.78021978021977,20,-484.0,19,15,1631.0,False,False,bp,-1.162162162162162
10378,193.54497727959145,50,11,2,515389,515363,515413,515376,515402,74.96153846153847,26,-522.0,26,24,1443.0,True,True,bp,-1.162162162162162
10379,867.6782939076569,66,-4,4,515448,515413,515479,515439,515463,120.96666666666668,24,-1460.0,35,31,2164.0,True,True,bp,-1.162162162162162
10380,461.1566965863865,56,24,-38,515488,515479,515535,515483,515502,192.5,19,-2006.0,9,47,1521.0,False,False,bp,-1.162162162162162
10381,410.27415387547217,32,9,0,515551,515535,515567,515545,515560,88.80555555555556,15,-1170.0,16,16,2049.0,False,False,bp,-1.162162162162162
10382,1529.7432902810344,62,-11,10,515603,515567,515629,515584,515621,104.23245614035088,37,-1521.0,36,26,5464.0,False,False,bp,-1.162162162162162
10383,775.1939726384494,84,10,2,515672,515629,515713,515647,515691,52.214736842105275,44,662.0,43,41,2366.0,False,False,bp,-1.162162162162162
10384,1382.4099322796305,83,3,1,515755,515713,515796,515745,515775,182.35,30,-2507.0,42,41,3118.0,False,False,bp,-1.162162162162162
10385,481.35516985734085,50,9,-2,515820,515796,515846,515808,515825,134.14166666666665,17,-1133.0,24,26,2523.0,True,False,bp,-1.162162162162162
10386,385.9440283960724,66,33,-48,515855,515846,515912,515851,515872,147.7352941176471,21,72.0,9,57,2118.0,True,False,bp,-1.162162162162162
10387,256.65956936148706,61,-16,23,515954,515912,515973,515926,515961,107.875,35,-1083.0,42,19,1128.0,False,False,bp,-1.162162162162162
10388,253.07758646885185,28,9,2,515988,515973,516001,515980,515990,222.9375,10,-1657.0,15,13,1416.0,True,True,bp,-1.162162162162162
10389,557.4498885670205,45,-17,-13,516017,516001,516046,516009,516039,32.04545454545455,30,-1028.0,16,29,2726.0,False,False,bp,-1.162162162162162
10390,590.1025649051795,50,-10,-8,516067,516046,516096,516052,516084,72.93137254901961,32,-691.0,21,29,2001.0,True,True,bp,-1.162162162162162
10391,269.59278168700354,67,-20,5,516132,516096,516163,516106,516147,47.682051282051276,41,-938.0,36,31,1960.0,True,True,bp,-1.162162162162162
10392,134.43131684843274,65,9,-49,516171,516163,516228,516168,516200,188.20114942528733,32,-551.0,8,57,2351.0,True,False,bp,-1.162162162162162
10393,840.3975297665739,67,8,-9,516257,516228,516295,516241,516274,79.00551470588233,33,-1210.0,29,38,3017.0,False,False,bp,-1.162162162162162
10394,277.80507325552884,68,-8,-14,516322,516295,516363,516315,516345,71.8913043478261,30,380.0,27,41,1852.0,False,False,bp,-1.162162162162162
10395,684.6431583408307,49,0,-31,516372,516363,516412,516367,516397,172.66000000000003,30,-248.0,9,40,3431.0,True,True,bp,-1.162162162162162
10396,930.0955215164156,50,14,0,517804,517779,517829,517797,517809,234.7,12,784.0,25,25,3047.0,True,True,bp,-4.470588235294118
10397,1383.8701865513688,50,-8,0,517854,517829,517879,517835,517865,106.34688995215309,30,520.0,25,25,2488.0,True,True,bp,-4.470588235294118
10398,1409.7631656027334,66,-7,-16,517904,517879,517945,517887,517921,107.91176470588236,34,-638.0,25,41,3937.0,False,False,bp,-4.470588235294118
10399,661.9732919762496,34,-11,16,517970,517945,517979,517948,517974,97.20454545454544,26,1440.0,25,9,1352.0,False,False,bp,-4.470588235294118
10400,766.5415637906348,50,-11,2,518005,517979,518029,517989,518018,86.71875,29,-202.0,26,24,1846.0,False,False,bp,-4.470588235294118
10401,909.0852228991353,49,7,1,518054,518029,518078,518036,518065,121.0909090909091,29,40.0,25,24,4153.0,False,False,bp,-4.470588235294118
10402,1383.926529503341,52,-2,8,518108,518078,518130,518101,518124,135.30357142857144,23,1725.0,30,22,3291.0,True,True,bp,-4.470588235294118
10403,616.6655180394326,36,10,12,518154,518130,518166,518145,518160,142.61111111111111,15,2602.0,24,12,1730.0,False,False,bp,-4.470588235294118
10404,1383.1789150521215,63,1,13,518204,518166,518229,518185,518210,155.39473684210526,25,795.0,38,25,2793.0,False,False,bp,-4.470588235294118
10405,706.4489883216174,83,-23,1,518271,518229,518312,518236,518294,67.64223602484472,58,525.0,42,41,3791.0,True,True,bp,-4.470588235294118
10406,1073.9038817558067,67,-2,-21,518335,518312,518379,518329,518361,158.62820512820508,32,1418.0,23,44,3273.0,True,True,bp,-4.470588235294118
10407,929.8145050345148,34,-6,14,518403,518379,518413,518391,518408,181.10833333333332,17,461.0,24,10,2068.0,False,False,bp,-4.470588235294118
10408,132.06603679301477,33,-1,15,518437,518413,518446,518419,518439,139.80555555555554,20,867.0,24,9,1507.0,True,True,bp,-4.470588235294118
10409,1071.2678518068367,56,24,-8,518470,518446,518502,518458,518475,237.45833333333331,17,624.0,24,32,4065.0,False,False,bp,-4.470588235294118
10410,1076.2376306771562,94,1,-22,518538,518502,518596,518516,518571,101.86363636363636,55,-258.0,36,58,5514.0,True,False,bp,-4.470588235294118
10411,983.2832657623736,100,25,14,518653,518596,518696,518627,518658,180.0576923076923,31,848.0,57,43,3006.0,True,True,bp,-4.470588235294118
10412,1308.8546774599336,65,3,7,518732,518696,518761,518714,518743,95.2550505050505,29,43.0,36,29,2105.0,True,True,bp,-4.470588235294118
10413,708.648727610165,51,19,3,518788,518761,518812,518775,518795,155.42857142857144,20,343.0,27,24,3352.0,True,True,bp,-4.470588235294118
10414,1076.0189359631904,56,-11,28,518854,518812,518868,518834,518861,115.91785714285713,27,232.0,42,14,2008.0,True,False,bp,-4.470588235294118
10415,370.9106364190283,44,5,-4,518888,518868,518912,518877,518900,60.19318181818182,23,833.0,20,24,1208.0,False,False,bp,-4.470588235294118
10416,2686.061639677005,69,17,-17,518938,518912,518981,518928,518957,252.3,29,-4429.0,26,43,6299.0,False,False,bp,-4.470588235294118
10417,2406.7021947553117,81,-10,1,519022,518981,519062,519003,519042,169.6671052631579,39,-5584.0,41,40,5663.0,True,True,bp,-4.470588235294118
10418,3050.614543680731,57,13,-15,519083,519062,519119,519071,519097,234.5059523809524,26,-5450.0,21,36,6898.0,True,True,bp,-4.470588235294118
10419,1880.2419819499773,76,-1,-6,519154,519119,519195,519136,519176,107.78787878787878,40,-2944.0,35,41,3711.0,True,True,bp,-4.470588235294118
10420,1388.8549697306428,67,-24,9,519233,519195,519262,519215,519254,89.94444444444444,39,-2849.0,38,29,3123.0,True,True,bp,-4.470588235294118
10421,1829.8477479328506,50,0,-12,519281,519262,519312,519269,519293,163.375,24,-3987.0,19,31,3947.0,False,False,bp,-4.470588235294118
10422,490.83856668118494,33,28,-15,519321,519312,519345,519317,519327,204.3333333333333,10,-1596.0,9,24,2164.0,False,False,bp,-4.470588235294118
10423,635.3711348519067,82,-11,-24,519374,519345,519427,519365,519405,82.6379928315412,40,-1958.0,29,53,2240.0,True,False,bp,-4.470588235294118
10424,992.4878724141777,52,25,-30,519438,519427,519479,519434,519456,189.79166666666663,22,-1917.0,11,41,3433.0,True,True,bp,-4.470588235294118
10425,565.8954934625955,83,-14,1,519521,519479,519562,519503,519544,60.672705314009654,41,-649.0,42,41,2519.0,True,True,bp,-4.470588235294118
10426,1069.4520152301127,51,0,-1,519587,519562,519613,519571,519594,116.79910714285714,23,-896.0,25,26,2732.0,False,False,bp,-4.470588235294118
10427,525.1649107540538,48,-7,-28,519623,519613,519661,519617,519644,83.42857142857143,27,545.0,10,38,2070.0,False,False,bp,-4.470588235294118
10428,728.2737546499043,40,13,-20,519671,519661,519701,519664,519683,109.6904761904762,19,346.0,10,30,1495.0,False,False,bp,-4.470588235294118
10429,431.74230134255447,77,-39,37,519758,519701,519778,519715,519772,45.70348837209302,57,-1899.0,57,20,1641.0,False,False,bp,-4.470588235294118
10430,510.22882173013153,56,-21,28,519820,519778,519834,519790,519827,74.26190476190476,37,-3115.0,42,14,1911.0,True,False,bp,-4.470588235294118
10431,409.21225961733035,45,0,-3,519855,519834,519879,519843,519868,82.9775641025641,25,-2816.0,21,24,1122.0,True,True,bp,-4.470588235294118
10432,209.64937276310212,33,-9,17,519904,519879,519912,519893,519909,96.72727272727272,16,-2389.0,25,8,1875.0,False,False,bp,-4.470588235294118
10433,76.08979986099729,43,12,-27,519920,519912,519955,519916,519932,128.20833333333334,16,-1739.0,8,35,2432.0,True,False,bp,-4.470588235294118
10434,403.50040858339236,40,7,-16,519967,519955,519995,519960,519981,62.39285714285714,21,-1086.0,12,28,1156.0,False,False,bp,-4.470588235294118
10435,399.408926226495,67,-18,19,520038,519995,520062,520009,520046,148.2543103448276,37,-4953.0,43,24,1671.0,False,False,bp,-4.470588235294118
10436,487.2727751555455,29,0,-5,520074,520062,520091,520065,520079,197.11111111111111,14,-5177.0,12,17,2757.0,False,False,bp,-4.470588235294118
10437,236.2231382593548,35,-24,-11,520103,520091,520126,520093,520123,32.15,30,-2986.0,12,23,1686.0,False,False,bp,-4.470588235294118
10438,346.87161101882515,36,-23,8,520148,520126,520162,520129,520159,63.40909090909091,30,-2997.0,22,14,1778.0,True,True,bp,-4.470588235294118
10439,346.0091606887663,32,-16,10,520183,520162,520194,520166,520190,128.13445378151258,24,-4066.0,21,11,2429.0,True,False,bp,-4.470588235294118
10440,146.00690369774728,38,7,-20,520203,520194,520232,520198,520212,246.0888888888889,14,-4315.0,9,29,2895.0,True,False,bp,-4.470588235294118
10441,935.6961069853855,40,0,-30,520237,520232,520272,520233,520257,195.45,24,-2878.0,5,35,4002.0,False,False,bp,-4.470588235294118
10442,726.6700719825819,34,25,-4,520287,520272,520306,520281,520290,246.3333333333333,9,-1387.0,15,19,1905.0,True,False,bp,-4.470588235294118
10443,846.0927157208574,75,1,-13,520337,520306,520381,520324,520364,102.15242165242165,40,-2230.0,31,44,3640.0,True,False,bp,-4.470588235294118
10444,398.08614140468393,50,22,30,520421,520381,520431,520405,520424,175.8125,19,-2071.0,40,10,1743.0,False,False,bp,-4.470588235294118
10445,734.6031236340933,81,-10,31,520487,520431,520512,520465,520500,98.69405594405596,35,-4378.0,56,25,2436.0,False,False,bp,-4.470588235294118
10446,2214.687471452298,62,-3,-8,517841,517814,517876,517829,517857,185.1875,28,-2515.0,27,35,4089.0,True,True,bp,-4.470588235294118
10447,1518.8554744261205,53,3,-25,517890,517876,517929,517882,517907,195.7977941176471,25,-1908.0,14,39,4760.0,True,True,bp,-4.470588235294118
10448,1249.0465637519276,48,0,12,517959,517929,517977,517935,517971,84.08333333333334,36,44.0,30,18,2604.0,True,True,bp,-4.470588235294118
10449,1256.4340367755924,68,-16,32,518027,517977,518045,518007,518038,133.3159090909091,31,-1821.0,50,18,3444.0,True,True,bp,-4.470588235294118
10450,1289.9939629194432,84,10,-34,518070,518045,518129,518053,518088,110.01307189542484,35,-2336.0,25,59,4213.0,False,False,bp,-4.470588235294118
10451,409.85668942046937,33,5,-7,518142,518129,518162,518133,518156,44.503968253968246,23,996.0,13,20,1390.0,False,False,bp,-4.470588235294118
10452,459.4032540063445,84,-11,24,518216,518162,518246,518184,518223,106.94419642857143,39,-358.0,54,30,2752.0,True,False,bp,-4.470588235294118
10453,1330.477263136111,49,-7,7,518274,518246,518295,518251,518281,162.15217391304347,30,455.0,28,21,4094.0,False,False,bp,-4.470588235294118
10454,2131.9998062150275,47,9,-3,518317,518295,518342,518304,518322,282.9846153846154,18,-1524.0,22,25,3816.0,True,True,bp,-4.470588235294118
10455,1528.8777594511728,53,9,-5,518366,518342,518395,518349,518375,146.4052287581699,26,-1307.0,24,29,3412.0,True,True,bp,-4.470588235294118
10456,1895.2468270752288,51,0,-1,518420,518395,518446,518410,518436,195.075,26,-2534.0,25,26,4938.0,True,True,bp,-4.470588235294118
10457,1881.1985051672546,49,21,-3,518469,518446,518495,518462,518477,322.9375,15,-1414.0,23,26,5885.0,True,True,bp,-4.470588235294118
10458,2834.3598645986212,74,-3,10,518537,518495,518569,518513,518551,194.39285714285717,38,-2103.0,42,32,7031.0,True,True,bp,-4.470588235294118
10459,3363.2071033402362,93,23,-23,518604,518569,518662,518586,518627,251.292270531401,41,-5257.0,35,58,8108.0,False,False,bp,-4.470588235294118
10460,804.7430050859916,83,-4,1,518704,518662,518745,518691,518723,88.53846153846155,32,136.0,42,41,2048.0,False,False,bp,-4.470588235294118
10461,1230.7598910599072,67,-2,-15,518771,518745,518812,518751,518785,126.25,34,-1971.0,26,41,4347.0,False,False,bp,-4.470588235294118
10462,619.2695001061918,51,18,-27,518824,518812,518863,518817,518835,128.23376623376623,18,67.0,12,39,1822.0,False,False,bp,-4.470588235294118
10463,2174.719871833886,46,11,2,518887,518863,518909,518871,518893,261.96875,22,-3519.0,24,22,4826.0,False,False,bp,-4.470588235294118
10464,2830.0930287570945,71,9,-15,518937,518909,518980,518926,518959,240.04545454545453,33,-5278.0,28,43,8473.0,True,True,bp,-4.470588235294118
10465,4369.687653625401,64,7,8,519016,518980,519044,519001,519026,370.6,25,-6241.0,36,28,9075.0,True,True,bp,-4.470588235294118
10466,2944.942996602225,69,-5,-17,519070,519044,519113,519058,519091,222.54166666666669,33,-4640.0,26,43,5684.0,True,True,bp,-4.470588235294118
10467,1565.200256945061,50,-9,-2,519137,519113,519163,519119,519149,134.25,30,-4107.0,24,26,2771.0,True,False,bp,-4.470588235294118
10468,301.47836461981376,48,4,-26,519174,519163,519211,519170,519191,139.00735294117646,21,-2888.0,11,37,2042.0,True,True,bp,-4.470588235294118
10469,1056.0571863185091,39,6,-17,519222,519211,519250,519216,519238,125.96875,22,-2899.0,11,28,3241.0,True,False,bp,-4.470588235294118
10470,467.23959245167913,108,33,-62,519273,519250,519358,519266,519300,89.39153439153439,34,-1617.0,23,85,2046.0,True,False,bp,-4.470588235294118
10471,1329.3195039647387,44,21,-14,519373,519358,519402,519367,519385,165.83333333333334,18,-1452.0,15,29,3623.0,True,False,bp,-4.470588235294118
10472,886.4357126317864,81,-22,25,519455,519402,519483,519424,519472,85.91935483870968,48,-3922.0,53,28,3492.0,True,False,bp,-4.470588235294118
10473,802.1070185897811,63,-22,11,519520,519483,519546,519498,519540,58.36590909090909,42,-2570.0,37,26,2535.0,True,True,bp,-4.470588235294118
10474,1068.3472925842225,67,-19,-11,519574,519546,519613,519560,519604,90.41190476190478,44,-1832.0,28,39,4465.0,False,False,bp,-4.470588235294118
10475,948.781912151984,49,16,3,519639,519613,519662,519629,519643,189.425,14,-96.0,26,23,2138.0,True,True,bp,-4.470588235294118
10476,925.9964220804126,49,18,-9,519682,519662,519711,519673,519692,127.37222222222223,19,-352.0,20,29,2165.0,True,True,bp,-4.470588235294118
10477,643.7696667099989,37,22,15,519737,519711,519748,519729,519741,177.5625,12,-597.0,26,11,1483.0,True,True,bp,-4.470588235294118
10478,538.4419634167543,48,11,30,519787,519748,519796,519775,519791,140.16666666666666,16,-1655.0,39,9,1592.0,True,True,bp,-4.470588235294118
10479,325.9657791582892,69,15,-15,519823,519796,519865,519818,519839,148.8625,21,-2245.0,27,42,2455.0,True,False,bp,-4.470588235294118
10480,348.52838762147593,97,-27,-53,519887,519865,519962,519875,519937,54.31,62,-2557.0,22,75,3920.0,False,False,bp,-4.470588235294118
10481,273.8453247915515,34,0,4,519981,519962,519996,519972,519991,68.66666666666667,19,549.0,19,15,1973.0,False,False,bp,-4.470588235294118
10482,315.957965698762,66,-24,30,520044,519996,520062,520010,520053,7.437908496732026,43,-1032.0,48,18,1033.0,False,False,bp,-4.470588235294118
10483,463.1301537344869,40,5,10,520087,520062,520102,520072,520092,120.0,20,-3219.0,25,15,1261.0,False,False,bp,-4.470588235294118
10484,243.5013697610506,28,10,16,520124,520102,520130,520117,520127,222.97619047619045,10,-3480.0,22,6,2219.0,True,False,bp,-4.470588235294118
10485,499.4314177756609,56,16,-8,520154,520130,520186,520147,520163,158.33333333333331,16,-2799.0,24,32,2864.0,True,False,bp,-4.470588235294118
10486,375.81689716446016,54,7,-18,520204,520186,520240,520195,520215,159.3181818181818,20,-2330.0,18,36,2739.0,True,True,bp,-4.470588235294118
10487,286.41219402201176,69,-8,-51,520249,520240,520309,520242,520282,96.52813852813853,40,-1201.0,9,60,2596.0,True,False,bp,-4.470588235294118
10488,433.83000868920624,36,-3,-14,520320,520309,520345,520314,520333,188.62820512820514,19,-1078.0,11,25,2663.0,True,False,bp,-4.470588235294118
10489,347.65240086319506,51,33,-33,520354,520345,520396,520349,520364,253.35,15,-1330.0,9,42,3827.0,True,False,bp,-4.470588235294118
10490,1156.3356665971328,50,33,6,520424,520396,520446,520412,520433,103.5277777777778,21,-856.0,28,22,1924.0,True,True,bp,-4.470588235294118
10491,1768.0965260648225,82,-5,0,521954,521913,521995,521937,521974,138.86176470588236,37,-285.0,41,41,5378.0,True,False,bp,-3.056603773584906
10492,2696.575769945363,66,22,-24,522016,521995,522061,522006,522033,249.85,27,-1876.0,21,45,4414.0,True,True,bp,-3.056603773584906
10493,1907.6050494475894,84,9,-22,522092,522061,522145,522082,522116,152.26666666666662,34,-1171.0,31,53,5336.0,True,True,bp,-3.056603773584906
10494,1750.6213184834085,63,37,-21,522166,522145,522208,522159,522176,212.65,17,735.0,21,42,4254.0,True,True,bp,-3.056603773584906
10495,1613.644794016774,72,4,-4,522242,522208,522280,522230,522259,136.43627450980392,29,1121.0,34,38,3725.0,True,True,bp,-3.056603773584906
10496,1484.6192562064864,49,23,-1,522304,522280,522329,522292,522310,167.79166666666666,18,1018.0,24,25,2845.0,True,True,bp,-3.056603773584906
10497,1465.7122205260416,66,13,16,522370,522329,522395,522351,522376,213.92543859649123,25,-993.0,41,25,3642.0,True,True,bp,-3.056603773584906
10498,703.9195997504927,67,-5,15,522436,522395,522462,522414,522447,72.1590909090909,33,-238.0,41,26,2057.0,True,True,bp,-3.056603773584906
10499,1408.0938853704693,51,7,-9,522483,522462,522513,522475,522498,168.25416666666666,23,-1234.0,21,30,3984.0,True,True,bp,-3.056603773584906
10500,943.4989069184472,54,42,-10,522535,522513,522567,522528,522543,174.48214285714286,15,19.0,22,32,2207.0,True,True,bp,-3.056603773584906
10501,346.66616661002337,77,-21,29,522620,522567,522644,522600,522634,58.07142857142857,34,-246.0,53,24,1099.0,False,False,bp,-3.056603773584906
10502,156.74852881152745,33,28,-15,522653,522644,522677,522647,522666,66.09615384615384,19,-159.0,9,24,1221.0,True,False,bp,-3.056603773584906
10503,1016.423095022775,85,9,25,522732,522677,522762,522713,522741,137.36257309941521,28,-1290.0,55,30,3554.0,True,False,bp,-3.056603773584906
10504,1682.6522180910547,56,2,-4,522788,522762,522818,522778,522804,167.0375,26,-1502.0,26,30,4080.0,True,True,bp,-3.056603773584906
10505,1292.7420694669388,93,28,-29,522850,522818,522911,522832,522860,107.27777777777777,28,2.0,32,61,3454.0,True,False,bp,-3.056603773584906
10506,1708.729082236762,52,12,-30,522922,522911,522963,522916,522945,231.59420289855075,29,-49.0,11,41,4196.0,True,False,bp,-3.056603773584906
10507,1686.9256121694918,65,-3,17,523004,522963,523028,522986,523011,123.42460317460316,25,-940.0,41,24,1676.0,False,False,bp,-3.056603773584906
10508,256.83021686956323,34,27,-14,523038,523028,523062,523033,523043,148.3,10,-149.0,10,24,2101.0,False,False,bp,-3.056603773584906
10509,631.1831681994229,50,30,30,523102,523062,523112,523080,523106,135.64772727272728,26,276.0,40,10,2333.0,True,False,bp,-3.056603773584906
10510,1324.2254467017808,84,13,30,523169,523112,523196,523162,523181,190.80952380952382,19,-267.0,57,27,3553.0,True,False,bp,-3.056603773584906
10511,853.2940472734587,66,-12,14,523236,523196,523262,523213,523250,72.2748447204969,37,-2170.0,40,26,1129.0,False,False,bp,-3.056603773584906
10512,1813.867703808375,55,6,-7,523286,523262,523317,523275,523299,197.52447552447552,24,-3789.0,24,31,7015.0,False,False,bp,-3.056603773584906
10513,1298.0124910138306,62,36,12,523354,523317,523379,523329,523356,134.87,27,-523.0,37,25,953.0,False,False,bp,-3.056603773584906
10514,2612.4341709484197,83,13,29,523435,523379,523462,523419,523443,320.8125,24,-5527.0,56,27,7104.0,False,False,bp,-3.056603773584906
10515,931.0131785469237,100,-1,14,523519,523462,523562,523480,523525,135.9102564102564,45,-1652.0,57,43,2843.0,False,False,bp,-3.056603773584906
10516,2193.483436071065,50,9,-2,523586,523562,523612,523569,523590,305.25,21,-3549.0,24,26,4401.0,True,False,bp,-3.056603773584906
10517,1214.3743316257955,47,0,3,523637,523612,523659,523620,523647,141.08529411764704,27,-2836.0,25,22,2316.0,True,True,bp,-3.056603773584906
10518,288.57508321849997,52,-7,2,523686,523659,523711,523674,523698,86.29166666666669,24,-2246.0,27,25,1453.0,True,True,bp,-3.056603773584906
10519,1024.9857843332516,50,-7,-26,523723,523711,523761,523715,523744,114.3720238095238,29,-3459.0,12,38,2676.0,True,True,bp,-3.056603773584906
10520,813.5586242893165,34,9,-14,523771,523761,523795,523766,523781,185.5,15,-3127.0,10,24,2814.0,False,False,bp,-3.056603773584906
10521,128.93496102679347,34,-11,8,523816,523795,523829,523805,523824,37.05113636363637,19,-1170.0,21,13,1441.0,False,False,bp,-3.056603773584906
10522,202.5641529257981,32,6,-14,523838,523829,523861,523832,523849,82.58333333333333,17,-1198.0,9,23,928.0,False,False,bp,-3.056603773584906
10523,711.5036615305755,50,-1,-4,523884,523861,523911,523872,523898,92.24404761904762,26,-3007.0,23,27,1425.0,False,False,bp,-3.056603773584906
10524,128.70842947975623,30,5,20,523936,523911,523941,523923,523938,19.826923076923077,15,-2803.0,25,5,303.0,False,False,bp,-3.056603773584906
10525,207.76552429576438,38,3,22,523971,523941,523979,523958,523973,155.13461538461542,15,-3365.0,30,8,1479.0,False,False,bp,-3.056603773584906
10526,142.3148278331838,33,7,19,524005,523979,524012,523991,524009,48.80357142857143,18,-2916.0,26,7,768.0,False,False,bp,-3.056603773584906
10527,829.1391340637995,49,1,27,524050,524012,524061,524034,524056,117.69791666666669,22,-4627.0,38,11,1956.0,False,False,bp,-3.056603773584906
10528,685.5856713918762,52,-18,0,524087,524061,524113,524079,524108,99.00595238095238,29,-4619.0,26,26,3094.0,True,False,bp,-3.056603773584906
10529,578.9543568959631,66,-39,28,524160,524113,524179,524119,524174,42.11672473867596,55,-6583.0,47,19,857.0,False,False,bp,-3.056603773584906
10530,914.9723758181668,83,-2,-35,524203,524179,524262,524190,524229,120.65384615384615,39,-8783.0,24,59,4466.0,False,False,bp,-3.056603773584906
10531,684.2878627960098,31,-14,-13,524271,524262,524293,524266,524288,131.04705882352943,22,-5936.0,9,22,2879.0,False,False,bp,-3.056603773584906
10532,277.9218833153577,36,9,-12,524305,524293,524329,524296,524317,76.25,21,-3851.0,12,24,2823.0,False,False,bp,-3.056603773584906
10533,661.3454964654974,49,2,1,524354,524329,524378,524347,524365,106.92207792207792,18,-2417.0,25,24,2113.0,False,False,bp,-3.056603773584906
10534,546.863388011447,32,1,-4,524392,524378,524410,524385,524401,134.42857142857144,16,-2541.0,14,18,1637.0,True,True,bp,-3.056603773584906
10535,642.8245721094997,36,22,-10,524423,524410,524446,524418,524434,185.92727272727276,16,-2574.0,13,23,3311.0,True,False,bp,-3.056603773584906
10536,897.9258506305043,49,-2,31,524486,524446,524495,524472,524490,139.17857142857142,18,-1473.0,40,9,2665.0,True,False,bp,-3.056603773584906
10537,248.8046910567413,35,18,17,524521,524495,524530,524506,524523,140.96666666666667,17,-1266.0,26,9,1344.0,True,False,bp,-3.056603773584906
10538,638.6344066979598,66,-9,18,524572,524530,524596,524558,524587,79.45952380952382,29,-2460.0,42,24,2437.0,True,False,bp,-3.056603773584906
10539,541.2891398240369,37,21,-9,521940,521926,521963,521931,521950,83.35,19,6.0,14,23,1812.0,True,False,bp,-3.056603773584906
10540,844.3634572834678,67,12,45,522019,521963,522030,521990,522024,134.65517241379308,34,-1069.0,56,11,2503.0,True,False,bp,-3.056603773584906
10541,1619.2197841393604,100,13,10,522085,522030,522130,522070,522097,149.90833333333333,27,-2408.0,55,45,4045.0,True,False,bp,-3.056603773584906
10542,1340.2511515590934,48,-3,-8,522150,522130,522178,522137,522161,126.76923076923076,24,-705.0,20,28,3535.0,True,False,bp,-3.056603773584906
10543,1060.467866011943,35,2,-13,522189,522178,522213,522182,522204,147.62380952380954,22,630.0,11,24,4164.0,True,False,bp,-3.056603773584906
10544,1928.8948681525574,65,-6,15,522253,522213,522278,522228,522259,190.86333333333332,31,-774.0,40,25,3826.0,True,False,bp,-3.056603773584906
10545,1443.9360373054087,67,-10,-27,522298,522278,522345,522284,522324,123.02747252747251,40,-5.0,20,47,3771.0,True,True,bp,-3.056603773584906
10546,1149.026967442688,53,2,-5,522369,522345,522398,522354,522382,104.84871794871796,28,-689.0,24,29,2886.0,True,True,bp,-3.056603773584906
10547,1799.10987162918,68,13,-18,522423,522398,522466,522412,522439,166.3465909090909,27,-2305.0,25,43,3615.0,True,True,bp,-3.056603773584906
10548,1320.2340537225998,47,8,-5,522487,522466,522513,522479,522494,255.51785714285717,15,-2592.0,21,26,3541.0,True,True,bp,-3.056603773584906
10549,1014.8294621358267,53,-21,-5,522537,522513,522566,522517,522556,75.35394736842105,39,-878.0,24,29,3570.0,True,True,bp,-3.056603773584906
10550,1179.7536054201394,62,-5,14,522604,522566,522628,522574,522608,156.25833333333333,34,-1019.0,38,24,2351.0,True,True,bp,-3.056603773584906
10551,1020.4153361550644,57,37,-13,522650,522628,522685,522637,522665,87.9794871794872,28,-1372.0,22,35,2640.0,True,False,bp,-3.056603773584906
10552,581.1747466517182,109,-15,37,522758,522685,522794,522730,522773,71.69642857142857,43,-1696.0,73,36,2617.0,True,False,bp,-3.056603773584906
10553,1446.701252257065,35,6,-9,522807,522794,522829,522801,522821,191.84523809523807,20,-2161.0,13,22,3802.0,True,False,bp,-3.056603773584906
10554,2092.6841677700595,66,6,-8,522858,522829,522895,522847,522874,187.23011363636363,27,-2171.0,29,37,6660.0,True,False,bp,-3.056603773584906
10555,2020.565335392861,66,-6,-22,522917,522895,522961,522907,522940,204.1717391304348,33,-1657.0,22,44,4179.0,True,True,bp,-3.056603773584906
10556,1549.5464109189686,51,0,-27,522973,522961,523012,522967,522995,215.05303030303028,28,-1507.0,12,39,3133.0,True,True,bp,-3.056603773584906
10557,984.3435283186564,67,-1,-15,523038,523012,523079,523023,523060,64.13939393939394,37,-594.0,26,41,3776.0,True,True,bp,-3.056603773584906
10558,1012.3640854557183,50,26,0,523104,523079,523129,523096,523110,204.0,14,-1073.0,25,25,1958.0,False,False,bp,-3.056603773584906
10559,2459.671277998369,55,6,1,523157,523129,523184,523150,523172,250.1523809523809,22,-2888.0,28,27,6986.0,True,True,bp,-3.056603773584906
10560,2957.8964209099104,63,12,-13,523209,523184,523247,523200,523224,264.5,24,-2819.0,25,38,4316.0,True,True,bp,-3.056603773584906
10561,2196.4779935025053,66,-2,-20,523270,523247,523313,523260,523294,162.33333333333334,34,-2945.0,23,43,5602.0,True,True,bp,-3.056603773584906
10562,1739.95620580728,65,12,-19,523336,523313,523378,523326,523350,180.3142857142857,24,-2303.0,23,42,3466.0,True,True,bp,-3.056603773584906
10563,1991.9478690425321,65,-10,-21,523400,523378,523443,523386,523424,143.39583333333331,38,-2536.0,22,43,7137.0,True,True,bp,-3.056603773584906
10564,1701.7751968954099,38,7,16,523470,523443,523481,523452,523471,92.19444444444444,19,-1335.0,27,11,386.0,False,False,bp,-3.056603773584906
10565,826.9881590063952,65,-9,5,523516,523481,523546,523497,523533,86.83900928792568,36,-3235.0,35,30,3474.0,False,False,bp,-3.056603773584906
10566,3395.657018973774,63,12,-15,523570,523546,523609,523560,523583,336.50384615384615,23,-6709.0,24,39,7788.0,False,False,bp,-3.056603773584906
10567,1552.1451180537124,51,-20,-15,523627,523609,523660,523618,523654,147.0,36,-2799.0,18,33,4104.0,False,False,bp,-3.056603773584906
10568,1103.9204262511928,52,15,2,523687,523660,523712,523670,523692,182.8470588235294,22,-2224.0,27,25,2675.0,True,True,bp,-3.056603773584906
10569,567.3565277814445,39,6,13,523738,523712,523751,523729,523743,196.13333333333333,14,-3213.0,26,13,1894.0,True,True,bp,-3.056603773584906
10570,709.9790515540448,61,-14,-21,523771,523751,523812,523763,523798,115.59027777777777,35,-3903.0,20,41,3615.0,True,False,bp,-3.056603773584906
10571,1192.084385908268,49,-13,-9,523832,523812,523861,523819,523850,103.89102564102564,31,-3258.0,20,29,2688.0,True,True,bp,-3.056603773584906
10572,573.9481492524113,34,-13,-6,523875,523861,523895,523868,523890,153.56190476190474,22,-3528.0,14,20,2432.0,True,True,bp,-3.056603773584906
10573,705.2611307591017,50,18,-24,523908,523895,523945,523899,523915,220.9920634920635,16,-5082.0,13,37,2975.0,True,True,bp,-3.056603773584906
10574,346.6295535988524,48,-2,-30,523954,523945,523993,523949,523976,123.64090909090908,27,-3763.0,9,39,2593.0,True,False,bp,-3.056603773584906
10575,478.0188209166172,65,-21,23,524037,523993,524058,524001,524047,79.96388888888889,46,-3970.0,44,21,2384.0,True,True,bp,-3.056603773584906
10576,664.8148470992637,43,17,15,524087,524058,524101,524072,524090,231.76666666666665,18,-3803.0,29,14,2860.0,True,False,bp,-3.056603773584906
10577,349.8804938936862,80,10,-8,524137,524101,524181,524125,524154,74.29656862745098,29,-4538.0,36,44,1805.0,True,False,bp,-3.056603773584906
10578,398.21840493597296,64,-9,-20,524203,524181,524245,524193,524227,102.3375,34,-5400.0,22,42,3021.0,True,False,bp,-3.056603773584906
10579,159.9630437496475,31,36,-11,524255,524245,524276,524252,524266,222.2878787878788,14,-4167.0,10,21,2510.0,True,False,bp,-3.056603773584906
10580,285.5395108527704,68,19,20,524320,524276,524344,524316,524323,355.75,7,-3827.0,44,24,3054.0,True,False,bp,-3.056603773584906
10581,18.23786250125356,19,30,1,524354,524344,524363,524349,524356,372.5,7,-3143.0,10,9,3237.0,True,False,bp,-3.056603773584906
10582,913.5060010107358,70,12,46,524421,524363,524433,524393,524424,231.10714285714286,31,-2644.0,58,12,2970.0,True,False,bp,-3.056603773584906
10583,425.96711273930185,75,0,1,524471,524433,524508,524467,524490,208.171052631579,23,-2255.0,38,37,1797.0,True,False,bp,-3.056603773584906
10584,816.09917978148,40,1,20,524538,524508,524548,524513,524542,120.15,29,-3039.0,30,10,1939.0,True,False,bp,-3.056603773584906
10585,562.3012417223644,100,-46,52,525771,525695,525795,525731,525788,59.15,57,2966.0,76,24,2827.0,True,False,bp,-5.111111111111111
10586,449.58702720466147,24,13,18,525816,525795,525819,525799,525816,,17,3848.0,21,3,128.0,False,False,bp,-5.111111111111111
10587,1058.5612251526238,75,8,-7,525853,525819,525894,525846,525873,122.03928571428571,27,1503.0,34,41,2946.0,False,False,bp,-5.111111111111111
10588,1041.6287463773115,41,23,11,525920,525894,525935,525908,525924,200.9583333333333,16,843.0,26,15,2343.0,True,False,bp,-5.111111111111111
10589,1003.3873750890076,61,-3,9,525970,525935,525996,525963,525987,158.70588235294116,24,142.0,35,26,2645.0,True,True,bp,-5.111111111111111
10590,945.2203860700946,49,1,-1,526020,525996,526045,526008,526038,74.90277777777777,30,329.0,24,25,1971.0,True,True,bp,-5.111111111111111
10591,988.2281307679559,67,15,17,526087,526045,526112,526069,526097,117.96111111111112,28,72.0,42,25,3357.0,True,True,bp,-5.111111111111111
10592,1791.6534431433865,68,10,18,526155,526112,526180,526140,526166,182.06666666666663,26,-1034.0,43,25,4698.0,True,True,bp,-5.111111111111111
10593,2055.4679831887233,65,13,3,526214,526180,526245,526202,526231,146.28676470588238,29,-594.0,34,31,3601.0,True,True,bp,-5.111111111111111
10594,2646.639250451577,68,17,16,526287,526245,526313,526273,526298,221.53246753246756,25,-2683.0,42,26,5343.0,True,True,bp,-5.111111111111111
10595,1818.7522606778186,99,-7,15,526370,526313,526412,526340,526387,153.32450980392156,47,-3816.0,57,42,7417.0,False,False,bp,-5.111111111111111
10596,1208.533550755776,34,9,16,526437,526412,526446,526427,526442,163.0,15,1184.0,25,9,2188.0,False,False,bp,-5.111111111111111
10597,999.553328595876,66,-7,16,526487,526446,526512,526466,526501,96.46428571428572,35,-366.0,41,25,2329.0,True,False,bp,-5.111111111111111
10598,909.6405543331688,50,3,2,526538,526512,526562,526529,526550,132.47222222222223,21,-895.0,26,24,2353.0,False,False,bp,-5.111111111111111
10599,349.1443389078156,34,9,16,526587,526562,526596,526574,526591,108.93269230769229,17,501.0,25,9,1748.0,False,False,bp,-5.111111111111111
10600,1260.7700350496125,66,-1,8,526633,526596,526662,526617,526643,102.81875,26,-894.0,37,29,2067.0,True,False,bp,-5.111111111111111
10601,512.4942282024518,83,-25,-33,526687,526662,526745,526668,526727,51.47368421052632,59,-430.0,25,58,5047.0,False,False,bp,-5.111111111111111
10602,2021.954214283368,50,15,2,526771,526745,526795,526761,526783,202.34166666666667,22,-483.0,26,24,3714.0,True,True,bp,-5.111111111111111
10603,2149.7864420893225,67,-4,17,526837,526795,526862,526820,526853,181.7720588235294,33,-3099.0,42,25,5859.0,True,True,bp,-5.111111111111111
10604,1531.2549469812554,51,5,9,526892,526862,526913,526882,526906,139.5142857142857,24,-712.0,30,21,2750.0,True,True,bp,-5.111111111111111
10605,498.60645841890397,66,-3,14,526953,526913,526979,526935,526965,70.0,30,-837.0,40,26,2092.0,True,False,bp,-5.111111111111111
10606,680.067062638404,37,14,13,527004,526979,527016,526992,527009,140.90833333333333,17,-1244.0,25,12,1786.0,True,False,bp,-5.111111111111111
10607,868.9617689864183,62,12,12,527053,527016,527078,527040,527058,141.32307692307694,18,-1525.0,37,25,2265.0,True,False,bp,-5.111111111111111
10608,1095.3854696119458,51,-18,1,527104,527078,527129,527088,527123,91.25657894736841,35,-2802.0,26,25,3055.0,True,True,bp,-5.111111111111111
10609,764.1093109482141,79,-11,-29,527154,527129,527208,527140,527183,80.04433497536945,43,-2190.0,25,54,4173.0,True,True,bp,-5.111111111111111
10610,831.5650247654722,54,10,-28,527221,527208,527262,527215,527249,120.47023809523809,34,-183.0,13,41,2599.0,True,True,bp,-5.111111111111111
10611,81.99623304581385,66,-18,48,527319,527262,527328,527293,527323,79.47115384615384,30,210.0,57,9,827.0,False,False,bp,-5.111111111111111
10612,388.5724280061075,50,14,0,527353,527328,527378,527335,527367,48.28968253968254,32,-1028.0,25,25,1106.0,False,False,bp,-5.111111111111111
10613,495.1742079427789,83,0,1,527420,527378,527461,527413,527440,91.475,27,-1613.0,42,41,2118.0,True,True,bp,-5.111111111111111
10614,628.3001356712398,68,-34,-48,527471,527461,527529,527467,527523,156.89423076923075,56,-1683.0,10,58,2530.0,True,True,bp,-5.111111111111111
10615,1207.2859326715975,57,-3,-7,527554,527529,527586,527545,527572,142.97222222222226,27,-2763.0,25,32,2652.0,True,True,bp,-5.111111111111111
10616,919.0417119358044,43,-6,-7,527604,527586,527629,527596,527621,101.39338235294115,25,-1938.0,18,25,2861.0,True,True,bp,-5.111111111111111
10617,697.419585174459,49,-8,1,527654,527629,527678,527640,527669,78.32142857142857,29,-1257.0,25,24,1858.0,True,True,bp,-5.111111111111111
10618,268.11803295153686,67,-32,-15,527704,527678,527745,527690,527739,28.45,49,-1413.0,26,41,2101.0,True,False,bp,-5.111111111111111
10619,195.4099136913107,33,7,17,527770,527745,527778,527756,527773,116.25,17,-1098.0,25,8,1242.0,True,False,bp,-5.111111111111111
10620,513.9786166698672,67,-26,-17,527803,527778,527845,527797,527837,97.70588235294115,40,-1698.0,25,42,2405.0,True,False,bp,-5.111111111111111
10621,541.9762275889962,51,-33,-1,527870,527845,527896,527851,527892,58.482057416267956,41,-1699.0,25,26,1953.0,True,False,bp,-5.111111111111111
10622,307.35246626402767,49,-7,-31,527905,527896,527945,527900,527932,149.28148148148148,32,-1863.0,9,40,2182.0,True,False,bp,-5.111111111111111
10623,883.8306707690303,48,18,2,527970,527945,527993,527957,527980,91.10384615384615,23,-2403.0,25,23,2578.0,True,True,bp,-5.111111111111111
10624,321.9702649269548,69,-6,49,528052,527993,528062,528021,528056,112.91532258064517,35,-1517.0,59,10,2234.0,True,False,bp,-5.111111111111111
10625,689.6370569961115,69,-20,-15,528089,528062,528131,528085,528126,148.04054054054058,41,-953.0,27,42,1843.0,True,False,bp,-5.111111111111111
10626,470.13887007088266,95,-33,17,528187,528131,528226,528147,528205,51.75,58,-2290.0,56,39,2779.0,False,False,bp,-5.111111111111111
10627,466.0093317525908,66,24,-52,528233,528226,528292,528230,528252,109.43859649122808,22,-549.0,7,59,1776.0,False,False,bp,-5.111111111111111
10628,837.607156714237,37,-11,-13,528304,528292,528329,528298,528322,110.0,24,-448.0,12,25,2998.0,True,False,bp,-5.111111111111111
10629,583.0904119542192,49,1,-1,528353,528329,528378,528335,528365,75.6111111111111,30,411.0,24,25,1392.0,False,False,bp,-5.111111111111111
10630,1039.5108684688369,51,-6,7,528407,528378,528429,528396,528424,114.31016042780749,28,-1546.0,29,22,2495.0,False,False,bp,-5.111111111111111
10631,997.2035388779827,53,-3,7,528459,528429,528482,528446,528474,99.36666666666667,28,-1896.0,30,23,2748.0,True,True,bp,-5.111111111111111
10632,1949.7404629255805,72,-5,16,525804,525760,525832,525792,525822,161.84722222222226,30,933.0,44,28,3813.0,True,True,bp,-5.111111111111111
10633,2557.287473626135,63,7,-11,525858,525832,525895,525847,525871,245.7692307692308,24,-2053.0,26,37,4032.0,True,True,bp,-5.111111111111111
10634,868.5155507054026,46,11,4,525920,525895,525941,525902,525927,128.43650793650792,25,-252.0,25,21,2800.0,True,True,bp,-5.111111111111111
10635,576.5214068026737,44,27,16,525971,525941,525985,525963,525975,220.5,12,125.0,30,14,1968.0,True,False,bp,-5.111111111111111
10636,946.6330578614135,80,-12,24,526037,525985,526065,526014,526053,83.31521739130434,39,-668.0,52,28,3505.0,True,False,bp,-5.111111111111111
10637,1035.9293628754494,47,7,-1,526088,526065,526112,526080,526099,151.42045454545456,19,-74.0,23,24,2491.0,True,False,bp,-5.111111111111111
10638,795.4960588699153,67,-1,-15,526138,526112,526179,526125,526158,109.06730769230771,33,-525.0,26,41,3579.0,True,True,bp,-5.111111111111111
10639,1070.7150673686047,52,30,0,526205,526179,526231,526190,526214,134.92222222222222,24,543.0,26,26,3274.0,False,False,bp,-5.111111111111111
10640,2218.8081228029737,81,7,31,526287,526231,526312,526268,526297,243.93684210526317,29,-3176.0,56,25,6233.0,False,False,bp,-5.111111111111111
10641,2379.0731844712577,71,-5,5,526350,526312,526383,526333,526369,161.21981424148606,36,-2248.0,38,33,6451.0,True,True,bp,-5.111111111111111
10642,1966.6920411087128,56,5,12,526417,526383,526439,526400,526425,143.91544117647058,25,920.0,34,22,3293.0,True,True,bp,-5.111111111111111
10643,1667.663873484251,73,-6,-11,526470,526439,526512,526455,526490,121.24166666666667,35,-860.0,31,42,3282.0,True,True,bp,-5.111111111111111
10644,1539.632322913807,66,-4,-12,526539,526512,526578,526519,526558,104.89605263157895,39,-2016.0,27,39,3941.0,True,True,bp,-5.111111111111111
10645,1053.3782680562426,95,-22,-33,526609,526578,526673,526593,526650,79.51524390243901,57,-1477.0,31,64,3451.0,True,True,bp,-5.111111111111111
10646,2122.082518991178,61,-8,-1,526703,526673,526734,526685,526718,153.35555555555555,33,-2409.0,30,31,5168.0,True,True,bp,-5.111111111111111
10647,1043.2255972818498,61,-18,13,526771,526734,526795,526743,526788,68.59138655462185,45,-664.0,37,24,2473.0,True,True,bp,-5.111111111111111
10648,1132.2549361009924,67,0,19,526838,526795,526862,526815,526846,141.3586956521739,31,-2321.0,43,24,3337.0,True,True,bp,-5.111111111111111
10649,849.7074166110367,65,-12,17,526903,526862,526927,526877,526915,75.10897435897436,38,-2289.0,41,24,2351.0,True,True,bp,-5.111111111111111
10650,480.64926874804604,100,-34,-60,526947,526927,527027,526941,527004,98.48684210526315,63,-2020.0,20,80,2281.0,True,False,bp,-5.111111111111111
10651,2004.4006971971014,51,16,-29,527038,527027,527078,527033,527057,292.7526315789473,24,-3756.0,11,40,6605.0,True,False,bp,-5.111111111111111
10652,2202.54967832432,64,20,-10,527105,527078,527142,527097,527116,292.33522727272725,19,-3271.0,27,37,4546.0,True,True,bp,-5.111111111111111
10653,1345.6583470345026,70,-6,-12,527171,527142,527212,527155,527190,105.56743421052632,35,-2017.0,29,41,4158.0,True,True,bp,-5.111111111111111
10654,1059.9308275642647,50,-21,2,527238,527212,527262,527219,527258,70.06447368421053,39,-1372.0,26,24,2240.0,True,True,bp,-5.111111111111111
10655,869.2747076714563,50,1,2,527288,527262,527312,527276,527296,130.22916666666666,20,-1712.0,26,24,3066.0,True,True,bp,-5.111111111111111
10656,234.2701184174548,33,-1,-11,527323,527312,527345,527317,527333,119.45,16,-573.0,11,22,1509.0,True,False,bp,-5.111111111111111
10657,297.9252607699225,66,26,-50,527353,527345,527411,527348,527375,148.09545454545457,27,-1357.0,8,58,2858.0,True,False,bp,-5.111111111111111
10658,1424.649430311369,65,-20,21,527454,527411,527476,527428,527467,135.38461538461542,39,-2048.0,43,22,3991.0,True,False,bp,-5.111111111111111
10659,1472.3544351223316,54,-19,2,527504,527476,527530,527486,527523,99.31578947368419,37,-2929.0,28,26,3108.0,True,True,bp,-5.111111111111111
10660,1254.607633435466,65,-17,-17,527554,527530,527595,527541,527582,116.26785714285714,41,-3950.0,24,41,3642.0,True,True,bp,-5.111111111111111
10661,702.1084583138437,49,7,9,527624,527595,527644,527606,527627,171.44444444444446,21,-2388.0,29,20,2106.0,True,True,bp,-5.111111111111111
10662,318.4141925852512,51,-8,1,527670,527644,527695,527655,527682,59.64166666666666,27,-2509.0,26,25,2047.0,True,True,bp,-5.111111111111111
10663,645.947961718463,66,-1,-16,527720,527695,527761,527701,527739,82.84210526315789,38,-3236.0,25,41,2637.0,True,True,bp,-5.111111111111111
10664,176.28640013811523,83,-27,1,527803,527761,527844,527776,527826,42.09098228663446,50,-3722.0,42,41,1978.0,True,False,bp,-5.111111111111111
10665,147.22342768007738,37,8,-19,527853,527844,527881,527849,527866,220.03846153846158,17,-4046.0,9,28,2014.0,True,False,bp,-5.111111111111111
10666,480.08182546041917,51,-10,-7,527903,527881,527932,527891,527926,58.14673913043478,35,-3290.0,22,29,2986.0,False,False,bp,-5.111111111111111
10667,944.06884332102,57,-12,27,527974,527932,527989,527951,527982,83.19836956521739,31,-3404.0,42,15,1796.0,True,False,bp,-5.111111111111111
10668,252.48176183234227,99,42,-61,528008,527989,528088,528001,528029,143.42857142857144,28,-4283.0,19,80,4478.0,False,False,bp,-5.111111111111111
10669,316.36270373610125,73,-17,-43,528103,528088,528161,528099,528141,181.90789473684208,42,-1726.0,15,58,4391.0,False,False,bp,-5.111111111111111
10670,383.27767203334383,67,35,-47,528171,528161,528228,528166,528187,179.11875,21,366.0,10,57,2671.0,True,True,bp,-5.111111111111111
10671,180.34711645437213,31,2,21,528254,528228,528259,528243,528256,109.4090909090909,13,540.0,26,5,933.0,False,False,bp,-5.111111111111111
10672,578.64383306393,35,-1,1,528277,528259,528294,528271,528288,108.41666666666669,17,-364.0,18,17,1871.0,True,False,bp,-5.111111111111111
10673,426.5690265172958,67,-20,-15,528320,528294,528361,528304,528357,35.35050675675676,53,-1301.0,26,41,2490.0,True,False,bp,-5.111111111111111
10674,350.30057148094437,49,14,35,528403,528361,528410,528390,528406,157.76923076923075,16,-3071.0,42,7,1569.0,False,False,bp,-5.111111111111111
10675,813.6320624573211,69,-2,19,528454,528410,528479,528436,528467,113.08760683760686,31,-4760.0,44,25,4511.0,False,False,bp,-5.111111111111111
10676,1209.7575662939726,64,4,-20,529903,529881,529945,529898,529923,174.1,25,-411.0,22,42,3383.0,False,False,bp,1.2826086956521738
10677,1083.7824215035666,51,2,1,529971,529945,529996,529952,529983,109.44078947368422,31,-155.0,26,25,3058.0,False,False,bp,1.2826086956521738
10678,649.5314771724996,50,19,30,530036,529996,530046,530016,530041,108.1,25,1652.0,40,10,2137.0,False,False,bp,1.2826086956521738
10679,1587.5530812070306,82,-20,34,530104,530046,530128,530085,530119,145.38245614035088,34,-1382.0,58,24,4409.0,False,False,bp,1.2826086956521738
10680,717.7817768538088,84,-23,22,530181,530128,530212,530133,530190,76.1076388888889,57,1142.0,53,31,2443.0,False,False,bp,1.2826086956521738
10681,625.0597394728591,66,-4,16,530253,530212,530278,530224,530266,46.70954907161804,42,1608.0,41,25,1917.0,True,True,bp,1.2826086956521738
10682,488.37691683676326,83,-9,3,530321,530278,530361,530304,530341,59.30588235294118,37,-75.0,43,40,2100.0,True,True,bp,1.2826086956521738
10683,1000.2342973741704,50,-19,2,530387,530361,530411,530369,530403,83.3298611111111,34,-1322.0,26,24,2481.0,True,True,bp,1.2826086956521738
10684,895.0339269406894,50,-14,2,530437,530411,530461,530418,530455,77.38011695906431,37,-1449.0,26,24,2384.0,True,True,bp,1.2826086956521738
10685,616.8792328023012,78,-5,6,530503,530461,530539,530478,530516,105.1723076923077,38,-2501.0,42,36,4075.0,True,True,bp,1.2826086956521738
10686,1967.4932579754095,51,-1,-19,530555,530539,530590,530549,530575,176.89166666666665,26,-1325.0,16,35,3749.0,True,True,bp,1.2826086956521738
10687,1665.8069135518695,71,-1,-11,530620,530590,530661,530600,530640,123.65,40,-2529.0,30,41,4697.0,True,True,bp,1.2826086956521738
10688,1646.7119068604943,67,0,17,530703,530661,530728,530679,530709,214.5,30,-1705.0,42,25,4241.0,False,False,bp,1.2826086956521738
10689,781.9061803814409,67,4,-17,530753,530728,530795,530739,530771,68.74603174603175,32,508.0,25,42,2887.0,False,False,bp,1.2826086956521738
10690,1146.6371710982366,66,7,-16,530820,530795,530861,530807,530840,94.93653846153845,33,636.0,25,41,3890.0,True,True,bp,1.2826086956521738
10691,2220.043243919685,63,-2,11,530898,530861,530924,530880,530907,215.72222222222226,27,-2095.0,37,26,4951.0,True,True,bp,1.2826086956521738
10692,1319.2626333315586,70,0,-12,530953,530924,530994,530932,530967,128.0119047619048,35,-1429.0,29,41,3979.0,True,True,bp,1.2826086956521738
10693,915.8563930373532,73,-29,11,531036,530994,531067,531002,531056,59.647058823529406,54,-1754.0,42,31,2472.0,True,True,bp,1.2826086956521738
10694,2155.568207176098,61,7,-3,531096,531067,531128,531081,531106,164.0333333333334,25,-3122.0,29,32,4120.0,True,True,bp,1.2826086956521738
10695,2506.8331834185133,51,1,1,531154,531128,531179,531138,531161,275.7232142857143,23,-5674.0,26,25,5363.0,True,True,bp,1.2826086956521738
10696,1235.1370157899596,66,1,-18,531203,531179,531245,531185,531226,82.11714975845409,41,-3135.0,24,42,4071.0,False,False,bp,1.2826086956521738
10697,125.990676367888,49,-9,27,531283,531245,531294,531268,531290,71.77142857142857,22,-926.0,38,11,1349.0,False,False,bp,1.2826086956521738
10698,826.9394429068037,67,6,19,531337,531294,531361,531303,531347,121.11176470588236,44,-2951.0,43,24,3799.0,False,False,bp,1.2826086956521738
10699,2045.7588935307326,83,14,9,531407,531361,531444,531397,531422,196.25,25,-3369.0,46,37,5307.0,True,True,bp,1.2826086956521738
10700,1583.9202235652745,69,4,-17,531470,531444,531513,531461,531491,188.28571428571428,30,-3049.0,26,43,3956.0,True,True,bp,1.2826086956521738
10701,1245.6672411224222,48,14,0,531537,531513,531561,531525,531545,151.35416666666666,20,-1333.0,24,24,4086.0,True,True,bp,1.2826086956521738
10702,958.4171752701196,79,11,5,531603,531561,531640,531579,531609,163.97916666666666,30,-1706.0,42,37,2717.0,True,True,bp,1.2826086956521738
10703,884.8772052792536,54,23,-20,531657,531640,531694,531650,531666,137.53174603174602,16,-1414.0,17,37,1962.0,True,True,bp,1.2826086956521738
10704,126.86718345810652,51,-6,1,531720,531694,531745,531705,531734,-3.076190476190477,29,-1218.0,26,25,479.0,False,False,bp,1.2826086956521738
10705,495.5855559092154,66,15,-16,531770,531745,531811,531757,531783,90.92307692307692,26,-2727.0,25,41,3760.0,False,False,bp,1.2826086956521738
10706,199.64201482952038,34,-2,16,531836,531811,531845,531824,531841,54.08333333333333,17,-284.0,25,9,835.0,False,False,bp,1.2826086956521738
10707,441.4080867450745,34,14,12,531868,531845,531879,531856,531872,105.16666666666666,16,-1553.0,23,11,1321.0,False,False,bp,1.2826086956521738
10708,416.9739326032634,50,-12,30,531919,531879,531929,531902,531924,118.35294117647058,22,-2159.0,40,10,1935.0,True,False,bp,1.2826086956521738
10709,443.29947994778763,45,-20,-5,531949,531929,531974,531934,531967,54.95555555555556,33,-2313.0,20,25,1143.0,True,True,bp,1.2826086956521738
10710,287.42929725563346,37,1,-13,531986,531974,532011,531980,531998,156.41666666666669,18,-2943.0,12,25,2357.0,True,True,bp,1.2826086956521738
10711,383.1037004119872,30,1,-12,532020,532011,532041,532017,532032,157.54166666666669,15,-1892.0,9,21,2412.0,False,False,bp,1.2826086956521738
10712,289.29115612930775,50,27,-24,532054,532041,532091,532048,532067,52.12179487179488,19,-11.0,13,37,1720.0,False,False,bp,1.2826086956521738
10713,974.2875339680728,69,-15,23,532137,532091,532160,532113,532153,70.57291666666666,40,-1914.0,46,23,2212.0,False,False,bp,1.2826086956521738
10714,266.468701146904,68,16,20,532204,532160,532228,532178,532210,79.53205128205127,32,-1789.0,44,24,1789.0,True,True,bp,1.2826086956521738
10715,257.73308075760633,56,29,28,532270,532228,532284,532258,532272,184.79166666666669,14,-2123.0,42,14,1281.0,False,False,bp,1.2826086956521738
10716,1337.6410393469698,94,-2,4,532333,532284,532378,532315,532349,123.70833333333334,34,-5297.0,49,45,3930.0,False,False,bp,1.2826086956521738
10717,778.3613274686063,50,26,-34,532386,532378,532428,532381,532407,132.0761904761905,26,-3098.0,8,42,3441.0,False,False,bp,1.2826086956521738
10718,118.98405216257757,83,-5,67,532503,532428,532511,532459,532506,90.74621212121212,47,-1187.0,75,8,1204.0,False,False,bp,1.2826086956521738
10719,657.9883571695592,83,-4,33,532569,532511,532594,532548,532576,109.9761904761905,28,-2341.0,58,25,2486.0,True,True,bp,1.2826086956521738
10720,755.4304871830457,67,5,-23,532616,532594,532661,532600,532631,89.25208333333332,31,-2477.0,22,45,2139.0,True,False,bp,1.2826086956521738
10721,528.4261680772721,39,7,11,532686,532661,532700,532667,532692,82.05701754385964,25,-1702.0,25,14,1641.0,False,False,bp,1.2826086956521738
10722,1332.5897733693007,65,-19,-21,529903,529881,529946,529894,529938,157.13015873015868,44,386.0,22,43,4989.0,True,True,bp,1.2826086956521738
10723,1989.6064308685998,65,12,-17,529970,529946,530011,529963,529991,237.047619047619,28,1071.0,24,41,5899.0,True,True,bp,1.2826086956521738
10724,2964.332985343468,67,14,-9,530040,530011,530078,530031,530054,296.72222222222223,23,231.0,29,38,6214.0,True,True,bp,1.2826086956521738
10725,3434.3790971162325,56,-5,-6,530103,530078,530134,530091,530122,268.5570175438597,31,-1546.0,25,31,6960.0,True,True,bp,1.2826086956521738
10726,2220.135063730296,62,-1,10,530170,530134,530196,530148,530182,168.42424242424244,34,-829.0,36,26,4837.0,True,True,bp,1.2826086956521738
10727,2088.553766880022,65,1,-17,530220,530196,530261,530215,530242,259.34090909090907,27,685.0,24,41,6544.0,True,True,bp,1.2826086956521738
10728,1851.2558426896112,45,13,7,530287,530261,530306,530270,530295,144.4852941176471,25,2103.0,26,19,1933.0,False,False,bp,1.2826086956521738
10729,2003.161866803684,69,-1,15,530348,530306,530375,530333,530358,180.88333333333333,25,-941.0,42,27,4063.0,False,False,bp,1.2826086956521738
10730,1872.3288195500836,53,4,-21,530391,530375,530428,530382,530409,203.5,27,-1182.0,16,37,5474.0,True,True,bp,1.2826086956521738
10731,1306.999443745681,55,14,1,530456,530428,530483,530440,530462,172.11458333333331,22,1094.0,28,27,2944.0,True,True,bp,1.2826086956521738
10732,1905.4261469052656,57,-5,-11,530506,530483,530540,530498,530527,205.41964285714286,29,-219.0,23,34,3460.0,True,True,bp,1.2826086956521738
10733,2066.7739420616194,56,-1,4,530570,530540,530596,530551,530582,168.32236842105263,31,-1469.0,30,26,5407.0,True,True,bp,1.2826086956521738
10734,3085.039082993407,66,7,-12,530623,530596,530662,530612,530643,248.37727272727275,31,-2020.0,27,39,6768.0,True,True,bp,1.2826086956521738
10735,3423.285556750808,70,-2,-6,530694,530662,530732,530681,530715,252.7692307692308,34,-3380.0,32,38,7744.0,False,False,bp,1.2826086956521738
10736,538.3685796847295,46,-1,-4,530753,530732,530778,530747,530766,99.30128205128206,19,2172.0,21,25,993.0,False,False,bp,1.2826086956521738
10737,1537.2485725858444,66,18,-26,530798,530778,530844,530784,530815,150.77941176470586,31,-1681.0,20,46,4110.0,False,False,bp,1.2826086956521738
10738,1440.1505437194144,51,-1,1,530870,530844,530895,530864,530882,201.08333333333331,18,-746.0,26,25,3674.0,True,False,bp,1.2826086956521738
10739,392.97357329933413,33,20,-13,530905,530895,530928,530899,530914,158.22222222222226,15,1057.0,10,23,2787.0,True,False,bp,1.2826086956521738
10740,445.49223902956993,67,22,-15,530954,530928,530995,530949,530972,186.23888888888888,23,1456.0,26,41,2141.0,False,False,bp,1.2826086956521738
10741,1776.9196555177532,69,13,7,531033,530995,531064,531017,531041,181.21875,24,-2017.0,38,31,3528.0,False,False,bp,1.2826086956521738
10742,1953.8005693190387,48,22,-4,531086,531064,531112,531078,531094,291.125,16,-3004.0,22,26,5241.0,True,True,bp,1.2826086956521738
10743,2638.621274105783,65,1,-7,531141,531112,531177,531132,531159,197.8333333333333,27,-2232.0,29,36,5742.0,True,True,bp,1.2826086956521738
10744,2922.580225796086,51,10,1,531203,531177,531228,531187,531211,298.40625,24,-3211.0,26,25,5838.0,True,True,bp,1.2826086956521738
10745,1898.4111161330984,63,24,17,531268,531228,531291,531245,531275,185.9099378881988,30,-1670.0,40,23,3797.0,True,True,bp,1.2826086956521738
10746,1378.7664648558095,84,15,6,531336,531291,531375,531329,531349,182.4450549450549,20,-423.0,45,39,4007.0,True,False,bp,1.2826086956521738
10747,2053.615533405307,42,3,8,531400,531375,531417,531384,531406,174.42708333333331,22,-804.0,25,17,2978.0,True,False,bp,1.2826086956521738
10748,863.947815802591,44,-4,-4,531437,531417,531461,531431,531452,162.23333333333332,21,-126.0,20,24,3035.0,True,True,bp,1.2826086956521738
10749,1610.1623478041834,50,-13,0,531486,531461,531511,531469,531501,119.62352941176472,32,-235.0,25,25,4326.0,True,True,bp,1.2826086956521738
10750,1048.6933969978547,67,-24,-27,531531,531511,531578,531520,531564,125.53030303030305,44,212.0,20,47,2380.0,True,False,bp,1.2826086956521738
10751,662.5445875881767,34,11,16,531603,531578,531612,531584,531606,181.71052631578945,22,-349.0,25,9,2179.0,True,False,bp,1.2826086956521738
10752,839.0835448758615,65,16,19,531654,531612,531677,531639,531661,187.59047619047615,22,-933.0,42,23,4279.0,True,False,bp,1.2826086956521738
10753,1043.0085965747007,57,5,27,531719,531677,531734,531699,531725,134.04166666666669,26,-353.0,42,15,2291.0,True,True,bp,1.2826086956521738
10754,628.9956783186315,50,0,24,531771,531734,531784,531756,531775,209.13333333333333,19,-1921.0,37,13,2661.0,True,True,bp,1.2826086956521738
10755,903.9597955390448,45,-17,27,531820,531784,531829,531794,531825,154.66923076923078,31,-1639.0,36,9,2699.0,True,False,bp,1.2826086956521738
10756,274.11335749164084,33,-1,5,531848,531829,531862,531839,531859,84.23232323232324,20,-415.0,19,14,1522.0,False,False,bp,1.2826086956521738
10757,987.4294427794072,48,-1,2,531887,531862,531910,531878,531898,158.38888888888889,20,-2461.0,25,23,2922.0,False,False,bp,1.2826086956521738
10758,820.9989061513148,52,-20,22,531947,531910,531962,531917,531956,78.38333333333333,39,-3212.0,37,15,1870.0,True,True,bp,1.2826086956521738
10759,1147.2408135481207,48,-13,22,531997,531962,532010,531975,532005,126.6590909090909,30,-4681.0,35,13,3022.0,True,True,bp,1.2826086956521738
10760,607.3186630343617,50,-9,2,532036,532010,532060,532022,532047,109.10064935064936,25,-3196.0,26,24,2314.0,True,True,bp,1.2826086956521738
10761,720.1634148974409,36,12,-18,532069,532060,532096,532063,532086,115.66176470588236,23,-2528.0,9,27,2586.0,True,False,bp,1.2826086956521738
10762,835.8589294187451,60,6,20,532136,532096,532156,532121,532139,232.33333333333331,18,-4448.0,40,20,2678.0,True,False,bp,1.2826086956521738
10763,535.6878632939154,65,6,-37,532170,532156,532221,532163,532194,150.3452380952381,31,-4281.0,14,51,3212.0,False,False,bp,1.2826086956521738
10764,734.5813479559152,37,14,-5,532237,532221,532258,532231,532244,173.10714285714286,13,-2558.0,16,21,2892.0,False,False,bp,1.2826086956521738
10765,1066.8594588031128,54,-14,6,532288,532258,532312,532271,532300,81.22794117647058,29,-3477.0,30,24,2715.0,False,False,bp,1.2826086956521738
10766,218.94047393621742,32,-17,-4,532326,532312,532344,532315,532341,43.05151515151515,26,-1968.0,14,18,1406.0,False,False,bp,1.2826086956521738
10767,411.76365960623457,37,-17,-5,532360,532344,532381,532350,532375,51.90000000000001,25,-2008.0,16,21,2450.0,False,False,bp,1.2826086956521738
10768,276.0146150935536,47,16,-37,532386,532381,532428,532383,532405,169.06140350877197,22,-737.0,5,42,3425.0,False,False,bp,1.2826086956521738
10769,468.53199273446836,62,8,-22,532448,532428,532490,532443,532470,155.02727272727273,27,302.0,20,42,1628.0,True,True,bp,1.2826086956521738
10770,526.4479108566284,55,-10,29,532532,532490,532545,532505,532540,82.0162037037037,35,-592.0,42,13,1807.0,True,False,bp,1.2826086956521738
10771,618.428352290406,45,11,5,532570,532545,532590,532565,532577,155.5285714285714,12,-823.0,25,20,2096.0,True,True,bp,1.2826086956521738
10772,483.8550253599858,87,8,-15,532626,532590,532677,532600,532649,62.0484949832776,49,-2170.0,36,51,1691.0,False,False,bp,1.2826086956521738
10773,1323.6161447569154,65,6,-17,534219,534195,534260,534210,534238,135.4561403508772,28,-2552.0,24,41,4100.0,False,False,bp,-2.9583333333333335
10774,773.5861042075392,64,-10,-10,534287,534260,534324,534272,534308,41.32380952380952,36,-108.0,27,37,2309.0,False,False,bp,-2.9583333333333335
10775,1960.1391739688568,70,-5,-4,534357,534324,534394,534334,534370,148.45819397993313,36,-2649.0,33,37,5089.0,False,False,bp,-2.9583333333333335
10776,1543.9820763309992,68,2,-18,534419,534394,534462,534401,534436,120.35457516339869,35,-2069.0,25,43,3849.0,True,True,bp,-2.9583333333333335
10777,1309.6149301215,49,21,-13,534480,534462,534511,534473,534493,166.54395604395603,20,-876.0,18,31,3819.0,True,True,bp,-2.9583333333333335
10778,3354.1110136789666,66,29,0,534544,534511,534577,534534,534558,292.3857142857143,24,-3101.0,33,33,6623.0,True,True,bp,-2.9583333333333335
10779,2450.277468564654,107,12,9,534635,534577,534684,534611,534647,277.3541666666667,36,-5430.0,58,49,8832.0,True,False,bp,-2.9583333333333335
10780,3196.697643874013,50,29,-12,534703,534684,534734,534695,534716,334.85096153846155,21,-2391.0,19,31,6424.0,True,False,bp,-2.9583333333333335
10781,1218.7591211032102,111,-11,-15,534782,534734,534845,534766,534824,117.91666666666666,58,-977.0,48,63,3942.0,True,False,bp,-2.9583333333333335
10782,451.22540211118684,83,-4,33,534903,534845,534928,534871,534913,71.24375,42,-142.0,58,25,2116.0,False,False,bp,-2.9583333333333335
10783,2327.3608604181322,69,12,13,534969,534928,534997,534951,534975,280.5555555555556,24,-3458.0,41,28,5071.0,False,False,bp,-2.9583333333333335
10784,962.4902477080792,48,8,4,535023,534997,535045,535011,535031,117.72916666666666,20,-366.0,26,22,2441.0,False,False,bp,-2.9583333333333335
10785,137.4901728655581,68,-20,14,535086,535045,535113,535059,535098,20.125,39,-341.0,41,27,380.0,False,False,bp,-2.9583333333333335
10786,928.2872593261467,49,1,-17,535129,535113,535162,535117,535142,109.08974358974359,25,-1324.0,16,33,4019.0,False,False,bp,-2.9583333333333335
10787,970.1369014159084,64,-17,-16,535186,535162,535226,535168,535208,69.73484848484848,40,19.0,24,40,2951.0,True,True,bp,-2.9583333333333335
10788,1238.3279499774915,51,24,-5,535249,535226,535277,535231,535259,114.15,28,170.0,23,28,2860.0,True,True,bp,-2.9583333333333335
10789,1166.7921208688813,67,1,17,535319,535277,535344,535311,535337,171.30555555555554,26,-983.0,42,25,2756.0,True,True,bp,-2.9583333333333335
10790,676.8679777172176,84,-42,0,535386,535344,535428,535364,535422,58.506313131313135,58,-690.0,42,42,3690.0,True,False,bp,-2.9583333333333335
10791,1435.490838617195,49,-5,1,535453,535428,535477,535438,535469,102.71875,31,-619.0,25,24,3164.0,True,False,bp,-2.9583333333333335
10792,531.2928656743621,51,2,11,535508,535477,535528,535495,535516,77.92788461538461,21,427.0,31,20,783.0,False,False,bp,-2.9583333333333335
10793,536.9501347662462,48,-3,0,535552,535528,535576,535539,535561,86.21794871794874,22,-1054.0,24,24,1342.0,False,False,bp,-2.9583333333333335
10794,283.60981491057527,39,4,-19,535586,535576,535615,535580,535597,106.74242424242424,17,-949.0,10,29,1362.0,False,False,bp,-2.9583333333333335
10795,159.43549475754506,35,6,-27,535619,535615,535650,535618,535632,103.53846153846158,14,233.0,4,31,2445.0,False,False,bp,-2.9583333333333335
10796,442.26447918875084,32,16,6,535669,535650,535682,535652,535674,96.05882352941177,22,1451.0,19,13,1510.0,False,False,bp,-2.9583333333333335
10797,871.9834321775252,80,-10,18,535731,535682,535762,535712,535745,125.1654135338346,33,-1974.0,49,31,2017.0,False,False,bp,-2.9583333333333335
10798,1290.3058600212532,49,17,-1,535786,535762,535811,535768,535792,199.47222222222226,24,-3008.0,24,25,4149.0,True,True,bp,-2.9583333333333335
10799,1079.3026493138098,71,7,3,535848,535811,535882,535833,535863,112.03333333333332,30,-1740.0,37,34,2768.0,True,True,bp,-2.9583333333333335
10800,1103.265344285044,61,-13,13,535919,535882,535943,535900,535937,75.04093567251464,37,-3322.0,37,24,1636.0,False,False,bp,-2.9583333333333335
10801,494.6224245394453,52,12,2,535970,535943,535995,535961,535983,106.14102564102564,22,-4576.0,27,25,1090.0,False,False,bp,-2.9583333333333335
10802,428.4227989288874,50,1,32,536036,535995,536045,536017,536040,147.28947368421052,23,-5211.0,41,9,2330.0,True,False,bp,-2.9583333333333335
10803,137.9510886828014,33,26,15,536069,536045,536078,536064,536072,195.0,8,-4625.0,24,9,1479.0,False,False,bp,-2.9583333333333335
10804,673.3987238188132,66,16,18,536120,536078,536144,536106,536123,277.9761904761905,17,-6920.0,42,24,2837.0,False,False,bp,-2.9583333333333335
10805,676.8412298073342,50,2,2,536170,536144,536194,536156,536175,171.13571428571427,19,-6138.0,26,24,2716.0,False,False,bp,-2.9583333333333335
10806,199.83401044116474,51,8,-39,536200,536194,536245,536196,536222,92.0681818181818,26,-4398.0,6,45,1917.0,False,False,bp,-2.9583333333333335
10807,432.6534173498905,50,-5,0,536270,536245,536295,536256,536280,72.89285714285714,24,-4175.0,25,25,2091.0,True,False,bp,-2.9583333333333335
10808,541.7426086017739,49,4,-31,536304,536295,536344,536299,536325,112.31904761904762,26,-3299.0,9,40,3682.0,False,False,bp,-2.9583333333333335
10809,420.49670829247145,50,7,2,536370,536344,536394,536355,536382,51.71666666666667,27,-816.0,26,24,1673.0,False,False,bp,-2.9583333333333335
10810,585.3907598974557,50,-9,26,536432,536394,536444,536416,536438,84.5,22,-1639.0,38,12,1195.0,False,False,bp,-2.9583333333333335
10811,172.41807109575646,33,3,-15,536453,536444,536477,536451,536472,140.55263157894734,21,-1249.0,9,24,1820.0,False,False,bp,-2.9583333333333335
10812,329.1907229637785,83,-12,5,536521,536477,536560,536496,536536,39.193333333333335,40,-868.0,44,39,1442.0,True,False,bp,-2.9583333333333335
10813,589.6661324576071,83,-31,21,534219,534167,534250,534180,534233,65.81135531135531,53,-851.0,52,31,2823.0,True,False,bp,-2.9583333333333335
10814,326.49391984394805,28,-10,-10,534259,534250,534278,534255,534274,136.8,19,555.0,9,19,2170.0,True,False,bp,-2.9583333333333335
10815,167.72783866684867,49,10,-19,534293,534278,534327,534283,534311,52.89444444444445,28,1364.0,15,34,1068.0,False,False,bp,-2.9583333333333335
10816,335.9852563537812,57,-7,25,534368,534327,534384,534349,534373,113.85789473684211,24,238.0,41,16,1766.0,False,False,bp,-2.9583333333333335
10817,396.1808445830247,44,-5,-16,534398,534384,534428,534390,534412,92.83035714285714,22,139.0,14,30,1045.0,False,False,bp,-2.9583333333333335
10818,139.7532800188079,16,1,8,534440,534428,534444,534429,534442,63.36363636363636,13,771.0,12,4,513.0,False,False,bp,-2.9583333333333335
10819,345.06468735450613,52,26,0,534470,534444,534496,534456,534481,82.20454545454545,25,-390.0,26,26,2288.0,False,False,bp,-2.9583333333333335
10820,1461.7491136398926,84,12,-2,534537,534496,534580,534532,534559,190.85909090909092,27,-748.0,41,43,5409.0,False,False,bp,-2.9583333333333335
10821,901.7964848722172,92,-32,22,534637,534580,534672,534598,534655,76.52350427350427,57,-371.0,57,35,3194.0,True,True,bp,-2.9583333333333335
10822,538.7567574544487,90,-12,10,534722,534672,534762,534680,534745,45.6583850931677,65,-498.0,50,40,1570.0,False,False,bp,-2.9583333333333335
10823,1021.2281013116024,82,29,2,534804,534762,534844,534798,534820,164.16666666666669,22,-1529.0,42,40,3358.0,True,True,bp,-2.9583333333333335
10824,685.2967676595476,84,-3,0,534886,534844,534928,534871,534904,84.03888888888889,33,-1037.0,42,42,3735.0,True,True,bp,-2.9583333333333335
10825,966.750432867982,35,1,13,534952,534928,534963,534934,534956,91.0,22,-846.0,24,11,934.0,False,False,bp,-2.9583333333333335
10826,471.17081982555254,81,2,-5,535001,534963,535044,534979,535014,70.95454545454545,35,-2201.0,38,43,2847.0,False,False,bp,-2.9583333333333335
10827,492.1642328679029,33,22,-5,535058,535044,535077,535051,535066,126.125,15,-613.0,14,19,2414.0,False,False,bp,-2.9583333333333335
10828,1094.558733937855,67,6,29,535125,535077,535144,535103,535137,89.25757575757574,34,-1140.0,48,19,3488.0,True,False,bp,-2.9583333333333335
10829,897.6130033111365,88,4,-6,535185,535144,535232,535177,535208,138.08423913043478,31,-831.0,41,47,3514.0,True,True,bp,-2.9583333333333335
10830,775.3825973278864,68,42,-28,535252,535232,535300,535243,535265,94.33333333333334,22,136.0,20,48,1835.0,True,True,bp,-2.9583333333333335
10831,823.0521472587873,78,4,-12,535333,535300,535378,535329,535355,230.20454545454544,26,-510.0,33,45,3287.0,True,True,bp,-2.9583333333333335
10832,1062.3034672438491,65,-15,-21,535400,535378,535443,535385,535423,92.9304347826087,38,113.0,22,43,3854.0,True,True,bp,-2.9583333333333335
10833,1014.5792773985753,51,-2,-31,535453,535443,535494,535446,535477,159.56547619047618,31,1095.0,10,41,1779.0,True,True,bp,-2.9583333333333335
10834,904.0862617610272,49,5,3,535520,535494,535543,535506,535525,124.42857142857143,19,-324.0,26,23,2356.0,True,False,bp,-2.9583333333333335
10835,423.76246059585367,34,26,-14,535553,535543,535577,535549,535556,294.04166666666663,7,-243.0,10,24,1680.0,True,True,bp,-2.9583333333333335
10836,363.12982053747965,51,-10,1,535603,535577,535628,535589,535616,98.30769230769229,27,-377.0,26,25,1528.0,True,True,bp,-2.9583333333333335
10837,528.6259558433019,38,34,10,535652,535628,535666,535633,535658,78.03508771929825,25,-201.0,24,14,1707.0,False,False,bp,-2.9583333333333335
10838,983.3331513836148,95,14,45,535736,535666,535761,535717,535741,224.06842105263158,24,-2953.0,70,25,3216.0,False,False,bp,-2.9583333333333335
10839,1042.1725975525037,67,16,-17,535786,535761,535828,535779,535798,193.8392857142857,19,-2519.0,25,42,4588.0,True,True,bp,-2.9583333333333335
10840,941.4535330659323,51,-20,-1,535853,535828,535879,535833,535868,70.41666666666666,35,-305.0,25,26,2229.0,True,False,bp,-2.9583333333333335
10841,383.9552003108896,30,3,-14,535887,535879,535909,535883,535899,182.91666666666663,16,124.0,8,22,2108.0,False,False,bp,-2.9583333333333335
10842,1322.6722720496914,46,9,10,535937,535909,535955,535918,535941,203.78947368421046,23,-2249.0,28,18,2465.0,False,False,bp,-2.9583333333333335
10843,319.13652217308135,59,10,3,535986,535955,536014,535973,535999,98.53846153846158,26,-1854.0,31,28,2783.0,True,False,bp,-2.9583333333333335
10844,176.63650483378228,84,-23,28,536070,536014,536098,536035,536083,16.3989010989011,48,-963.0,56,28,676.0,False,False,bp,-2.9583333333333335
10845,655.6557906258031,36,12,8,536120,536098,536134,536108,536124,224.54166666666669,16,-3740.0,22,14,2683.0,False,False,bp,-2.9583333333333335
10846,339.16371883859375,60,16,14,536171,536134,536194,536152,536176,65.8157894736842,24,-2524.0,37,23,1378.0,False,False,bp,-2.9583333333333335
10847,214.3900165993692,104,-14,4,536248,536194,536298,536216,536272,45.10416666666667,56,-4052.0,54,50,2299.0,False,False,bp,-2.9583333333333335
10848,746.1422199374208,50,7,-8,536319,536298,536348,536314,536332,123.34615384615385,18,-3288.0,21,29,3462.0,False,False,bp,-2.9583333333333335
10849,516.0975056525483,40,-4,2,536369,536348,536388,536357,536379,92.68333333333334,22,-2092.0,21,19,753.0,False,False,bp,-2.9583333333333335
10850,537.1983411219567,40,6,-12,536402,536388,536428,536397,536416,92.75714285714287,19,-2351.0,14,26,1741.0,True,False,bp,-2.9583333333333335
10851,686.8047781720051,49,-12,13,536459,536428,536477,536441,536469,32.438888888888876,28,-3848.0,31,18,1510.0,False,False,bp,-2.9583333333333335
10852,241.0737788369234,46,5,4,536502,536477,536523,536485,536505,162.13725490196074,20,-4188.0,25,21,2116.0,True,True,bp,-2.9583333333333335
10853,644.9745962622578,51,9,-25,536536,536523,536574,536530,536549,112.47435897435898,19,-3375.0,13,38,3363.0,False,False,bp,-2.9583333333333335
10854,1377.3187627511004,66,-9,-14,537987,537961,538027,537967,538005,90.22222222222223,38,1245.0,26,40,2661.0,True,True,bp,-1.1176470588235294
10855,904.1498129731236,53,-18,5,538056,538027,538080,538034,538072,73.51420454545455,38,933.0,29,24,2318.0,True,True,bp,-1.1176470588235294
10856,640.1024484033177,81,18,-35,538103,538080,538161,538092,538126,83.43675889328063,34,1664.0,23,58,2149.0,True,False,bp,-1.1176470588235294
10857,1243.4876502226398,50,31,0,538186,538161,538211,538178,538197,150.51704545454544,19,1325.0,25,25,3004.0,False,False,bp,-1.1176470588235294
10858,3467.823727410438,84,16,32,538269,538211,538295,538247,538277,361.5284090909091,30,-4884.0,58,26,8019.0,False,False,bp,-1.1176470588235294
10859,2661.1221948157136,82,9,2,538337,538295,538377,538323,538354,203.75,31,-2646.0,42,40,6461.0,True,True,bp,-1.1176470588235294
10860,1079.689069632767,68,-20,18,538420,538377,538445,538394,538431,147.96853146853147,37,-1516.0,43,25,4269.0,False,False,bp,-1.1176470588235294
10861,595.8680909842609,49,-2,-1,538469,538445,538494,538448,538482,57.73443223443224,34,758.0,24,25,1656.0,False,False,bp,-1.1176470588235294
10862,1384.6234823452605,66,23,-12,538521,538494,538560,538514,538539,170.35714285714286,25,-982.0,27,39,3238.0,False,False,bp,-1.1176470588235294
10863,1472.2034311312811,82,26,2,538602,538560,538642,538587,538608,250.61666666666667,21,-1443.0,42,40,5266.0,True,True,bp,-1.1176470588235294
10864,1064.4852345854815,56,12,30,538685,538642,538698,538655,538691,106.28333333333332,36,698.0,43,13,2139.0,False,False,bp,-1.1176470588235294
10865,996.6196873183158,100,-18,42,538769,538698,538798,538739,538786,79.08823529411767,47,-1778.0,71,29,3244.0,False,False,bp,-1.1176470588235294
10866,1090.3176418258445,63,12,-21,538819,538798,538861,538815,538842,195.90217391304347,27,-1107.0,21,42,3203.0,True,True,bp,-1.1176470588235294
10867,1301.80403665261,73,4,9,538902,538861,538934,538881,538920,76.67857142857143,39,-1365.0,41,32,2860.0,True,True,bp,-1.1176470588235294
10868,2034.0451989594567,76,-2,2,538973,538934,539010,538963,538993,194.975,30,-3509.0,39,37,5401.0,True,True,bp,-1.1176470588235294
10869,1374.1952542740935,66,14,-14,539036,539010,539076,539021,539052,95.04375,31,-1123.0,26,40,2804.0,True,True,bp,-1.1176470588235294
10870,1483.6438374301806,68,6,16,539118,539076,539144,539097,539124,164.20238095238096,27,-2204.0,42,26,3503.0,True,True,bp,-1.1176470588235294
10871,1459.4282597757638,67,-2,17,539186,539144,539211,539157,539191,207.56551724137933,34,-2849.0,42,25,3963.0,False,False,bp,-1.1176470588235294
10872,615.6945437014604,50,6,0,539236,539211,539261,539223,539249,63.615384615384606,26,-483.0,25,25,1960.0,False,False,bp,-1.1176470588235294
10873,576.7512271115789,65,-9,19,539303,539261,539326,539281,539314,83.79545454545453,33,-1459.0,42,23,2032.0,True,True,bp,-1.1176470588235294
10874,1584.8346371543194,62,5,-8,539353,539326,539388,539338,539366,152.25384615384615,28,-2650.0,27,35,5232.0,True,True,bp,-1.1176470588235294
10875,1571.633381556828,56,12,8,539420,539388,539444,539399,539430,158.28333333333333,31,-2271.0,32,24,2312.0,False,False,bp,-1.1176470588235294
10876,384.95954812625223,83,7,1,539486,539444,539527,539473,539506,63.9173076923077,33,-2683.0,42,41,2949.0,True,True,bp,-1.1176470588235294
10877,951.791390721398,67,33,-5,539558,539527,539594,539546,539564,138.54166666666666,18,-2184.0,31,36,1922.0,True,True,bp,-1.1176470588235294
10878,575.0493514609575,49,8,23,539630,539594,539643,539615,539636,93.15,21,-2758.0,36,13,1319.0,False,False,bp,-1.1176470588235294
10879,635.5071623594159,68,-7,18,539686,539643,539711,539665,539703,54.147058823529406,38,-4139.0,43,25,2122.0,False,False,bp,-1.1176470588235294
10880,509.11862984459844,99,5,-15,539753,539711,539810,539734,539771,87.95906432748536,37,-5244.0,42,57,3543.0,False,False,bp,-1.1176470588235294
10881,384.9192899004088,44,36,-30,539817,539810,539854,539813,539841,95.10416666666669,28,-2820.0,7,37,2165.0,False,False,bp,-1.1176470588235294
10882,311.7964937273898,73,-1,57,539919,539854,539927,539905,539922,162.07142857142856,17,-2906.0,65,8,1546.0,True,False,bp,-1.1176470588235294
10883,49.97034184150336,34,-13,8,539948,539927,539961,539938,539958,46.85,20,-2378.0,21,13,1537.0,True,False,bp,-1.1176470588235294
10884,122.51684840300202,33,34,-17,539969,539961,539994,539965,539980,173.4431818181818,15,-2643.0,8,25,2225.0,True,False,bp,-1.1176470588235294
10885,377.6927223343709,63,4,51,540051,539994,540057,540029,540054,81.93181818181819,25,-2929.0,57,6,1347.0,False,False,bp,-1.1176470588235294
10886,818.4829961184872,72,-3,28,540107,540057,540129,540083,540123,80.70833333333334,40,-5565.0,50,22,2120.0,False,False,bp,-1.1176470588235294
10887,723.421110350707,64,-17,16,540169,540129,540193,540160,540186,143.65032679738562,26,-7045.0,40,24,3217.0,True,False,bp,-1.1176470588235294
10888,1961.6704199290687,50,-5,6,537989,537961,538011,537973,538003,145.81696428571428,30,-2799.0,28,22,3856.0,True,True,bp,-1.1176470588235294
10889,1515.7604546354125,67,-16,-17,538036,538011,538078,538028,538065,118.02370689655173,37,-897.0,25,42,5861.0,False,False,bp,-1.1176470588235294
10890,2319.519700219988,49,-8,-9,538098,538078,538127,538086,538121,173.7427536231884,35,-1312.0,20,29,2715.0,False,False,bp,-1.1176470588235294
10891,672.9543944894348,84,2,-32,538153,538127,538211,538148,538189,158.99722222222226,41,-1212.0,26,58,2846.0,True,False,bp,-1.1176470588235294
10892,1839.682594586924,82,5,2,538253,538211,538293,538232,538266,162.42490842490844,34,-2735.0,42,40,5661.0,True,True,bp,-1.1176470588235294
10893,1878.491470991196,51,13,1,538319,538293,538344,538305,538328,192.5515873015873,23,-1331.0,26,25,4246.0,True,True,bp,-1.1176470588235294
10894,2430.689241037286,72,19,-12,538374,538344,538416,538364,538387,243.4653846153846,23,-2720.0,30,42,5391.0,True,True,bp,-1.1176470588235294
10895,2665.8034944606584,77,15,-5,538452,538416,538493,538429,538461,226.15700483091788,32,-3602.0,36,41,5429.0,True,True,bp,-1.1176470588235294
10896,1036.5348483128882,85,-9,3,538537,538493,538578,538508,538553,91.89008620689656,45,-3501.0,44,41,3249.0,False,False,bp,-1.1176470588235294
10897,388.90237255438797,82,-26,-26,538606,538578,538660,538589,538641,37.81680672268907,52,-1392.0,28,54,3332.0,False,False,bp,-1.1176470588235294
10898,1120.1973519766987,51,-13,-1,538685,538660,538711,538667,538705,84.56944444444444,38,-1015.0,25,26,3263.0,True,True,bp,-1.1176470588235294
10899,1040.4851169681583,50,-3,20,538746,538711,538761,538730,538756,103.61875,26,-1801.0,35,15,1482.0,False,False,bp,-1.1176470588235294
10900,1211.0301257999145,50,3,0,538786,538761,538811,538779,538803,153.44957983193277,24,-3232.0,25,25,3552.0,True,True,bp,-1.1176470588235294
10901,433.88427021072573,40,20,10,538836,538811,538851,538830,538841,155.21666666666667,11,-1642.0,25,15,1468.0,False,False,bp,-1.1176470588235294
10902,1191.2732088180635,72,14,-2,538886,538851,538923,538872,538898,141.98214285714286,26,-3235.0,35,37,3529.0,False,False,bp,-1.1176470588235294
10903,1030.1213954830953,72,-20,18,538968,538923,538995,538938,538985,83.91078431372549,47,-3000.0,45,27,3985.0,True,True,bp,-1.1176470588235294
10904,1558.295342661528,62,26,-6,539023,538995,539057,539012,539029,236.90151515151518,17,-3037.0,28,34,3148.0,True,True,bp,-1.1176470588235294
10905,526.4141286305191,54,5,2,539085,539057,539111,539072,539097,107.68589743589745,25,-2330.0,28,26,2199.0,True,True,bp,-1.1176470588235294
10906,794.6339207458403,49,-1,-3,539134,539111,539160,539127,539147,142.01098901098905,20,-1918.0,23,26,3053.0,True,True,bp,-1.1176470588235294
10907,871.8517827657436,34,6,18,539186,539160,539194,539166,539188,159.075,22,-2201.0,26,8,1269.0,False,False,bp,-1.1176470588235294
10908,471.2710077755708,83,0,-23,539224,539194,539277,539216,539250,76.16346153846155,34,-2613.0,30,53,4140.0,False,False,bp,-1.1176470588235294
10909,1191.9442799181008,50,13,2,539303,539277,539327,539284,539307,169.98684210526315,23,-1561.0,26,24,2270.0,True,True,bp,-1.1176470588235294
10910,720.0246827618562,50,3,2,539353,539327,539377,539343,539363,147.35,20,-2675.0,26,24,2024.0,False,False,bp,-1.1176470588235294
10911,818.4797618481873,51,7,-1,539402,539377,539428,539386,539414,82.53125,28,-1227.0,25,26,4025.0,False,False,bp,-1.1176470588235294
10912,1847.6336763145773,65,15,3,539462,539428,539493,539449,539473,153.1853146853147,24,-2026.0,34,31,2692.0,True,True,bp,-1.1176470588235294
10913,323.82704126414444,55,-11,29,539535,539493,539548,539512,539540,100.97826086956522,28,-2196.0,42,13,1418.0,False,False,bp,-1.1176470588235294
10914,338.4142902316798,74,11,-32,539569,539548,539622,539557,539587,84.31944444444444,30,-1878.0,21,53,3668.0,False,False,bp,-1.1176470588235294
10915,122.16390942719364,55,6,-31,539634,539622,539677,539628,539656,114.78787878787878,28,192.0,12,43,1113.0,False,False,bp,-1.1176470588235294
10916,467.8356534006645,34,-2,18,539703,539677,539711,539690,539708,112.3846153846154,18,-1229.0,26,8,1619.0,False,False,bp,-1.1176470588235294
10917,354.170265589523,98,-35,-16,539752,539711,539809,539724,539786,47.41071428571429,62,-1761.0,41,57,3929.0,True,False,bp,-1.1176470588235294
10918,461.940405657161,51,-3,5,539837,539809,539860,539813,539848,36.78977272727273,35,-311.0,28,23,1037.0,False,False,bp,-1.1176470588235294
10919,767.6416048885832,65,11,-13,539886,539860,539925,539880,539900,259.7619047619048,20,-3014.0,26,39,2855.0,False,False,bp,-1.1176470588235294
10920,240.56683264086567,65,11,-45,539935,539925,539990,539931,539959,145.52083333333334,28,-2001.0,10,55,2236.0,True,False,bp,-1.1176470588235294
10921,398.37462769587637,36,3,-12,540002,539990,540026,539998,540012,209.075,14,-1843.0,12,24,1504.0,True,False,bp,-1.1176470588235294
10922,60.31988964202026,34,13,-14,540036,540026,540060,540029,540044,69.05357142857143,15,-1341.0,10,24,884.0,False,False,bp,-1.1176470588235294
10923,227.68945489673146,35,-6,15,540085,540060,540095,540072,540090,139.14615384615385,18,-2834.0,25,10,2003.0,False,False,bp,-1.1176470588235294
10924,466.23783344644613,53,-2,-5,540119,540095,540148,540102,540131,47.94607843137257,29,-3145.0,24,29,1794.0,True,True,bp,-1.1176470588235294
10925,344.85226156038397,61,-1,-17,540170,540148,540209,540158,540187,65.90441176470588,29,-3383.0,22,39,2318.0,True,True,bp,-1.1176470588235294
10926,801.7769508900109,51,-11,1,541803,541777,541828,541781,541814,84.47727272727272,33,249.0,26,25,2313.0,True,True,bp,-2.2142857142857144
10927,1430.6896242183664,46,8,4,541853,541828,541874,541836,541858,211.63529411764702,22,-1431.0,25,21,3320.0,True,False,bp,-2.2142857142857144
10928,606.216588391972,99,5,-17,541915,541874,541973,541888,541932,59.45642701525055,44,94.0,41,58,3465.0,False,False,bp,-2.2142857142857144
10929,622.545478767074,37,-10,-11,541986,541973,542010,541981,542004,103.84444444444445,23,2094.0,13,24,1830.0,False,False,bp,-2.2142857142857144
10930,443.2899373747706,34,8,8,542031,542010,542044,542017,542036,93.60714285714286,19,1686.0,21,13,1357.0,False,False,bp,-2.2142857142857144
10931,2629.8577123719133,62,12,-2,542074,542044,542106,542063,542091,192.36631016042784,28,-1408.0,30,32,5947.0,False,False,bp,-2.2142857142857144
10932,2904.3181342682783,88,-8,10,542155,542106,542194,542131,542172,235.8272058823529,41,-4556.0,49,39,9589.0,False,False,bp,-2.2142857142857144
10933,407.1334833893121,67,-34,51,542253,542194,542261,542205,542259,15.822916666666668,54,2882.0,59,8,171.0,False,False,bp,-2.2142857142857144
10934,674.9511952054752,49,27,-1,542285,542261,542310,542279,542298,155.76923076923075,19,309.0,24,25,2106.0,False,False,bp,-2.2142857142857144
10935,1179.3338929257382,83,31,1,542352,542310,542393,542344,542364,185.97916666666669,20,-1269.0,42,41,3350.0,True,False,bp,-2.2142857142857144
10936,345.37387883326625,83,6,1,542435,542393,542476,542415,542449,36.20357142857143,34,-679.0,42,41,1356.0,False,False,bp,-2.2142857142857144
10937,676.33637385888,52,12,0,542502,542476,542528,542489,542505,242.83333333333331,16,-786.0,26,26,3085.0,False,False,bp,-2.2142857142857144
10938,424.17357046082464,32,10,-18,542535,542528,542560,542533,542548,220.11538461538458,15,959.0,7,25,1802.0,False,False,bp,-2.2142857142857144
10939,358.6218209225857,50,-2,2,542586,542560,542610,542573,542598,67.99038461538461,25,965.0,26,24,1472.0,True,True,bp,-2.2142857142857144
10940,112.61393901392138,67,-25,17,542652,542610,542677,542621,542664,39.07258064516129,43,-120.0,42,25,1389.0,True,False,bp,-2.2142857142857144
10941,204.91722850358462,33,11,-17,542685,542677,542710,542682,542697,178.20833333333337,15,24.0,8,25,2072.0,True,False,bp,-2.2142857142857144
10942,357.111932427592,34,22,14,542734,542710,542744,542723,542740,86.53787878787878,17,870.0,24,10,1805.0,True,False,bp,-2.2142857142857144
10943,802.0611885876283,83,18,3,542787,542744,542827,542779,542804,104.65441176470587,25,686.0,43,40,2661.0,True,False,bp,-2.2142857142857144
10944,894.284234242112,67,-26,21,542871,542827,542894,542847,542887,58.30208333333334,40,-103.0,44,23,1731.0,False,False,bp,-2.2142857142857144
10945,1314.9523861631938,62,-10,12,542931,542894,542956,542901,542941,103.01666666666668,40,-2013.0,37,25,3085.0,False,False,bp,-2.2142857142857144
10946,608.4023362099006,55,12,5,542986,542956,543011,542971,542998,56.975,27,-865.0,30,25,2186.0,True,False,bp,-2.2142857142857144
10947,275.46967521840884,116,-30,0,543069,543011,543127,543037,543099,33.090625,62,-1226.0,58,58,3560.0,False,False,bp,-2.2142857142857144
10948,763.3360037121863,48,1,-30,543136,543127,543175,543131,543159,99.4391304347826,28,1146.0,9,39,2993.0,False,False,bp,-2.2142857142857144
10949,651.4563579367015,52,30,2,543202,543175,543227,543188,543208,106.88095238095238,20,2008.0,27,25,2053.0,True,True,bp,-2.2142857142857144
10950,1066.185974884727,72,2,44,543285,543227,543299,543258,543289,214.84722222222226,31,198.0,58,14,3536.0,True,True,bp,-2.2142857142857144
10951,1259.0723415649436,62,20,12,543336,543299,543361,543322,543342,179.05952380952382,20,-64.0,37,25,2829.0,True,True,bp,-2.2142857142857144
10952,996.2931483953688,49,2,11,543391,543361,543410,543382,543404,101.20085470085468,22,216.0,30,19,1800.0,True,True,bp,-2.2142857142857144
10953,874.2813761543367,67,2,-17,543435,543410,543477,543428,543455,150.89642857142857,27,-520.0,25,42,3112.0,True,True,bp,-2.2142857142857144
10954,1675.1557463338684,50,-18,12,543508,543477,543527,543484,543521,129.2676282051282,37,-2453.0,31,19,3785.0,False,False,bp,-2.2142857142857144
10955,677.6803183248915,83,-4,-31,543553,543527,543610,543540,543591,59.98582995951417,51,-37.0,26,57,2105.0,False,False,bp,-2.2142857142857144
10956,1571.7505446627,83,-8,11,543657,543610,543693,543638,543673,136.8930921052632,35,-3836.0,47,36,4231.0,False,False,bp,-2.2142857142857144
10957,1407.4454068460932,63,4,-9,543720,543693,543756,543700,543737,82.46029411764707,37,-2576.0,27,36,3262.0,True,True,bp,-2.2142857142857144
10958,977.6025352271234,55,9,9,543788,543756,543811,543778,543800,149.60833333333338,22,-3171.0,32,23,2328.0,True,True,bp,-2.2142857142857144
10959,458.17811132909935,66,-17,16,543852,543811,543877,543831,543864,66.51190476190476,33,-2437.0,41,25,1391.0,True,False,bp,-2.2142857142857144
10960,146.2395610220237,17,6,1,543886,543877,543894,543880,543891,102.55,11,-2508.0,9,8,1195.0,True,False,bp,-2.2142857142857144
10961,617.9589782013422,49,1,7,543922,543894,543943,543908,543931,114.31349206349205,23,-3063.0,28,21,2438.0,True,False,bp,-2.2142857142857144
10962,402.1705585596319,50,-21,24,543980,543943,543993,543955,543987,55.30857142857143,32,-2189.0,37,13,1165.0,True,False,bp,-2.2142857142857144
10963,339.8920713368741,80,10,-60,544003,543993,544073,543998,544037,131.6764705882353,39,-2770.0,10,70,4175.0,False,False,bp,-2.2142857142857144
10964,470.3055673177796,54,-29,6,544103,544073,544127,544086,544123,30.05588235294117,37,-296.0,30,24,1883.0,False,False,bp,-2.2142857142857144
10965,263.50351259268984,33,27,-15,544136,544127,544160,544131,544144,208.6875,13,-933.0,9,24,1691.0,False,False,bp,-2.2142857142857144
10966,661.596457367407,67,-12,25,544206,544160,544227,544184,544218,53.79166666666666,34,-2958.0,46,21,1235.0,False,False,bp,-2.2142857142857144
10967,1055.5629940649285,49,-24,5,544254,544227,544276,544240,544272,118.82142857142857,32,-5683.0,27,22,2473.0,False,False,bp,-2.2142857142857144
10968,678.0879734681031,52,-19,-2,544301,544276,544328,544280,544318,88.2016806722689,38,-5350.0,25,27,3954.0,False,False,bp,-2.2142857142857144
10969,417.0532034478436,65,-10,-19,544351,544328,544393,544337,544374,3.2267080745341623,37,-2239.0,23,42,2404.0,False,False,bp,-2.2142857142857144
10970,671.0697905234638,35,25,11,544416,544393,544428,544401,544423,69.30952380952381,22,-1861.0,23,12,1278.0,False,False,bp,-2.2142857142857144
10971,630.7445052611903,77,1,29,544481,544428,544505,544470,544490,124.489898989899,20,-3280.0,53,24,2286.0,False,False,bp,-2.2142857142857144
10972,523.7672078779339,55,14,-29,544518,544505,544560,544511,544530,154.66071428571428,19,-2492.0,13,42,3813.0,False,False,bp,-2.2142857142857144
10973,656.1885754499405,33,26,-17,544568,544560,544593,544563,544574,198.03333333333333,11,-973.0,8,25,1956.0,True,True,bp,-2.2142857142857144
10974,1679.6059463616684,53,4,-27,541786,541773,541826,541780,541805,166.51315789473685,25,-1616.0,13,40,4595.0,True,True,bp,-2.2142857142857144
10975,3132.9146856320563,52,13,-12,541846,541826,541878,541834,541858,288.8333333333333,24,-2880.0,20,32,6911.0,True,True,bp,-2.2142857142857144
10976,3797.2518075021917,66,22,-10,541906,541878,541944,541895,541922,315.1505681818182,27,-3817.0,28,38,7776.0,True,True,bp,-2.2142857142857144
10977,5065.945752765846,78,17,4,541985,541944,542022,541971,541994,487.19841269841277,23,-6640.0,41,37,10815.0,True,True,bp,-2.2142857142857144
10978,3946.1942536631,59,18,1,542052,542022,542081,542034,542067,255.82777777777775,33,-4435.0,30,29,7702.0,True,True,bp,-2.2142857142857144
10979,3119.532696676385,80,10,16,542129,542081,542161,542118,542142,305.6923076923077,24,-3782.0,48,32,7640.0,False,False,bp,-2.2142857142857144
10980,1243.87411186514,55,33,-5,542186,542161,542216,542176,542197,162.57727272727269,21,1176.0,25,30,3436.0,False,False,bp,-2.2142857142857144
10981,785.4365927367795,91,5,15,542269,542216,542307,542251,542281,60.13888888888889,30,398.0,53,38,1600.0,False,False,bp,-2.2142857142857144
10982,1504.760540954383,37,2,9,542330,542307,542344,542316,542338,135.05357142857144,22,-1355.0,23,14,2896.0,False,False,bp,-2.2142857142857144
10983,1014.0309587315494,67,19,-15,542370,542344,542411,542362,542381,142.125,19,-867.0,26,41,2937.0,True,False,bp,-2.2142857142857144
10984,1254.9025461933445,50,-11,0,542436,542411,542461,542419,542454,84.56209150326795,35,-151.0,25,25,3689.0,True,True,bp,-2.2142857142857144
10985,900.4009767699325,40,4,10,542486,542461,542501,542478,542492,151.66666666666666,14,372.0,25,15,1262.0,False,False,bp,-2.2142857142857144
10986,169.34020688115538,43,21,-7,542519,542501,542544,542510,542530,26.560606060606066,20,524.0,18,25,1213.0,True,False,bp,-2.2142857142857144
10987,135.39128053355344,50,-2,32,542585,542544,542594,542571,542589,171.17857142857144,18,-523.0,41,9,2136.0,True,False,bp,-2.2142857142857144
10988,100.14988554035013,33,-3,13,542617,542594,542627,542605,542621,84.95833333333334,16,-290.0,23,10,1099.0,True,False,bp,-2.2142857142857144
10989,220.3852699272605,37,-5,-19,542636,542627,542664,542634,542657,151.4047619047619,23,-220.0,9,28,1201.0,True,False,bp,-2.2142857142857144
10990,782.1950787304975,47,16,-3,542686,542664,542711,542675,542691,163.23636363636362,16,-419.0,22,25,3130.0,False,False,bp,-2.2142857142857144
10991,766.1650841542614,53,-11,-7,542734,542711,542764,542723,542756,62.86363636363636,33,232.0,23,30,2062.0,True,True,bp,-2.2142857142857144
10992,579.6002835932858,61,18,-17,542786,542764,542825,542778,542799,122.0721153846154,21,-307.0,22,39,2806.0,True,True,bp,-2.2142857142857144
10993,768.6893989150916,70,-2,16,542868,542825,542895,542838,542874,108.98333333333332,36,-463.0,43,27,2219.0,True,True,bp,-2.2142857142857144
10994,618.2600307022366,65,-28,-17,542919,542895,542960,542908,542952,78.74242424242425,44,-355.0,24,41,2935.0,True,True,bp,-2.2142857142857144
10995,1298.112323803381,51,8,-1,542985,542960,543011,542968,542991,175.5392156862745,23,-1530.0,25,26,2962.0,True,True,bp,-2.2142857142857144
10996,627.4794211870851,82,-27,24,543064,543011,543093,543022,543073,117.1904761904762,51,-2025.0,53,29,3815.0,True,False,bp,-2.2142857142857144
10997,715.1509233197162,30,14,-12,543102,543093,543123,543097,543106,279.65,9,-1117.0,9,21,1944.0,True,False,bp,-2.2142857142857144
10998,704.4125536350213,52,-4,-26,543136,543123,543175,543129,543158,96.52922077922076,29,-865.0,13,39,2947.0,True,False,bp,-2.2142857142857144
10999,673.6391627413575,51,1,-29,543186,543175,543226,543183,543213,191.1296296296296,30,103.0,11,40,1588.0,True,True,bp,-2.2142857142857144
11000,585.3929813530367,68,-16,-12,543254,543226,543294,543244,543287,81.6030303030303,43,-713.0,28,40,2702.0,True,True,bp,-2.2142857142857144
11001,1291.0321142660755,82,22,-22,543324,543294,543376,543314,543339,145.89999999999995,25,-744.0,30,52,4183.0,True,True,bp,-2.2142857142857144
11002,2846.6035734859033,50,5,-4,543399,543376,543426,543386,543410,260.96503496503504,24,-2232.0,23,27,6428.0,True,True,bp,-2.2142857142857144
11003,3174.902482756547,52,21,-2,543451,543426,543478,543439,543464,274.7179487179488,25,-3485.0,25,27,6189.0,True,True,bp,-2.2142857142857144
11004,1710.8351124209362,67,-1,11,543517,543478,543545,543510,543537,205.58214285714286,27,-1908.0,39,28,3341.0,True,True,bp,-2.2142857142857144
11005,1214.672826250746,49,3,7,543573,543545,543594,543563,543585,128.23333333333335,22,-1266.0,28,21,3066.0,True,True,bp,-2.2142857142857144
11006,1124.4336561390662,49,-13,1,543619,543594,543643,543610,543636,131.7516339869281,26,-1450.0,25,24,2933.0,True,True,bp,-2.2142857142857144
11007,1162.7946976335159,50,-3,0,543668,543643,543693,543649,543674,192.8245614035088,25,-1608.0,25,25,3720.0,True,True,bp,-2.2142857142857144
11008,443.4730090941479,31,9,-11,543703,543693,543724,543696,543714,116.33116883116884,18,164.0,10,21,1229.0,True,False,bp,-2.2142857142857144
11009,226.5505178266581,52,-7,6,543753,543724,543776,543741,543764,66.04545454545455,23,-556.0,29,23,1540.0,True,False,bp,-2.2142857142857144
11010,577.1690359578047,52,-11,0,543802,543776,543828,543780,543815,66.94055944055944,35,-1263.0,26,26,2144.0,True,True,bp,-2.2142857142857144
11011,303.19202996946643,49,-24,23,543864,543828,543877,543839,543873,17.64888888888889,34,-355.0,36,13,576.0,False,False,bp,-2.2142857142857144
11012,193.57110470962232,34,-16,10,543899,543877,543911,543883,543908,50.006944444444436,25,-1436.0,22,12,1224.0,False,False,bp,-2.2142857142857144
11013,700.1803660410326,38,2,-16,543922,543911,543949,543917,543938,155.1,21,-2293.0,11,27,2743.0,True,False,bp,-2.2142857142857144
11014,675.1287714463826,44,11,-8,543967,543949,543993,543961,543973,206.25,12,-1610.0,18,26,2969.0,True,True,bp,-2.2142857142857144
11015,953.6242876247534,46,-27,0,544016,543993,544039,543996,544034,77.96388888888889,38,-1642.0,23,23,2471.0,True,True,bp,-2.2142857142857144
11016,223.7660032568227,57,14,-37,544049,544039,544096,544045,544069,163.425,24,-749.0,10,47,3105.0,True,False,bp,-2.2142857142857144
11017,748.7497398612642,53,8,21,544133,544096,544149,544107,544139,97.51923076923076,32,600.0,37,16,1802.0,False,False,bp,-2.2142857142857144
11018,1152.8924648381228,62,-2,42,544201,544149,544211,544179,544207,133.0909090909091,28,-1869.0,52,10,1912.0,False,False,bp,-2.2142857142857144
11019,537.5118088602405,49,-4,35,544253,544211,544260,544233,544255,223.775,22,-3310.0,42,7,1833.0,True,True,bp,-2.2142857142857144
11020,469.14383662453275,39,-5,13,544286,544260,544299,544273,544290,121.9903846153846,17,-3064.0,26,13,2448.0,True,True,bp,-2.2142857142857144
11021,321.1977138411655,34,-1,-14,544309,544299,544333,544302,544325,62.70089285714285,23,-1985.0,10,24,1577.0,True,False,bp,-2.2142857142857144
11022,1341.6106417768328,60,14,-10,544358,544333,544393,544347,544371,133.12937062937064,24,-3234.0,25,35,3525.0,True,False,bp,-2.2142857142857144
11023,505.0214611000988,36,6,16,544419,544393,544429,544409,544421,152.95,12,-2316.0,26,10,731.0,False,False,bp,-2.2142857142857144
11024,266.6525868553904,37,-13,9,544452,544429,544466,544439,544463,38.22377622377623,24,-3078.0,23,14,786.0,False,False,bp,-2.2142857142857144
11025,814.8178790695907,94,-4,-56,544485,544466,544560,544474,544521,110.67929292929293,47,-4435.0,19,75,6748.0,False,False,bp,-2.2142857142857144
11026,283.8042694777972,33,14,-17,544568,544560,544593,544564,544580,202.58333333333331,16,-354.0,8,25,616.0,False,False,bp,-2.2142857142857144
11027,809.9496346570608,50,3,2,544619,544593,544643,544610,544627,149.50694444444446,17,-2495.0,26,24,2130.0,False,False,bp,-2.2142857142857144
11028,1826.9409232498356,69,23,-13,546285,546257,546326,546270,546296,179.79090909090908,26,-1477.0,28,41,4334.0,True,True,bp,-4.2105263157894735
11029,697.3874763149643,100,-14,-16,546368,546326,546426,546345,546396,67.71583850931678,51,-505.0,42,58,3504.0,True,False,bp,-4.2105263157894735
11030,1835.305100145025,51,21,-9,546447,546426,546477,546433,546458,153.51298701298703,25,-779.0,21,30,3600.0,True,False,bp,-4.2105263157894735
11031,1763.4133250973262,83,10,1,546519,546477,546560,546504,546536,179.43529411764706,32,-2328.0,42,41,6374.0,True,True,bp,-4.2105263157894735
11032,1413.3892569232064,67,0,19,546603,546560,546627,546578,546614,130.9,36,-709.0,43,24,4157.0,True,True,bp,-4.2105263157894735
11033,1801.003426901071,66,1,16,546668,546627,546693,546650,546675,213.8809523809524,25,34.0,41,25,4684.0,True,True,bp,-4.2105263157894735
11034,2239.4417206121498,50,3,-4,546716,546693,546743,546701,546724,246.75833333333333,23,-1749.0,23,27,4264.0,True,True,bp,-4.2105263157894735
11035,710.6539510701277,39,16,11,546768,546743,546782,546750,546773,131.81666666666666,23,261.0,25,14,2293.0,False,False,bp,-4.2105263157894735
11036,1780.8303450062142,62,9,14,546820,546782,546844,546812,546834,236.42857142857144,22,-2105.0,38,24,4962.0,False,False,bp,-4.2105263157894735
11037,894.0030321438849,103,-48,47,546919,546844,546947,546865,546936,67.69771241830065,71,360.0,75,28,4765.0,True,False,bp,-4.2105263157894735
11038,2727.1625403077787,47,-11,-3,546969,546947,546994,546959,546987,238.7,28,-2013.0,22,25,3776.0,True,False,bp,-4.2105263157894735
11039,989.5834174963808,49,14,-1,547018,546994,547043,547004,547023,178.84285714285718,19,-2155.0,24,25,2418.0,True,True,bp,-4.2105263157894735
11040,601.7032223347467,79,-6,1,547083,547043,547122,547056,547096,89.05982905982907,40,-1995.0,40,39,2569.0,True,True,bp,-4.2105263157894735
11041,747.3995197063422,55,-28,-27,547136,547122,547177,547130,547170,119.95098039215685,40,-1672.0,14,41,2876.0,False,False,bp,-4.2105263157894735
11042,537.8822344029145,39,11,-1,547196,547177,547216,547182,547206,76.52142857142857,24,135.0,19,20,2537.0,False,False,bp,-4.2105263157894735
11043,3087.3900476444323,60,17,12,547252,547216,547276,547241,547263,290.3636363636364,22,-3525.0,36,24,7220.0,False,False,bp,-4.2105263157894735
11044,1008.3343128313251,70,3,18,547320,547276,547346,547302,547327,148.78571428571428,25,-636.0,44,26,2511.0,True,True,bp,-4.2105263157894735
11045,690.0791763953438,47,23,-3,547368,547346,547393,547355,547380,107.98076923076924,25,330.0,22,25,2954.0,True,True,bp,-4.2105263157894735
11046,471.16218112187653,53,8,31,547435,547393,547446,547428,547440,185.17142857142858,12,190.0,42,11,1736.0,True,False,bp,-4.2105263157894735
11047,340.22446913347335,32,12,12,547468,547446,547478,547460,547471,160.79166666666666,11,-1237.0,22,10,738.0,False,False,bp,-4.2105263157894735
11048,1010.1784966451455,48,15,0,547502,547478,547526,547494,547509,205.76785714285717,15,-2649.0,24,24,3760.0,False,False,bp,-4.2105263157894735
11049,495.4247877060893,35,3,19,547553,547526,547561,547539,547558,52.76428571428572,19,-1592.0,27,8,455.0,False,False,bp,-4.2105263157894735
11050,418.8096088322386,79,-3,-29,547586,547561,547640,547580,547614,125.0238095238095,34,-3447.0,25,54,1405.0,False,False,bp,-4.2105263157894735
11051,363.0171830649832,47,31,-25,547651,547640,547687,547645,547662,111.43939393939394,17,-3130.0,11,36,2002.0,True,False,bp,-4.2105263157894735
11052,873.3610047259958,89,-5,-25,547719,547687,547776,547710,547748,129.59003831417624,38,-4214.0,32,57,3631.0,True,False,bp,-4.2105263157894735
11053,735.8869017391727,50,2,0,547801,547776,547826,547781,547804,164.16666666666666,23,-2546.0,25,25,2201.0,True,False,bp,-4.2105263157894735
11054,441.5899932952086,50,38,-32,547835,547826,547876,547829,547848,127.41666666666669,19,-2162.0,9,41,2155.0,True,False,bp,-4.2105263157894735
11055,596.087496915813,101,-20,-9,547922,547876,547977,547905,547954,40.42463235294117,49,-3043.0,46,55,2434.0,True,False,bp,-4.2105263157894735
11056,558.4115809097099,38,3,0,547996,547977,548015,547983,548006,76.90769230769232,23,-2282.0,19,19,1762.0,True,False,bp,-4.2105263157894735
11057,327.79526748388906,61,-12,21,548056,548015,548076,548032,548066,93.5375,34,-2123.0,41,20,2553.0,True,False,bp,-4.2105263157894735
11058,311.6943331335649,34,1,14,548100,548076,548110,548088,548104,89.54166666666669,16,-1518.0,24,10,1640.0,True,False,bp,-4.2105263157894735
11059,461.7465468855237,64,-19,18,548151,548110,548174,548121,548161,94.33333333333331,40,-2213.0,41,23,1798.0,True,False,bp,-4.2105263157894735
11060,512.667232529308,48,9,-26,548185,548174,548222,548182,548208,195.3405797101449,26,-2572.0,11,37,753.0,False,False,bp,-4.2105263157894735
11061,1092.6862416239458,54,2,8,548253,548222,548276,548243,548268,166.13333333333333,25,-5403.0,31,23,3500.0,False,False,bp,-4.2105263157894735
11062,350.59801578910395,67,4,-13,548303,548276,548343,548295,548323,80.7,28,-3375.0,27,40,2699.0,False,False,bp,-4.2105263157894735
11063,342.64864186739135,65,6,-17,548367,548343,548408,548355,548391,59.79166666666667,36,-3218.0,24,41,1793.0,True,True,bp,-4.2105263157894735
11064,320.8331941128459,80,5,6,548451,548408,548488,548433,548464,80.2200854700855,31,-3574.0,43,37,2712.0,False,False,bp,-4.2105263157894735
11065,355.8982213413848,40,5,-12,548502,548488,548528,548500,548514,167.45833333333334,14,-1734.0,14,26,2065.0,False,False,bp,-4.2105263157894735
11066,420.4596322133679,31,2,-5,548541,548528,548559,548533,548554,77.62980769230771,21,-1329.0,13,18,1110.0,True,False,bp,-4.2105263157894735
11067,197.9720465751397,52,7,34,548602,548559,548611,548577,548604,129.04,27,-2223.0,43,9,1085.0,True,False,bp,-4.2105263157894735
11068,327.9308329109026,82,-12,-10,548647,548611,548693,548638,548674,58.981481481481474,36,-2918.0,36,46,1636.0,True,False,bp,-4.2105263157894735
11069,943.0153860111675,51,-8,-1,546301,546276,546327,546283,546314,85.17094017094017,31,-610.0,25,26,1947.0,True,True,bp,-4.2105263157894735
11070,1090.834978493824,66,-3,-16,546352,546327,546393,546337,546368,101.9,31,-1684.0,25,41,3872.0,True,True,bp,-4.2105263157894735
11071,1497.8749897828964,51,8,-33,546402,546393,546444,546396,546423,229.01190476190484,27,-1390.0,9,42,2831.0,True,True,bp,-4.2105263157894735
11072,1733.0702239338236,50,5,6,546472,546444,546494,546458,546483,186.45129870129867,25,-2880.0,28,22,4782.0,True,True,bp,-4.2105263157894735
11073,2775.367180637169,61,5,-5,546522,546494,546555,546513,546536,270.2857142857143,23,-3517.0,28,33,6333.0,True,True,bp,-4.2105263157894735
11074,2321.4957220845195,57,13,-19,546574,546555,546612,546564,546590,186.50625,26,-2200.0,19,38,4046.0,True,True,bp,-4.2105263157894735
11075,1624.3555318862948,70,-7,2,546648,546612,546682,546629,546666,110.30555555555556,37,-1042.0,36,34,4854.0,True,True,bp,-4.2105263157894735
11076,2399.228959411669,68,2,6,546719,546682,546750,546696,546726,208.40372670807454,30,-2834.0,37,31,4116.0,True,True,bp,-4.2105263157894735
11077,906.3720101635284,55,30,-23,546766,546750,546805,546758,546771,209.2375,13,-1304.0,16,39,2873.0,True,True,bp,-4.2105263157894735
11078,1049.161789357782,39,5,-9,546820,546805,546844,546814,546838,137.83333333333331,24,-973.0,15,24,2448.0,True,True,bp,-4.2105263157894735
11079,405.1684279483928,49,-1,25,546881,546844,546893,546867,546885,76.28571428571428,18,-249.0,37,12,1019.0,True,False,bp,-4.2105263157894735
11080,857.7889905063847,49,8,-9,546913,546893,546942,546902,546922,109.48484848484848,20,-634.0,20,29,3140.0,False,False,bp,-4.2105263157894735
11081,1668.0962205198512,51,-9,7,546971,546942,546993,546950,546978,175.5,28,-942.0,29,22,3872.0,True,True,bp,-4.2105263157894735
11082,1052.2847477407745,50,16,0,547018,546993,547043,546997,547023,147.09047619047618,26,-544.0,25,25,2006.0,True,True,bp,-4.2105263157894735
11083,2148.4296711037805,68,3,-12,547071,547043,547111,547065,547094,243.32608695652172,29,-2156.0,28,40,6805.0,True,True,bp,-4.2105263157894735
11084,2538.328713451232,48,13,0,547135,547111,547159,547126,547140,313.1,14,-2838.0,24,24,2159.0,False,False,bp,-4.2105263157894735
11085,819.3942389939847,51,11,-31,547169,547159,547210,547167,547190,201.1309523809524,23,-1722.0,10,41,4296.0,False,False,bp,-4.2105263157894735
11086,3064.2913422651545,67,3,-15,547236,547210,547277,547224,547252,262.875,28,-4399.0,26,41,7526.0,True,True,bp,-4.2105263157894735
11087,1882.5529552666544,50,12,-2,547301,547277,547327,547283,547308,206.468253968254,25,-952.0,24,26,4303.0,True,True,bp,-4.2105263157894735
11088,784.3459044412206,49,2,1,547352,547327,547376,547345,547363,151.94155844155844,18,643.0,25,24,2245.0,True,True,bp,-4.2105263157894735
11089,840.4048605446402,40,4,10,547401,547376,547416,547383,547408,82.52380952380952,25,-163.0,25,15,1266.0,False,False,bp,-4.2105263157894735
11090,319.28153402515125,60,17,10,547451,547416,547476,547437,547458,81.92857142857143,21,-465.0,35,25,1790.0,True,True,bp,-4.2105263157894735
11091,892.924098272028,41,23,11,547502,547476,547517,547496,547508,195.5,12,-1188.0,26,15,2797.0,True,True,bp,-4.2105263157894735
11092,1457.9309328007866,59,1,11,547552,547517,547576,547543,547560,230.27777777777774,17,-2640.0,35,24,3533.0,False,False,bp,-4.2105263157894735
11093,205.04050841314373,51,19,-23,547590,547576,547627,547578,547600,52.73333333333333,22,193.0,14,37,1332.0,False,False,bp,-4.2105263157894735
11094,764.9303598347279,82,-9,-32,547652,547627,547709,547641,547681,94.62695924764891,40,-1767.0,25,57,1305.0,False,False,bp,-4.2105263157894735
11095,205.4345811798374,21,25,-1,547719,547709,547730,547712,547721,150.89285714285714,9,-2271.0,10,11,956.0,True,False,bp,-4.2105263157894735
11096,721.0386347762192,53,5,23,547768,547730,547783,547755,547772,240.78846153846158,17,-2994.0,38,15,3082.0,False,False,bp,-4.2105263157894735
11097,903.2209761778986,44,3,-6,547802,547783,547827,547794,547818,88.9375,24,-1132.0,19,25,3350.0,False,False,bp,-4.2105263157894735
11098,1085.012533439014,38,30,12,547852,547827,547865,547845,547857,261.7142857142857,12,-1404.0,25,13,2449.0,True,True,bp,-4.2105263157894735
11099,798.3828958615984,78,-30,42,547925,547865,547943,547899,547937,84.02884615384616,38,-3577.0,60,18,2154.0,False,False,bp,-4.2105263157894735
11100,357.3708536388413,34,-2,-10,547955,547943,547977,547945,547965,102.25,20,-3146.0,12,22,1831.0,True,False,bp,-4.2105263157894735
11101,947.5865302130434,63,0,-23,547997,547977,548040,547983,548014,107.39915966386556,31,-4536.0,20,43,2156.0,True,False,bp,-4.2105263157894735
11102,746.4522844683052,38,1,-16,548051,548040,548078,548045,548063,156.625,18,-4837.0,11,27,2789.0,True,True,bp,-4.2105263157894735
11103,787.1738719793029,30,2,6,548096,548078,548108,548082,548102,150.97619047619048,20,-4975.0,18,12,2353.0,True,True,bp,-4.2105263157894735
11104,1227.794948339274,50,-6,6,548136,548108,548158,548124,548153,145.53676470588238,29,-6502.0,28,22,3353.0,True,True,bp,-4.2105263157894735
11105,835.8918248453857,68,8,-12,548186,548158,548226,548176,548203,96.21470588235294,27,-5871.0,28,40,3397.0,True,True,bp,-4.2105263157894735
11106,506.37094024960504,67,-4,-15,548252,548226,548293,548238,548271,148.56578947368422,33,-7024.0,26,41,3557.0,False,False,bp,-4.2105263157894735
11107,262.48625904109,29,9,-3,548306,548293,548322,548300,548313,133.78571428571428,13,-4917.0,13,16,1452.0,False,False,bp,-4.2105263157894735
11108,838.3355048074324,50,13,-14,548340,548322,548372,548335,548354,164.18571428571428,19,-4977.0,18,32,3204.0,False,False,bp,-4.2105263157894735
11109,431.69021559033166,70,-22,-12,548401,548372,548442,548386,548426,34.68,40,-3304.0,29,41,2215.0,False,False,bp,-4.2105263157894735
11110,342.5118154550152,49,9,-31,548451,548442,548491,548444,548465,117.53571428571428,21,-2685.0,9,40,2715.0,True,True,bp,-4.2105263157894735
11111,636.0598404864562,35,-7,-1,548508,548491,548526,548495,548516,89.19230769230771,21,-2164.0,17,18,1198.0,True,False,bp,-4.2105263157894735
11112,142.3380613243188,30,-17,-10,548536,548526,548556,548530,548553,54.75980392156863,23,-1682.0,10,20,1587.0,False,False,bp,-4.2105263157894735
11113,622.5544096775283,37,5,-3,548573,548556,548593,548559,548583,117.89285714285714,24,-3028.0,17,20,1619.0,False,False,bp,-4.2105263157894735
11114,1023.8503775842073,51,2,33,548635,548593,548644,548612,548637,282.4891304347826,25,-5433.0,42,9,2086.0,False,False,bp,-4.2105263157894735
11115,376.72558807766853,64,-9,20,548686,548644,548708,548664,548693,135.8733766233766,29,-6325.0,42,22,2807.0,True,True,bp,-4.2105263157894735
11116,2115.855785865745,68,14,16,550801,550759,550827,550787,550811,234.7142857142857,24,-576.0,42,26,5415.0,True,True,bp,-4.169491525423729
11117,1814.543851034288,82,30,0,550868,550827,550909,550849,550876,157.9703947368421,27,1333.0,41,41,3670.0,False,False,bp,-4.169491525423729
11118,3563.446338328148,83,8,-7,550947,550909,550992,550933,550960,327.3461538461538,27,-4391.0,38,45,7985.0,False,False,bp,-4.169491525423729
11119,517.1217541075835,35,15,-17,551001,550992,551027,550995,551013,73.375,18,2504.0,9,26,1994.0,False,False,bp,-4.169491525423729
11120,1964.393800355425,60,3,-8,551053,551027,551087,551046,551070,227.64705882352942,24,-14.0,26,34,3887.0,False,False,bp,-4.169491525423729
11121,1028.1423325727403,72,-9,-8,551119,551087,551159,551097,551140,88.07575757575756,43,-715.0,32,40,2871.0,False,False,bp,-4.169491525423729
11122,714.5691304800392,67,-19,-15,551185,551159,551226,551174,551219,60.56951871657755,45,1506.0,26,41,3658.0,False,False,bp,-4.169491525423729
11123,1840.8187161162118,67,-14,17,551268,551226,551293,551245,551285,104.37340153452685,40,-932.0,42,25,2455.0,False,False,bp,-4.169491525423729
11124,1834.6276830225972,54,-8,18,551329,551293,551347,551311,551338,173.63888888888889,27,-4256.0,36,18,2924.0,False,False,bp,-4.169491525423729
11125,487.65169396199514,46,29,-4,551368,551347,551393,551357,551373,128.3,16,-1597.0,21,25,2874.0,False,False,bp,-4.169491525423729
11126,1665.3614298445832,67,21,17,551435,551393,551460,551418,551452,99.29411764705885,34,-3658.0,42,25,5190.0,True,True,bp,-4.169491525423729
11127,3048.866521138844,99,6,21,551520,551460,551559,551507,551535,297.8,28,-7720.0,60,39,7547.0,False,False,bp,-4.169491525423729
11128,737.7062514250757,100,-11,-48,551585,551559,551659,551569,551629,76.64204545454545,60,-3698.0,26,74,3042.0,False,False,bp,-4.169491525423729
11129,1186.3260301639987,50,-1,2,551685,551659,551709,551678,551703,164.40873015873018,25,-4284.0,26,24,1822.0,False,False,bp,-4.169491525423729
11130,1398.4924148579885,67,17,-15,551735,551709,551776,551727,551754,167.32894736842104,27,-6265.0,26,41,4241.0,False,False,bp,-4.169491525423729
11131,825.0282864271397,66,14,18,551818,551776,551842,551798,551823,129.55,25,-4699.0,42,24,2034.0,True,True,bp,-4.169491525423729
11132,650.6339916983842,83,-6,-31,551868,551842,551925,551862,551906,151.9078947368421,44,-5480.0,26,57,3201.0,True,True,bp,-4.169491525423729
11133,927.6505580693024,69,-4,-17,551951,551925,551994,551944,551977,172.81043956043956,33,-4831.0,26,43,2987.0,True,True,bp,-4.169491525423729
11134,1203.5461126502873,48,7,-2,552017,551994,552042,552006,552035,99.16414141414144,29,-5013.0,23,25,1978.0,True,False,bp,-4.169491525423729
11135,792.7737602362251,87,-4,23,552097,552042,552129,552071,552107,101.82307692307691,36,-6438.0,55,32,3130.0,True,False,bp,-4.169491525423729
11136,993.5685220479957,69,23,-27,552150,552129,552198,552139,552161,126.45454545454548,22,-6360.0,21,48,2682.0,True,True,bp,-4.169491525423729
11137,708.9470075822917,61,-12,-23,552217,552198,552259,552206,552239,92.20454545454544,33,-5345.0,19,42,4034.0,False,False,bp,-4.169491525423729
11138,484.41626526522265,56,-13,-30,552272,552259,552315,552260,552300,42.43452380952381,40,-1886.0,13,43,2827.0,False,False,bp,-4.169491525423729
11139,467.2885035048045,28,5,2,552330,552315,552343,552327,552338,130.75,11,-15.0,15,13,1577.0,False,False,bp,-4.169491525423729
11140,203.18217134523303,49,-8,1,552368,552343,552392,552354,552379,52.48376623376624,25,89.0,25,24,566.0,False,False,bp,-4.169491525423729
11141,588.9123425770903,50,-24,-30,552402,552392,552442,552396,552436,111.85294117647058,40,-1081.0,10,40,2920.0,False,False,bp,-4.169491525423729
11142,278.4895663914402,50,-7,0,552467,552442,552492,552452,552479,15.1,27,316.0,25,25,1021.0,False,False,bp,-4.169491525423729
11143,367.03484689514,34,-6,16,552517,552492,552526,552499,552521,82.79166666666666,22,-1331.0,25,9,947.0,False,False,bp,-4.169491525423729
11144,581.5922366394851,87,9,-35,552552,552526,552613,552537,552580,71.81666666666666,43,-2015.0,26,61,3874.0,False,False,bp,-4.169491525423729
11145,1012.6274812570433,63,-2,11,552650,552613,552676,552632,552657,153.71825396825398,25,-797.0,37,26,3500.0,False,False,bp,-4.169491525423729
11146,3702.277312457348,90,18,14,550801,550749,550839,550790,550810,434.93434343434336,20,-1966.0,52,38,7717.0,False,False,bp,-4.169491525423729
11147,1523.258513245673,55,0,3,550868,550839,550894,550848,550887,85.70789473684209,39,2280.0,29,26,3398.0,False,False,bp,-4.169491525423729
11148,380.9083477561702,60,3,22,550935,550894,550954,550926,550942,137.1984126984127,16,3014.0,41,19,903.0,False,False,bp,-4.169491525423729
11149,830.5508326474029,38,-6,-6,550970,550954,550992,550961,550986,105.27777777777777,25,1771.0,16,22,2652.0,False,False,bp,-4.169491525423729
11150,372.7900146559507,40,8,12,551018,550992,551032,551005,551023,118.31538461538462,18,3143.0,26,14,1796.0,False,False,bp,-4.169491525423729
11151,1575.4797432069947,60,-1,12,551068,551032,551092,551049,551077,150.73976608187138,28,1280.0,36,24,3510.0,False,False,bp,-4.169491525423729
11152,1149.7842182763593,48,-16,6,551119,551092,551140,551104,551133,100.38571428571429,29,522.0,27,21,2857.0,True,True,bp,-4.169491525423729
11153,856.8985858171236,66,-2,-8,551169,551140,551206,551146,551189,61.13152173913043,43,1810.0,29,37,3471.0,False,False,bp,-4.169491525423729
11154,930.7533116692207,86,-15,6,551252,551206,551292,551230,551272,73.06590909090909,42,2049.0,46,40,2857.0,True,False,bp,-4.169491525423729
11155,1667.9048034668829,45,11,-5,551312,551292,551337,551299,551318,179.8717948717949,19,462.0,20,25,2779.0,True,False,bp,-4.169491525423729
11156,1546.5640763771662,57,6,3,551367,551337,551394,551348,551374,163.6390977443609,26,-477.0,30,27,3586.0,True,True,bp,-4.169491525423729
11157,2216.8111080871377,60,3,-8,551420,551394,551454,551406,551432,165.88690476190476,26,-655.0,26,34,4661.0,True,True,bp,-4.169491525423729
11158,583.2644527945812,25,17,3,551468,551454,551479,551461,551474,116.15476190476191,13,1562.0,14,11,753.0,False,False,bp,-4.169491525423729
11159,844.7793616079844,80,-4,22,551530,551479,551559,551504,551545,108.10256410256409,41,-770.0,51,29,4115.0,False,False,bp,-4.169491525423729
11160,1020.4779355976711,67,-22,23,551604,551559,551626,551582,551621,70.87700534759358,39,-7.0,45,22,2327.0,True,False,bp,-4.169491525423729
11161,531.6934836584976,34,12,6,551646,551626,551660,551638,551652,156.5625,14,0.0,20,14,2809.0,True,False,bp,-4.169491525423729
11162,745.3778626516458,67,-11,-7,551690,551660,551727,551678,551712,78.625,34,742.0,30,37,1799.0,True,False,bp,-4.169491525423729
11163,1210.872088353775,49,22,-9,551747,551727,551776,551735,551755,170.85416666666669,20,-799.0,20,29,3220.0,True,True,bp,-4.169491525423729
11164,822.3985986324607,66,-3,20,551819,551776,551842,551797,551823,147.4659090909091,26,-1081.0,43,23,1741.0,False,False,bp,-4.169491525423729
11165,215.8942042180452,30,-4,-10,551852,551842,551872,551846,551864,80.91666666666666,18,-871.0,10,20,1091.0,True,False,bp,-4.169491525423729
11166,969.0821085847017,53,4,-19,551889,551872,551925,551878,551906,89.03475935828877,28,-1447.0,17,36,3233.0,True,False,bp,-4.169491525423729
11167,1342.2539561603874,50,24,2,551951,551925,551975,551938,551957,193.9871794871795,19,-1882.0,26,24,2855.0,True,False,bp,-4.169491525423729
11168,299.95173093921846,89,28,-5,552017,551975,552064,552000,552026,206.54901960784312,26,-2087.0,42,47,2167.0,True,False,bp,-4.169491525423729
11169,958.8088545108554,60,15,-18,552085,552064,552124,552080,552096,273.3181818181818,16,-3514.0,21,39,2236.0,False,False,bp,-4.169491525423729
11170,96.94224532355958,19,7,-7,552130,552124,552143,552127,552137,167.21428571428572,10,-2345.0,6,13,1514.0,False,False,bp,-4.169491525423729
11171,337.113647772676,35,2,9,552165,552143,552178,552154,552174,84.67676767676767,20,-2611.0,22,13,1972.0,True,False,bp,-4.169491525423729
11172,372.26805589253405,80,-1,-34,552201,552178,552258,552196,552233,166.478125,37,-3095.0,23,57,3334.0,True,False,bp,-4.169491525423729
11173,351.9299378048624,67,-13,-15,552284,552258,552325,552269,552309,49.55333333333333,40,-1658.0,26,41,2759.0,True,True,bp,-4.169491525423729
11174,737.4941821630391,50,-14,2,552351,552325,552375,552336,552370,43.62456140350878,34,-1768.0,26,24,2275.0,True,True,bp,-4.169491525423729
11175,851.4992009856027,68,-18,18,552418,552375,552443,552390,552431,80.875,41,-3181.0,43,25,2767.0,True,True,bp,-4.169491525423729
11176,586.1167890816091,51,5,-1,552468,552443,552494,552454,552481,51.35164835164835,27,-2638.0,25,26,1390.0,True,True,bp,-4.169491525423729
11177,845.2515856356267,65,20,-15,552519,552494,552559,552513,552529,200.56666666666663,16,-3960.0,25,40,3212.0,True,True,bp,-4.169491525423729
11178,1670.1226092470392,50,-1,-26,552571,552559,552609,552565,552591,211.16666666666663,26,-3581.0,12,38,5712.0,False,False,bp,-4.169491525423729
11179,1001.576709745648,67,-38,-29,552628,552609,552676,552616,552668,89.52083333333331,52,-1062.0,19,48,3994.0,False,False,bp,-4.169491525423729
11180,803.4893842171408,69,9,-19,561833,561808,561877,561826,561853,147.90357142857144,27,428.0,25,44,2176.0,False,False,bp,-7.68
11181,288.1073295276164,98,7,-52,561900,561877,561975,561889,561934,34.43181818181819,45,1724.0,23,75,2566.0,False,False,bp,-7.68
11182,543.6870816779027,62,11,-20,561996,561975,562037,561986,562009,53.60384615384615,23,2645.0,21,41,1986.0,True,False,bp,-7.68
11183,982.611848534436,54,26,-28,562050,562037,562091,562043,562074,115.90476190476191,31,2518.0,13,41,3847.0,True,False,bp,-7.68
11184,427.18481727871455,68,-5,50,562150,562091,562159,562131,562155,95.12631578947371,24,3905.0,59,9,1382.0,False,False,bp,-7.68
11185,594.8617120934886,65,-23,15,562199,562159,562224,562174,562212,65.9523076923077,38,2397.0,40,25,2117.0,False,False,bp,-7.68
11186,349.75252126762496,34,2,-22,562230,562224,562258,562227,562245,89.83333333333334,18,3816.0,6,28,1118.0,False,False,bp,-7.68
11187,594.7587077988718,66,-19,18,562300,562258,562324,562265,562311,78.69610389610389,46,1586.0,42,24,2124.0,False,False,bp,-7.68
11188,145.15180187587762,34,5,16,562349,562324,562358,562338,562352,109.04545454545456,14,2101.0,25,9,1136.0,False,False,bp,-7.68
11189,374.9159759003936,66,-40,38,562410,562358,562424,562371,562421,49.70396270396271,50,119.0,52,14,990.0,False,False,bp,-7.68
11190,220.9225538201543,36,-7,14,562449,562424,562460,562431,562451,113.97222222222223,20,-564.0,25,11,1080.0,True,False,bp,-7.68
11191,237.6800554612164,32,-14,-18,562467,562460,562492,562464,562487,153.26666666666668,23,-556.0,7,25,2151.0,False,False,bp,-7.68
11192,538.3886949457051,33,5,-13,562502,562492,562525,562496,562519,124.11274509803921,23,-672.0,10,23,1455.0,True,True,bp,-7.68
11193,970.4038583866163,50,-2,2,562551,562525,562575,562547,562569,187.72222222222226,22,-1337.0,26,24,3308.0,True,True,bp,-7.68
11194,1299.6747687455222,52,-9,2,562602,562575,562627,562589,562620,99.02136752136751,31,-800.0,27,25,3226.0,True,True,bp,-7.68
11195,501.1804440083197,47,5,-1,562650,562627,562674,562642,562663,93.53846153846158,21,532.0,23,24,1121.0,False,False,bp,-7.68
11196,821.8793024461144,51,13,-1,562699,562674,562725,562689,562706,136.95714285714286,17,-810.0,25,26,2424.0,False,False,bp,-7.68
11197,238.69788362525583,33,-1,15,562749,562725,562758,562736,562754,74.9,18,-18.0,24,9,928.0,True,True,bp,-7.68
11198,660.2723724072017,83,-9,-1,562799,562758,562841,562771,562813,104.57142857142858,42,-689.0,41,42,4450.0,False,False,bp,-7.68
11199,734.3678862174593,34,-2,14,562865,562841,562875,562846,562871,93.08771929824562,25,1880.0,24,10,1718.0,False,False,bp,-7.68
11200,857.6768505687097,56,-12,16,562911,562875,562931,562894,562922,68.46791443850267,28,1445.0,36,20,1727.0,True,False,bp,-7.68
11201,563.009612027182,31,-4,7,562950,562931,562962,562938,562956,111.20833333333334,18,745.0,19,12,1573.0,True,False,bp,-7.68
11202,297.3833888693178,43,-20,7,562987,562962,563005,562970,563000,44.579185520361996,30,393.0,25,18,803.0,False,False,bp,-7.68
11203,836.7130469415563,52,-5,4,563033,563005,563057,563010,563048,78.05797101449275,38,-797.0,28,24,3015.0,False,False,bp,-7.68
11204,359.70931359179986,51,-8,35,563100,563057,563108,563081,563105,61.08947368421053,24,-24.0,43,8,829.0,False,False,bp,-7.68
11205,492.81227878699247,66,7,16,563149,563108,563174,563121,563154,121.32142857142857,33,-1166.0,41,25,2326.0,False,False,bp,-7.68
11206,64.56741399079755,34,8,14,563198,563174,563208,563194,563203,171.625,9,-276.0,24,10,1575.0,True,False,bp,-7.68
11207,579.9025291217616,66,-15,18,563250,563208,563274,563220,563257,94.23809523809523,37,-1641.0,42,24,2131.0,True,False,bp,-7.68
11208,509.5963156454504,51,-20,-31,563284,563274,563325,563279,563320,114.35,41,-1276.0,10,41,2207.0,True,False,bp,-7.68
11209,996.4454395043996,66,-2,16,563366,563325,563391,563341,563373,133.02,32,-2027.0,41,25,3361.0,True,True,bp,-7.68
11210,933.172335923172,67,-29,7,563428,563391,563458,563403,563451,58.12173913043478,48,-1614.0,37,30,3189.0,True,True,bp,-7.68
11211,1143.4713239093992,47,2,3,563483,563458,563505,563470,563494,138.66783216783216,24,-2220.0,25,22,2339.0,True,True,bp,-7.68
11212,329.8721880640716,37,-1,17,563532,563505,563542,563520,563537,140.275,17,-2265.0,27,10,1882.0,True,True,bp,-7.68
11213,525.21050907721,45,3,5,563567,563542,563587,563553,563572,112.08571428571429,19,-2768.0,25,20,1732.0,True,False,bp,-7.68
11214,159.06619155229308,24,14,0,563599,563587,563611,563594,563603,160.025,9,-2199.0,12,12,1742.0,True,False,bp,-7.68
11215,476.61196035002314,47,11,-3,563633,563611,563658,563626,563644,101.16883116883116,18,-1982.0,22,25,1570.0,False,False,bp,-7.68
11216,1112.8614294347838,66,18,-16,563683,563658,563724,563673,563700,132.84411764705882,27,-4245.0,25,41,3008.0,False,False,bp,-7.68
11217,167.6965904536385,34,3,18,563750,563724,563758,563745,563753,234.0,8,-2805.0,26,8,1895.0,True,False,bp,-7.68
11218,485.0792726359235,49,-15,-7,563779,563758,563807,563764,563795,52.18958333333333,31,-2361.0,21,28,1899.0,True,True,bp,-7.68
11219,194.7508531148208,34,1,-16,563816,563807,563841,563811,563827,178.42727272727276,16,-2489.0,9,25,1896.0,True,True,bp,-7.68
11220,555.208263354821,50,17,-30,563851,563841,563891,563844,563867,122.16071428571428,23,-3180.0,10,40,1244.0,False,False,bp,-7.68
11221,320.61738140256733,67,-15,17,563933,563891,563958,563907,563946,64.17307692307692,39,-4561.0,42,25,1236.0,False,False,bp,-7.68
11222,487.16379006366793,49,1,1,563983,563958,564007,563970,563995,93.96474358974359,25,-5202.0,25,24,2545.0,True,True,bp,-7.68
11223,352.45569424476855,39,24,15,564034,564007,564046,564021,564039,136.85384615384618,18,-5218.0,27,12,1324.0,False,False,bp,-7.68
11224,891.8253995664039,86,-3,8,564093,564046,564132,564081,564110,149.85784313725492,29,-7747.0,47,39,3547.0,False,False,bp,-7.68
11225,160.58324065060464,26,4,-4,564143,564132,564158,564136,564151,103.19642857142857,15,-5069.0,11,15,1960.0,False,False,bp,-7.68
11226,367.92447379379684,49,-8,-9,564178,564158,564207,564170,564194,45.96875,24,-4419.0,20,29,1143.0,True,True,bp,-7.68
11227,130.60098050014685,71,0,-53,564216,564207,564278,564210,564251,78.88571428571429,41,-4680.0,9,62,2132.0,False,False,bp,-7.68
11228,276.78531790415457,30,31,14,564300,564278,564308,564292,564302,155.625,10,-3197.0,22,8,1482.0,False,False,bp,-7.68
11229,464.00411807237884,83,1,35,564367,564308,564391,564343,564378,101.7784090909091,35,-3608.0,59,24,3539.0,True,True,bp,-7.68
11230,356.4726347700528,50,3,6,564419,564391,564441,564414,564429,154.2,15,-2020.0,28,22,769.0,False,False,bp,-7.68
11231,640.8418449652322,50,-12,0,564466,564441,564491,564447,564477,99.6937799043062,30,-3281.0,25,25,2350.0,False,False,bp,-7.68
11232,502.3623923216713,51,-9,1,564517,564491,564542,564495,564530,46.14510489510489,35,-3090.0,26,25,1653.0,True,True,bp,-7.68
11233,594.1788791227349,83,-20,-3,564582,564542,564625,564556,564603,83.4441391941392,47,-4206.0,40,43,4103.0,False,False,bp,-2.973684210526316
11234,722.9228353306958,33,-3,-15,564634,564625,564658,564630,564654,114.45,24,-1458.0,9,24,2311.0,False,False,bp,-2.973684210526316
11235,791.3737484653087,39,29,11,564683,564658,564697,564675,564686,217.9375,11,-2494.0,25,14,1677.0,True,False,bp,-2.973684210526316
11236,744.4053645171671,78,-13,28,564750,564697,564775,564726,564760,123.7125,34,-4031.0,53,25,3463.0,True,False,bp,-2.973684210526316
11237,722.1333996898016,48,-7,4,564801,564775,564823,564781,564809,63.1125,28,-3364.0,26,22,960.0,False,False,bp,-2.973684210526316
11238,457.61059187432267,49,21,-29,564833,564823,564872,564830,564845,207.25,15,-3891.0,10,39,3171.0,False,False,bp,-2.973684210526316
11239,177.93133280840905,32,23,-10,564883,564872,564904,564881,564889,190.3333333333333,8,-1094.0,11,21,2204.0,False,False,bp,-2.973684210526316
11240,538.9056010975931,99,7,-39,564934,564904,565003,564920,564962,72.85714285714286,42,-820.0,30,69,2698.0,True,False,bp,-2.973684210526316
11241,1053.8153824056824,38,-12,-10,565017,565003,565041,565011,565035,152.77777777777774,24,-462.0,14,24,3271.0,True,False,bp,-2.973684210526316
11242,528.1919880599248,49,-3,1,565066,565041,565090,565047,565071,97.3842105263158,24,1095.0,25,24,1619.0,True,False,bp,-2.973684210526316
11243,85.45013661496459,20,4,-2,565099,565090,565110,565092,565102,155.92857142857144,10,1207.0,9,11,1413.0,True,False,bp,-2.973684210526316
11244,178.8855951062335,30,-6,14,565132,565110,565140,565116,565135,167.66666666666669,19,18.0,22,8,1586.0,True,False,bp,-2.973684210526316
11245,900.4470572976774,52,-3,0,565166,565140,565192,565148,565184,80.8611111111111,36,-1032.0,26,26,3101.0,True,False,bp,-2.973684210526316
11246,242.46282137912274,65,8,23,565236,565192,565257,565217,565244,69.42434210526315,27,-796.0,44,21,1532.0,True,True,bp,-2.973684210526316
11247,259.8536656080711,51,-17,33,565299,565257,565308,565279,565304,94.15,25,-530.0,42,9,1899.0,True,False,bp,-2.973684210526316
11248,415.45283683156913,44,-2,-26,565317,565308,565352,565312,565337,84.85,25,208.0,9,35,2145.0,True,False,bp,-2.973684210526316
11249,1192.468649191955,54,5,0,561850,561823,561877,561828,561861,117.47727272727272,33,-1049.0,27,27,3585.0,False,False,bp,-7.68
11250,1075.1093163324617,65,-6,15,561917,561877,561942,561899,561934,72.56045751633988,35,1.0,40,25,2457.0,True,True,bp,-7.68
11251,531.0698049355004,99,-11,-15,561984,561942,562041,561963,562011,75.66666666666666,48,-154.0,42,57,4457.0,True,False,bp,-7.68
11252,1177.7422513252852,51,5,-1,562066,562041,562092,562048,562071,180.12777777777774,23,1198.0,25,26,2741.0,True,False,bp,-7.68
11253,908.3288557224904,50,-7,-2,562116,562092,562142,562099,562133,60.32352941176471,34,2368.0,24,26,2566.0,True,True,bp,-7.68
11254,1076.0484455621604,66,-15,14,562182,562142,562208,562160,562197,96.70454545454544,37,1158.0,40,26,2801.0,True,True,bp,-7.68
11255,873.0584759293117,65,41,-13,562234,562208,562273,562219,562238,183.1833333333333,19,701.0,26,39,2599.0,True,True,bp,-7.68
11256,840.1396831294246,80,0,10,562318,562273,562353,562298,562339,77.42023809523809,41,366.0,45,35,3195.0,True,True,bp,-7.68
11257,1531.324534534791,73,19,19,562399,562353,562426,562380,562407,195.19078947368425,27,-1389.0,46,27,4199.0,True,True,bp,-7.68
11258,960.9754872562828,65,7,15,562466,562426,562491,562453,562472,201.98076923076923,19,-899.0,40,25,3064.0,True,True,bp,-7.68
11259,1364.5933638746938,54,7,-12,562512,562491,562545,562498,562522,140.17857142857144,24,-690.0,21,33,3710.0,True,True,bp,-7.68
11260,1061.054447439396,46,9,-4,562566,562545,562591,562553,562573,122.32967032967035,20,-434.0,21,25,1618.0,False,False,bp,-7.68
11261,992.7147702804835,50,2,2,562617,562591,562641,562602,562622,182.03333333333333,20,-2010.0,26,24,3233.0,True,True,bp,-7.68
11262,880.7567815379978,49,-2,-29,562651,562641,562690,562644,562677,121.46703296703295,33,-1215.0,10,39,2087.0,True,False,bp,-7.68
11263,813.5639512826834,84,-27,2,562733,562690,562774,562708,562757,101.80666666666669,49,-3269.0,43,41,3773.0,False,False,bp,-7.68
11264,721.3217564489548,40,17,-20,562784,562774,562814,562779,562798,90.50714285714287,19,-904.0,10,30,2458.0,False,False,bp,-7.68
11265,528.1776957719227,61,-1,9,562849,562814,562875,562834,562863,74.1,29,-721.0,35,26,2735.0,True,True,bp,-7.68
11266,674.3783403020186,51,-7,31,562916,562875,562926,562891,562920,160.04,29,-962.0,41,10,2448.0,True,False,bp,-7.68
11267,702.6570377975388,48,8,0,562950,562926,562974,562942,562956,198.0625,14,-1257.0,24,24,2440.0,True,True,bp,-7.68
11268,456.5524026996879,34,8,-16,562983,562974,563008,562978,562995,154.04166666666666,17,-974.0,9,25,1558.0,True,True,bp,-7.68
11269,379.32091816605435,50,1,4,563035,563008,563058,563020,563054,26.894736842105264,34,-506.0,27,23,1978.0,True,True,bp,-7.68
11270,733.8949696910877,51,6,31,563099,563058,563109,563089,563103,199.45,14,-1229.0,41,10,2145.0,True,False,bp,-7.68
11271,1031.0636317222156,61,-4,-13,563133,563109,563170,563123,563151,129.33333333333334,28,-2534.0,24,37,3048.0,False,False,bp,-7.68
11272,96.98852540434576,21,6,-3,563179,563170,563191,563175,563185,151.625,10,-608.0,9,12,1940.0,False,False,bp,-7.68
11273,161.2227878253376,33,-2,17,563216,563191,563224,563201,563220,65.46666666666667,19,-55.0,25,8,1217.0,True,True,bp,-7.68
11274,582.2515533994489,50,10,2,563250,563224,563274,563237,563254,141.7019230769231,17,-1189.0,26,24,1848.0,True,True,bp,-7.68
11275,1240.7200925466268,50,4,-8,563295,563274,563324,563281,563305,117.52142857142857,24,-2004.0,21,29,3192.0,True,True,bp,-7.68
11276,778.617819709763,66,4,-16,563349,563324,563390,563333,563362,89.61538461538461,29,-1677.0,25,41,2779.0,True,True,bp,-7.68
11277,641.7257980034537,68,-2,-48,563400,563390,563458,563395,563435,163.07142857142858,40,-1360.0,10,58,3731.0,True,True,bp,-7.68
11278,1197.1597670900144,52,-2,-2,563483,563458,563510,563473,563494,166.15454545454546,21,-1501.0,25,27,2378.0,False,False,bp,-7.68
11279,259.7847963561746,31,-7,-17,563517,563510,563541,563513,563537,115.275,24,-223.0,7,24,2280.0,False,False,bp,-7.68
11280,654.6156113789324,56,-11,28,563583,563541,563597,563554,563585,185.0948275862069,31,-956.0,42,14,1727.0,True,False,bp,-7.68
11281,662.2192380642766,44,-4,-6,563616,563597,563641,563605,563631,102.77878787878788,26,-1785.0,19,25,1839.0,True,True,bp,-7.68
11282,877.8089996648594,67,-12,-17,563666,563641,563708,563653,563690,135.11538461538458,37,-3178.0,25,42,2225.0,True,True,bp,-7.68
11283,286.9908671578984,50,-32,22,563744,563708,563758,563715,563755,43.5141065830721,40,-3378.0,36,14,1186.0,False,False,bp,-7.68
11284,385.4891004965269,38,16,-12,563771,563758,563796,563763,563779,156.9375,16,-5417.0,13,25,1539.0,False,False,bp,-7.68
11285,367.59024347963776,75,-22,21,563844,563796,563871,563811,563857,106.34731934731934,46,-6525.0,48,27,2239.0,True,False,bp,-7.68
11286,1010.8033874201742,41,1,5,563894,563871,563912,563881,563900,152.6602564102564,19,-7268.0,23,18,2519.0,True,False,bp,-7.68
11287,343.5456941513157,28,0,14,563933,563912,563940,563920,563934,138.9230769230769,14,-6601.0,21,7,904.0,False,False,bp,-7.68
11288,445.3208709647329,47,-14,-3,563962,563940,563987,563948,563982,42.50714285714285,34,-7022.0,22,25,2229.0,True,False,bp,-7.68
11289,444.3722156671311,48,0,10,564016,563987,564035,564002,564025,78.66666666666666,23,-7171.0,29,19,2295.0,True,True,bp,-7.68
11290,180.4375107957312,38,2,14,564061,564035,564073,564048,564070,65.92735042735042,22,-6584.0,26,12,912.0,False,False,bp,-7.68
11291,521.4288376752291,91,3,-39,564099,564073,564164,564094,564129,199.23333333333332,35,-8909.0,26,65,4524.0,False,False,bp,-7.68
11292,756.2963533436722,40,14,-4,564182,564164,564204,564167,564185,202.9333333333333,18,-7039.0,18,22,2539.0,True,False,bp,-7.68
11293,760.4933186370438,60,-14,28,564248,564204,564264,564217,564252,202.76209677419357,35,-6944.0,44,16,3540.0,False,False,bp,-7.68
11294,566.5470620307292,44,-4,-4,564284,564264,564308,564273,564293,111.979797979798,20,-4583.0,20,24,2688.0,False,False,bp,-7.68
11295,203.2407488110627,33,4,-25,564312,564308,564341,564309,564329,216.14705882352942,20,-3202.0,4,29,2336.0,False,False,bp,-7.68
11296,595.97185897943,33,-4,17,564366,564341,564374,564353,564369,199.94871794871798,16,-2802.0,25,8,2876.0,False,False,bp,-7.68
11297,308.88582791989865,39,16,13,564400,564374,564413,564381,564406,81.69736842105263,25,-1198.0,26,13,1528.0,False,False,bp,-7.68
11298,933.8515822749783,78,-13,40,564472,564413,564491,564447,564477,192.34,30,-5313.0,59,19,2750.0,False,False,bp,-7.68
11299,496.60553577962264,60,6,-34,564504,564491,564551,564494,564530,93.18846153846157,36,-5056.0,13,47,2192.0,True,False,bp,-7.68
11300,538.0459374326183,43,0,23,564584,564551,564594,564572,564589,235.3333333333333,17,-5994.0,33,10,3189.0,True,False,bp,-2.973684210526316
11301,274.2384885274324,54,9,-10,564616,564594,564648,564606,564626,149.25,20,-5234.0,22,32,2366.0,True,True,bp,-2.973684210526316
11302,614.7347658608396,76,19,-48,564662,564648,564724,564655,564694,82.70535714285714,39,-4145.0,14,62,3109.0,False,False,bp,-2.973684210526316
11303,347.29518948221175,66,-5,22,564768,564724,564790,564752,564778,33.5,26,-3929.0,44,22,1805.0,True,False,bp,-2.973684210526316
11304,688.6432827781288,82,-11,-18,564822,564790,564872,564799,564843,81.17184265010351,44,-4989.0,32,50,4178.0,False,False,bp,-2.973684210526316
11305,103.1259872409135,52,-2,-40,564878,564872,564924,564876,564902,88.35416666666669,26,-1266.0,6,46,3223.0,False,False,bp,-2.973684210526316
11306,542.248337371925,51,-14,-33,564933,564924,564975,564926,564961,142.21428571428572,35,-396.0,9,42,2972.0,False,False,bp,-2.973684210526316
11307,122.63793828508554,39,6,-15,564987,564975,565014,564982,564998,127.83636363636364,16,1477.0,12,27,2278.0,False,False,bp,-2.973684210526316
11308,444.87564253151237,39,-1,-9,565029,565014,565053,565020,565043,48.944444444444436,23,2629.0,15,24,1388.0,False,False,bp,-2.973684210526316
11309,921.4304524010223,54,-8,12,565086,565053,565107,565065,565098,82.91666666666667,33,-204.0,33,21,1128.0,False,False,bp,-2.973684210526316
11310,559.5618964215212,51,-5,1,565133,565107,565158,565123,565144,182.7681818181818,21,-2717.0,26,25,3334.0,False,False,bp,-2.973684210526316
11311,241.1484949886753,34,-2,-18,565166,565158,565192,565160,565180,214.03571428571428,20,-1849.0,8,26,1966.0,True,True,bp,-2.973684210526316
11312,233.99658078453163,47,17,-29,565201,565192,565239,565198,565213,173.375,15,-905.0,9,38,2124.0,False,False,bp,-2.973684210526316
11313,96.85665245064024,32,11,-16,565247,565239,565271,565245,565255,108.375,10,765.0,8,24,1287.0,False,False,bp,-2.973684210526316
11314,360.548634180838,37,-2,-13,565283,565271,565308,565276,565295,77.75,19,1041.0,12,25,2055.0,False,False,bp,-2.973684210526316
11315,393.0551414873759,33,14,-17,565316,565308,565341,565312,565328,153.5,16,1703.0,8,25,2283.0,True,True,bp,-2.973684210526316
11316,803.4893842171408,69,9,-19,561833,561808,561877,561826,561853,147.90357142857144,27,428.0,25,44,2176.0,False,False,bp,-7.68
11317,288.1073295276164,98,7,-52,561900,561877,561975,561889,561934,34.43181818181819,45,1724.0,23,75,2566.0,False,False,bp,-7.68
11318,543.6870816779027,62,11,-20,561996,561975,562037,561986,562009,53.60384615384615,23,2645.0,21,41,1986.0,True,False,bp,-7.68
11319,982.611848534436,54,26,-28,562050,562037,562091,562043,562074,115.90476190476191,31,2518.0,13,41,3847.0,True,False,bp,-7.68
11320,427.18481727871455,68,-5,50,562150,562091,562159,562131,562155,95.12631578947371,24,3905.0,59,9,1382.0,False,False,bp,-7.68
11321,594.8617120934886,65,-23,15,562199,562159,562224,562174,562212,65.9523076923077,38,2397.0,40,25,2117.0,False,False,bp,-7.68
11322,349.75252126762496,34,2,-22,562230,562224,562258,562227,562245,89.83333333333334,18,3816.0,6,28,1118.0,False,False,bp,-7.68
11323,594.7587077988718,66,-19,18,562300,562258,562324,562265,562311,78.69610389610389,46,1586.0,42,24,2124.0,False,False,bp,-7.68
11324,145.15180187587762,34,5,16,562349,562324,562358,562338,562352,109.04545454545456,14,2101.0,25,9,1136.0,False,False,bp,-7.68
11325,374.9159759003936,66,-40,38,562410,562358,562424,562371,562421,49.70396270396271,50,119.0,52,14,990.0,False,False,bp,-7.68
11326,220.9225538201543,36,-7,14,562449,562424,562460,562431,562451,113.97222222222223,20,-564.0,25,11,1080.0,True,False,bp,-7.68
11327,237.6800554612164,32,-14,-18,562467,562460,562492,562464,562487,153.26666666666668,23,-556.0,7,25,2151.0,False,False,bp,-7.68
11328,538.3886949457051,33,5,-13,562502,562492,562525,562496,562519,124.11274509803921,23,-672.0,10,23,1455.0,True,True,bp,-7.68
11329,970.4038583866163,50,-2,2,562551,562525,562575,562547,562569,187.72222222222226,22,-1337.0,26,24,3308.0,True,True,bp,-7.68
11330,1299.6747687455222,52,-9,2,562602,562575,562627,562589,562620,99.02136752136751,31,-800.0,27,25,3226.0,True,True,bp,-7.68
11331,501.1804440083197,47,5,-1,562650,562627,562674,562642,562663,93.53846153846158,21,532.0,23,24,1121.0,False,False,bp,-7.68
11332,821.8793024461144,51,13,-1,562699,562674,562725,562689,562706,136.95714285714286,17,-810.0,25,26,2424.0,False,False,bp,-7.68
11333,238.69788362525583,33,-1,15,562749,562725,562758,562736,562754,74.9,18,-18.0,24,9,928.0,True,True,bp,-7.68
11334,660.2723724072017,83,-9,-1,562799,562758,562841,562771,562813,104.57142857142858,42,-689.0,41,42,4450.0,False,False,bp,-7.68
11335,734.3678862174593,34,-2,14,562865,562841,562875,562846,562871,93.08771929824562,25,1880.0,24,10,1718.0,False,False,bp,-7.68
11336,857.6768505687097,56,-12,16,562911,562875,562931,562894,562922,68.46791443850267,28,1445.0,36,20,1727.0,True,False,bp,-7.68
11337,563.009612027182,31,-4,7,562950,562931,562962,562938,562956,111.20833333333334,18,745.0,19,12,1573.0,True,False,bp,-7.68
11338,297.3833888693178,43,-20,7,562987,562962,563005,562970,563000,44.579185520361996,30,393.0,25,18,803.0,False,False,bp,-7.68
11339,836.7130469415563,52,-5,4,563033,563005,563057,563010,563048,78.05797101449275,38,-797.0,28,24,3015.0,False,False,bp,-7.68
11340,359.70931359179986,51,-8,35,563100,563057,563108,563081,563105,61.08947368421053,24,-24.0,43,8,829.0,False,False,bp,-7.68
11341,492.81227878699247,66,7,16,563149,563108,563174,563121,563154,121.32142857142857,33,-1166.0,41,25,2326.0,False,False,bp,-7.68
11342,64.56741399079755,34,8,14,563198,563174,563208,563194,563203,171.625,9,-276.0,24,10,1575.0,True,False,bp,-7.68
11343,579.9025291217616,66,-15,18,563250,563208,563274,563220,563257,94.23809523809523,37,-1641.0,42,24,2131.0,True,False,bp,-7.68
11344,509.5963156454504,51,-20,-31,563284,563274,563325,563279,563320,114.35,41,-1276.0,10,41,2207.0,True,False,bp,-7.68
11345,996.4454395043996,66,-2,16,563366,563325,563391,563341,563373,133.02,32,-2027.0,41,25,3361.0,True,True,bp,-7.68
11346,933.172335923172,67,-29,7,563428,563391,563458,563403,563451,58.12173913043478,48,-1614.0,37,30,3189.0,True,True,bp,-7.68
11347,1143.4713239093992,47,2,3,563483,563458,563505,563470,563494,138.66783216783216,24,-2220.0,25,22,2339.0,True,True,bp,-7.68
11348,329.8721880640716,37,-1,17,563532,563505,563542,563520,563537,140.275,17,-2265.0,27,10,1882.0,True,True,bp,-7.68
11349,525.21050907721,45,3,5,563567,563542,563587,563553,563572,112.08571428571429,19,-2768.0,25,20,1732.0,True,False,bp,-7.68
11350,159.06619155229308,24,14,0,563599,563587,563611,563594,563603,160.025,9,-2199.0,12,12,1742.0,True,False,bp,-7.68
11351,476.61196035002314,47,11,-3,563633,563611,563658,563626,563644,101.16883116883116,18,-1982.0,22,25,1570.0,False,False,bp,-7.68
11352,1112.8614294347838,66,18,-16,563683,563658,563724,563673,563700,132.84411764705882,27,-4245.0,25,41,3008.0,False,False,bp,-7.68
11353,167.6965904536385,34,3,18,563750,563724,563758,563745,563753,234.0,8,-2805.0,26,8,1895.0,True,False,bp,-7.68
11354,485.0792726359235,49,-15,-7,563779,563758,563807,563764,563795,52.18958333333333,31,-2361.0,21,28,1899.0,True,True,bp,-7.68
11355,194.7508531148208,34,1,-16,563816,563807,563841,563811,563827,178.42727272727276,16,-2489.0,9,25,1896.0,True,True,bp,-7.68
11356,555.208263354821,50,17,-30,563851,563841,563891,563844,563867,122.16071428571428,23,-3180.0,10,40,1244.0,False,False,bp,-7.68
11357,320.61738140256733,67,-15,17,563933,563891,563958,563907,563946,64.17307692307692,39,-4561.0,42,25,1236.0,False,False,bp,-7.68
11358,487.16379006366793,49,1,1,563983,563958,564007,563970,563995,93.96474358974359,25,-5202.0,25,24,2545.0,True,True,bp,-7.68
11359,352.45569424476855,39,24,15,564034,564007,564046,564021,564039,136.85384615384618,18,-5218.0,27,12,1324.0,False,False,bp,-7.68
11360,891.8253995664039,86,-3,8,564093,564046,564132,564081,564110,149.85784313725492,29,-7747.0,47,39,3547.0,False,False,bp,-7.68
11361,160.58324065060464,26,4,-4,564143,564132,564158,564136,564151,103.19642857142857,15,-5069.0,11,15,1960.0,False,False,bp,-7.68
11362,367.92447379379684,49,-8,-9,564178,564158,564207,564170,564194,45.96875,24,-4419.0,20,29,1143.0,True,True,bp,-7.68
11363,130.60098050014685,71,0,-53,564216,564207,564278,564210,564251,78.88571428571429,41,-4680.0,9,62,2132.0,False,False,bp,-7.68
11364,276.78531790415457,30,31,14,564300,564278,564308,564292,564302,155.625,10,-3197.0,22,8,1482.0,False,False,bp,-7.68
11365,464.00411807237884,83,1,35,564367,564308,564391,564343,564378,101.7784090909091,35,-3608.0,59,24,3539.0,True,True,bp,-7.68
11366,356.4726347700528,50,3,6,564419,564391,564441,564414,564429,154.2,15,-2020.0,28,22,769.0,False,False,bp,-7.68
11367,640.8418449652322,50,-12,0,564466,564441,564491,564447,564477,99.6937799043062,30,-3281.0,25,25,2350.0,False,False,bp,-7.68
11368,502.3623923216713,51,-9,1,564517,564491,564542,564495,564530,46.14510489510489,35,-3090.0,26,25,1653.0,True,True,bp,-7.68
11369,1192.468649191955,54,5,0,561850,561823,561877,561828,561861,117.47727272727272,33,-1049.0,27,27,3585.0,False,False,bp,-7.68
11370,1075.1093163324617,65,-6,15,561917,561877,561942,561899,561934,72.56045751633988,35,1.0,40,25,2457.0,True,True,bp,-7.68
11371,531.0698049355004,99,-11,-15,561984,561942,562041,561963,562011,75.66666666666666,48,-154.0,42,57,4457.0,True,False,bp,-7.68
11372,1177.7422513252852,51,5,-1,562066,562041,562092,562048,562071,180.12777777777774,23,1198.0,25,26,2741.0,True,False,bp,-7.68
11373,908.3288557224904,50,-7,-2,562116,562092,562142,562099,562133,60.32352941176471,34,2368.0,24,26,2566.0,True,True,bp,-7.68
11374,1076.0484455621604,66,-15,14,562182,562142,562208,562160,562197,96.70454545454544,37,1158.0,40,26,2801.0,True,True,bp,-7.68
11375,873.0584759293117,65,41,-13,562234,562208,562273,562219,562238,183.1833333333333,19,701.0,26,39,2599.0,True,True,bp,-7.68
11376,840.1396831294246,80,0,10,562318,562273,562353,562298,562339,77.42023809523809,41,366.0,45,35,3195.0,True,True,bp,-7.68
11377,1531.324534534791,73,19,19,562399,562353,562426,562380,562407,195.19078947368425,27,-1389.0,46,27,4199.0,True,True,bp,-7.68
11378,960.9754872562828,65,7,15,562466,562426,562491,562453,562472,201.98076923076923,19,-899.0,40,25,3064.0,True,True,bp,-7.68
11379,1364.5933638746938,54,7,-12,562512,562491,562545,562498,562522,140.17857142857144,24,-690.0,21,33,3710.0,True,True,bp,-7.68
11380,1061.054447439396,46,9,-4,562566,562545,562591,562553,562573,122.32967032967035,20,-434.0,21,25,1618.0,False,False,bp,-7.68
11381,992.7147702804835,50,2,2,562617,562591,562641,562602,562622,182.03333333333333,20,-2010.0,26,24,3233.0,True,True,bp,-7.68
11382,880.7567815379978,49,-2,-29,562651,562641,562690,562644,562677,121.46703296703295,33,-1215.0,10,39,2087.0,True,False,bp,-7.68
11383,813.5639512826834,84,-27,2,562733,562690,562774,562708,562757,101.80666666666669,49,-3269.0,43,41,3773.0,False,False,bp,-7.68
11384,721.3217564489548,40,17,-20,562784,562774,562814,562779,562798,90.50714285714287,19,-904.0,10,30,2458.0,False,False,bp,-7.68
11385,528.1776957719227,61,-1,9,562849,562814,562875,562834,562863,74.1,29,-721.0,35,26,2735.0,True,True,bp,-7.68
11386,674.3783403020186,51,-7,31,562916,562875,562926,562891,562920,160.04,29,-962.0,41,10,2448.0,True,False,bp,-7.68
11387,702.6570377975388,48,8,0,562950,562926,562974,562942,562956,198.0625,14,-1257.0,24,24,2440.0,True,True,bp,-7.68
11388,456.5524026996879,34,8,-16,562983,562974,563008,562978,562995,154.04166666666666,17,-974.0,9,25,1558.0,True,True,bp,-7.68
11389,379.32091816605435,50,1,4,563035,563008,563058,563020,563054,26.894736842105264,34,-506.0,27,23,1978.0,True,True,bp,-7.68
11390,733.8949696910877,51,6,31,563099,563058,563109,563089,563103,199.45,14,-1229.0,41,10,2145.0,True,False,bp,-7.68
11391,1031.0636317222156,61,-4,-13,563133,563109,563170,563123,563151,129.33333333333334,28,-2534.0,24,37,3048.0,False,False,bp,-7.68
11392,96.98852540434576,21,6,-3,563179,563170,563191,563175,563185,151.625,10,-608.0,9,12,1940.0,False,False,bp,-7.68
11393,161.2227878253376,33,-2,17,563216,563191,563224,563201,563220,65.46666666666667,19,-55.0,25,8,1217.0,True,True,bp,-7.68
11394,582.2515533994489,50,10,2,563250,563224,563274,563237,563254,141.7019230769231,17,-1189.0,26,24,1848.0,True,True,bp,-7.68
11395,1240.7200925466268,50,4,-8,563295,563274,563324,563281,563305,117.52142857142857,24,-2004.0,21,29,3192.0,True,True,bp,-7.68
11396,778.617819709763,66,4,-16,563349,563324,563390,563333,563362,89.61538461538461,29,-1677.0,25,41,2779.0,True,True,bp,-7.68
11397,641.7257980034537,68,-2,-48,563400,563390,563458,563395,563435,163.07142857142858,40,-1360.0,10,58,3731.0,True,True,bp,-7.68
11398,1197.1597670900144,52,-2,-2,563483,563458,563510,563473,563494,166.15454545454546,21,-1501.0,25,27,2378.0,False,False,bp,-7.68
11399,259.7847963561746,31,-7,-17,563517,563510,563541,563513,563537,115.275,24,-223.0,7,24,2280.0,False,False,bp,-7.68
11400,654.6156113789324,56,-11,28,563583,563541,563597,563554,563585,185.0948275862069,31,-956.0,42,14,1727.0,True,False,bp,-7.68
11401,662.2192380642766,44,-4,-6,563616,563597,563641,563605,563631,102.77878787878788,26,-1785.0,19,25,1839.0,True,True,bp,-7.68
11402,877.8089996648594,67,-12,-17,563666,563641,563708,563653,563690,135.11538461538458,37,-3178.0,25,42,2225.0,True,True,bp,-7.68
11403,286.9908671578984,50,-32,22,563744,563708,563758,563715,563755,43.5141065830721,40,-3378.0,36,14,1186.0,False,False,bp,-7.68
11404,385.4891004965269,38,16,-12,563771,563758,563796,563763,563779,156.9375,16,-5417.0,13,25,1539.0,False,False,bp,-7.68
11405,367.59024347963776,75,-22,21,563844,563796,563871,563811,563857,106.34731934731934,46,-6525.0,48,27,2239.0,True,False,bp,-7.68
11406,1010.8033874201742,41,1,5,563894,563871,563912,563881,563900,152.6602564102564,19,-7268.0,23,18,2519.0,True,False,bp,-7.68
11407,343.5456941513157,28,0,14,563933,563912,563940,563920,563934,138.9230769230769,14,-6601.0,21,7,904.0,False,False,bp,-7.68
11408,445.3208709647329,47,-14,-3,563962,563940,563987,563948,563982,42.50714285714285,34,-7022.0,22,25,2229.0,True,False,bp,-7.68
11409,444.3722156671311,48,0,10,564016,563987,564035,564002,564025,78.66666666666666,23,-7171.0,29,19,2295.0,True,True,bp,-7.68
11410,180.4375107957312,38,2,14,564061,564035,564073,564048,564070,65.92735042735042,22,-6584.0,26,12,912.0,False,False,bp,-7.68
11411,521.4288376752291,91,3,-39,564099,564073,564164,564094,564129,199.23333333333332,35,-8909.0,26,65,4524.0,False,False,bp,-7.68
11412,756.2963533436722,40,14,-4,564182,564164,564204,564167,564185,202.9333333333333,18,-7039.0,18,22,2539.0,True,False,bp,-7.68
11413,760.4933186370438,60,-14,28,564248,564204,564264,564217,564252,202.76209677419357,35,-6944.0,44,16,3540.0,False,False,bp,-7.68
11414,566.5470620307292,44,-4,-4,564284,564264,564308,564273,564293,111.979797979798,20,-4583.0,20,24,2688.0,False,False,bp,-7.68
11415,203.2407488110627,33,4,-25,564312,564308,564341,564309,564329,216.14705882352942,20,-3202.0,4,29,2336.0,False,False,bp,-7.68
11416,595.97185897943,33,-4,17,564366,564341,564374,564353,564369,199.94871794871798,16,-2802.0,25,8,2876.0,False,False,bp,-7.68
11417,308.88582791989865,39,16,13,564400,564374,564413,564381,564406,81.69736842105263,25,-1198.0,26,13,1528.0,False,False,bp,-7.68
11418,933.8515822749783,78,-13,40,564472,564413,564491,564447,564477,192.34,30,-5313.0,59,19,2750.0,False,False,bp,-7.68
11419,496.60553577962264,60,6,-34,564504,564491,564551,564494,564530,93.18846153846157,36,-5056.0,13,47,2192.0,True,False,bp,-7.68
11420,1695.3800184061529,45,-12,7,566467,566441,566486,566448,566476,122.33333333333334,28,-159.0,26,19,1594.0,False,False,bp,-0.0625
11421,208.54718727203453,38,-5,-12,566499,566486,566524,566492,566513,88.89285714285714,21,199.0,13,25,1460.0,True,True,bp,-0.0625
11422,218.05679704435246,34,21,-16,566533,566524,566558,566529,566539,148.08333333333334,10,88.0,9,25,1598.0,True,True,bp,-0.0625
11423,488.1321130599922,50,7,2,566584,566558,566608,566570,566595,48.633116883116884,25,-118.0,26,24,1896.0,True,True,bp,-0.0625
11424,939.8660144592717,66,4,-14,566634,566608,566674,566627,566659,162.40285714285713,32,-1406.0,26,40,4125.0,True,True,bp,-0.0625
11425,1012.5597749753323,84,-17,0,566716,566674,566758,566695,566742,97.60256410256409,47,-1749.0,42,42,3264.0,True,False,bp,-0.0625
11426,623.6286471208633,49,9,1,566783,566758,566807,566772,566787,143.57954545454544,15,-1076.0,25,24,1627.0,True,False,bp,-0.0625
11427,253.01739481756104,34,9,-16,566816,566807,566841,566811,566827,94.6818181818182,16,-567.0,9,25,1804.0,True,True,bp,-0.0625
11428,493.29234606713663,50,17,0,566866,566841,566891,566852,566885,28.06203007518797,33,55.0,25,25,1819.0,False,False,bp,-0.0625
11429,1356.4524481471526,84,14,32,566949,566891,566975,566935,566957,213.41071428571428,22,-2732.0,58,26,4212.0,False,False,bp,-0.0625
11430,855.3198725377736,79,33,-29,567000,566975,567054,566993,567014,102.21428571428572,21,-629.0,25,54,2068.0,True,True,bp,-0.0625
11431,744.8718973373028,70,-7,-12,567083,567054,567124,567068,567103,83.125,35,-1287.0,29,41,2499.0,False,False,bp,-0.0625
11432,553.8059123994599,57,7,-7,567149,567124,567181,567131,567171,40.34090909090909,40,98.0,25,32,2073.0,False,False,bp,-0.0625
11433,567.4458321819668,77,-10,25,567232,567181,567258,567218,567246,30.32142857142857,28,421.0,51,26,1794.0,True,True,bp,-0.0625
11434,894.3724615220323,66,-4,-16,567283,567258,567324,567264,567306,78.15331807780319,42,-352.0,25,41,3701.0,True,True,bp,-0.0625
11435,1661.617753845088,84,-10,2,567367,567324,567408,567344,567384,118.74296675191816,40,-1641.0,43,41,4556.0,True,True,bp,-0.0625
11436,605.9818727669949,67,-31,15,567449,567408,567475,567414,567463,58.87142857142857,49,-468.0,41,26,2258.0,True,False,bp,-0.0625
11437,451.1201202161783,50,13,-26,567487,567475,567525,567481,567511,90.04166666666669,30,477.0,12,38,2483.0,True,False,bp,-0.0625
11438,237.70906799953843,99,-37,49,567599,567525,567624,567554,567612,46.39145299145299,58,-401.0,74,25,1924.0,True,False,bp,-0.0625
11439,727.4239833879731,67,-23,-17,567649,567624,567691,567633,567676,74.55555555555556,43,-1208.0,25,42,3727.0,False,False,bp,-0.0625
11440,778.7262345117013,50,-20,22,567727,567691,567741,567696,567736,53.508960573476706,40,1455.0,36,14,1628.0,False,False,bp,-0.0625
11441,356.5041112700339,34,0,16,567766,567741,567775,567756,567770,186.875,14,496.0,25,9,2110.0,True,False,bp,-0.0625
11442,1144.8763478960436,67,27,-19,567799,567775,567842,567784,567805,201.2,21,-1023.0,24,43,3590.0,True,False,bp,-0.0625
11443,728.3401658468832,49,-15,5,567869,567842,567891,567853,567885,74.84375,32,66.0,27,22,2049.0,True,True,bp,-0.0625
11444,705.0623991759486,50,-2,0,567916,567891,567941,567902,567926,115.04285714285713,24,-788.0,25,25,3067.0,True,True,bp,-0.0625
11445,438.4661354855278,34,-1,16,567966,567941,567975,567948,567968,152.58333333333334,20,274.0,25,9,1228.0,True,False,bp,-0.0625
11446,300.790623711995,83,-47,-1,568016,567975,568058,567987,568052,29.53448275862069,65,-61.0,41,42,2543.0,True,False,bp,-0.0625
11447,578.0236540498837,34,2,16,568083,568058,568092,568070,568089,122.90384615384615,19,-230.0,25,9,1380.0,True,False,bp,-0.0625
11448,317.8643633407112,65,-28,37,568143,568092,568157,568110,568154,54.96969696969697,44,-1602.0,51,14,1502.0,True,False,bp,-0.0625
11449,212.60423798438904,51,-4,9,568187,568157,568208,568170,568196,17.92156862745098,26,-1853.0,30,21,633.0,False,False,bp,-0.0625
11450,496.7991948880018,37,-7,11,568232,568208,568245,568218,568237,118.14285714285714,19,-3370.0,24,13,1879.0,False,False,bp,-0.0625
11451,363.5638357985906,32,-7,-8,568257,568245,568277,568249,568267,106.05,18,-3417.0,12,20,1275.0,True,True,bp,-0.0625
11452,106.91843045856658,32,-13,-22,568282,568277,568309,568278,568301,95.2105263157895,23,-2956.0,5,27,2405.0,False,False,bp,-0.0625
11453,195.81475684787074,46,4,-26,568319,568309,568355,568311,568334,76.91666666666666,23,-1468.0,10,36,2267.0,False,False,bp,-0.0625
11454,522.0066379065979,36,1,-14,568366,568355,568391,568361,568382,74.2125,21,33.0,11,25,2270.0,False,False,bp,-0.0625
11455,669.9503605034273,35,9,17,568417,568391,568426,568404,568421,200.24038461538458,17,-723.0,26,9,2242.0,True,False,bp,-0.0625
11456,753.2453256875417,63,-16,19,568467,568426,568489,568447,568478,87.85454545454544,31,-1842.0,41,22,1812.0,True,False,bp,-0.0625
11457,718.0649083685374,51,25,-27,568501,568489,568540,568493,568507,205.1875,14,-3002.0,12,39,2289.0,True,False,bp,-0.0625
11458,511.61574832690775,51,-6,1,568566,568540,568591,568546,568577,62.34090909090909,31,-3509.0,26,25,1312.0,False,False,bp,-0.0625
11459,395.35625872974197,66,35,-14,568617,568591,568657,568602,568627,69.86666666666667,25,-3735.0,26,40,1953.0,True,True,bp,-0.0625
11460,3599.193447634054,53,14,-3,566466,566441,566494,566452,566474,373.5535714285714,22,-1345.0,25,28,7383.0,True,True,bp,-0.0625
11461,2271.4009420580965,64,-1,2,566527,566494,566558,566510,566541,179.04201680672267,31,418.0,33,31,5537.0,True,True,bp,-0.0625
11462,1522.8425191141694,66,-6,4,566593,566558,566624,566571,566604,116.8409090909091,33,1444.0,35,31,3012.0,True,True,bp,-0.0625
11463,1979.008599873863,66,24,-24,566645,566624,566690,566631,566655,195.25714285714287,24,-186.0,21,45,4107.0,True,True,bp,-0.0625
11464,1657.4171220086198,51,14,1,566716,566690,566741,566703,566721,258.03846153846155,18,-797.0,26,25,3340.0,False,False,bp,-0.0625
11465,573.915106975803,51,3,1,566767,566741,566792,566753,566780,76.57692307692308,27,1129.0,26,25,2932.0,False,False,bp,-0.0625
11466,700.9622624979106,67,-8,15,566833,566792,566859,566810,566842,104.53381642512078,32,727.0,41,26,2103.0,True,True,bp,-0.0625
11467,1108.648328168829,48,12,-6,566880,566859,566907,566866,566890,126.74285714285713,24,358.0,21,27,3281.0,True,False,bp,-0.0625
11468,727.9545585441596,84,17,-32,566933,566907,566991,566926,566955,184.27272727272728,29,-345.0,26,58,2422.0,True,False,bp,-0.0625
11469,1237.6490377859768,50,17,-10,567011,566991,567041,567001,567022,129.7409090909091,21,274.0,20,30,4011.0,False,False,bp,-0.0625
11470,2367.7552095572933,81,11,1,567082,567041,567122,567060,567090,211.33522727272728,30,-864.0,41,40,5193.0,True,True,bp,-0.0625
11471,2166.735422557258,53,1,5,567151,567122,567175,567131,567167,141.61875,36,-1249.0,29,24,4747.0,True,True,bp,-0.0625
11472,935.2682668270613,82,-2,32,567232,567175,567257,567204,567238,141.17857142857142,34,240.0,57,25,2961.0,True,True,bp,-0.0625
11473,1863.619957157405,67,17,-13,567284,567257,567324,567270,567297,154.5906593406593,27,-360.0,27,40,4794.0,True,True,bp,-0.0625
11474,1532.1933268100222,51,-17,21,567360,567324,567375,567341,567369,124.55555555555556,28,-417.0,36,15,2176.0,False,False,bp,-0.0625
11475,400.8934746095666,33,-5,-7,567388,567375,567408,567380,567403,59.8625,23,762.0,13,20,1611.0,False,False,bp,-0.0625
11476,822.0334332068138,79,-27,37,567466,567408,567487,567421,567471,152.71111111111108,50,-899.0,58,21,3090.0,False,False,bp,-0.0625
11477,1195.5572386116387,38,8,-6,567503,567487,567525,567494,567521,116.77777777777777,27,-515.0,16,22,2503.0,True,False,bp,-0.0625
11478,581.8171645189484,112,-35,38,567600,567525,567637,567556,567621,44.254329004329,65,-47.0,75,37,2591.0,True,False,bp,-0.0625
11479,2157.999116936764,53,6,-3,567662,567637,567690,567651,567673,227.13636363636363,22,-2400.0,25,28,5037.0,False,False,bp,-0.0625
11480,478.4067658005407,48,-11,4,567716,567690,567738,567701,567728,47.7,27,1220.0,26,22,2064.0,False,False,bp,-0.0625
11481,906.3563008901167,37,-17,-13,567750,567738,567775,567744,567771,149.88095238095238,27,558.0,12,25,2021.0,True,True,bp,-0.0625
11482,306.49637170387336,33,2,-11,567786,567775,567808,567781,567802,78.1375,21,1428.0,11,22,1662.0,True,True,bp,-0.0625
11483,958.6565398961176,33,8,17,567833,567808,567841,567825,567836,270.3125,11,-7.0,25,8,2809.0,True,True,bp,-0.0625
11484,324.6867770022377,34,9,16,567866,567841,567875,567855,567872,91.03030303030305,17,480.0,25,9,1192.0,False,False,bp,-0.0625
11485,486.0381575473192,50,1,32,567916,567875,567925,567898,567920,186.77777777777774,22,-1424.0,41,9,2357.0,False,False,bp,-0.0625
11486,106.15696013966243,33,8,15,567949,567925,567958,567943,567951,288.3333333333333,8,-1378.0,24,9,2529.0,True,True,bp,-0.0625
11487,384.45710620326224,46,-10,8,567985,567958,568004,567967,567993,32.673611111111114,26,-334.0,27,19,1234.0,True,True,bp,-0.0625
11488,420.8548212779068,36,4,-10,568017,568004,568040,568009,568030,70.13942307692308,21,-820.0,13,23,1300.0,False,False,bp,-0.0625
11489,442.6380512769693,51,4,-1,568065,568040,568091,568055,568077,111.29166666666666,22,-2197.0,25,26,1433.0,False,False,bp,-0.0625
11490,201.45723822904137,34,6,14,568115,568091,568125,568103,568120,104.225,17,-2643.0,24,10,1265.0,False,False,bp,-0.0625
11491,511.5045900961477,50,-14,26,568163,568125,568175,568143,568167,71.55,24,-4002.0,38,12,1382.0,False,False,bp,-0.0625
11492,260.83341613131125,31,-9,5,568193,568175,568206,568177,568200,61.57142857142857,23,-4696.0,18,13,813.0,False,False,bp,-0.0625
11493,441.4288619404837,52,-16,4,568234,568206,568258,568214,568248,41.65,34,-5177.0,28,24,1953.0,True,True,bp,-0.0625
11494,611.33773140018,49,-12,1,568283,568258,568307,568266,568294,108.47593582887698,28,-5217.0,25,24,2334.0,False,False,bp,-0.0625
11495,99.28294939994802,18,5,-6,568313,568307,568325,568310,568318,203.36666666666667,8,-4042.0,6,12,1653.0,False,False,bp,-0.0625
11496,130.4787555033696,39,16,-25,568332,568325,568364,568331,568344,122.5,13,-2636.0,7,32,2792.0,False,False,bp,-0.0625
11497,472.83479061185466,32,6,-8,568376,568364,568396,568373,568385,149.72222222222226,12,-747.0,12,20,2784.0,False,False,bp,-0.0625
11498,294.52130820739626,29,11,11,568416,568396,568425,568403,568418,147.5,15,280.0,20,9,1676.0,True,False,bp,-0.0625
11499,580.6057358269052,64,1,-4,568455,568425,568489,568444,568470,79.63939393939394,26,-465.0,30,34,1704.0,True,False,bp,-0.0625
11500,778.5640144325766,52,-6,4,568517,568489,568541,568497,568528,77.71136363636364,31,-1824.0,28,24,1468.0,False,False,bp,-0.0625
11501,907.5262862138223,51,-23,29,568581,568541,568592,568553,568587,133.69047619047618,34,-4022.0,40,11,2456.0,False,False,bp,-0.0625
11502,415.251022956631,59,1,-35,568604,568592,568651,568598,568629,111.48333333333332,31,-3389.0,12,47,2328.0,True,False,bp,-0.0625
11503,933.632138541561,79,4,-3,570349,570311,570390,570330,570362,86.66194331983806,32,585.0,38,41,2479.0,True,True,bp,-4.1891891891891895
11504,1138.7019815256745,67,12,-15,570416,570390,570457,570398,570436,72.05555555555556,38,-295.0,26,41,2181.0,True,True,bp,-4.1891891891891895
11505,1354.701028027648,63,10,23,570500,570457,570520,570486,570505,224.13571428571427,19,-1450.0,43,20,4177.0,True,False,bp,-4.1891891891891895
11506,1023.7590089769079,56,7,4,570550,570520,570576,570534,570562,73.75,28,425.0,30,26,2971.0,True,True,bp,-4.1891891891891895
11507,1455.3237638888754,65,-16,15,570616,570576,570641,570597,570633,101.30495356037152,36,-250.0,40,25,3909.0,True,False,bp,-4.1891891891891895
11508,558.6331239827616,33,3,11,570663,570641,570674,570653,570669,132.15,16,1027.0,22,11,1900.0,True,False,bp,-4.1891891891891895
11509,888.4110982112262,51,11,23,570711,570674,570725,570688,570721,70.73913043478261,33,762.0,37,14,1931.0,False,False,bp,-4.1891891891891895
11510,484.2046328846962,99,-13,17,570783,570725,570824,570765,570807,78.09722222222223,42,-1299.0,58,41,2143.0,False,False,bp,-4.1891891891891895
11511,291.8531794161272,35,5,17,570850,570824,570859,570836,570854,137.17857142857144,18,-407.0,26,9,1733.0,True,False,bp,-4.1891891891891895
11512,525.4123734057794,49,2,-1,570883,570859,570908,570877,570894,154.58333333333331,17,-790.0,24,25,2319.0,True,True,bp,-4.1891891891891895
11513,324.6142391176456,34,3,-16,570917,570908,570942,570913,570933,104.59375,20,256.0,9,25,1777.0,True,True,bp,-4.1891891891891895
11514,813.8413564007299,33,11,15,570966,570942,570975,570956,570970,179.45,14,-204.0,24,9,2517.0,True,False,bp,-4.1891891891891895
11515,971.9518889430327,66,-9,14,571015,570975,571041,570995,571028,93.91923076923077,33,-787.0,40,26,3209.0,False,False,bp,-4.1891891891891895
11516,606.0313006958112,67,-13,-17,571066,571041,571108,571052,571088,55.72077922077922,36,1421.0,25,42,2863.0,False,False,bp,-4.1891891891891895
11517,751.2486721205478,46,0,4,571133,571108,571154,571111,571144,57.63636363636363,33,1564.0,25,21,1505.0,False,False,bp,-4.1891891891891895
11518,1387.4297787773526,70,12,0,571189,571154,571224,571177,571204,122.78333333333332,27,-334.0,35,35,3088.0,False,False,bp,-4.1891891891891895
11519,1089.5172864924334,68,2,-12,571252,571224,571292,571243,571276,134.42361111111111,33,-489.0,28,40,3037.0,True,True,bp,-4.1891891891891895
11520,2186.718336044456,66,13,-8,571321,571292,571358,571311,571336,190.03333333333333,25,-2467.0,29,37,3824.0,True,True,bp,-4.1891891891891895
11521,1695.0411736425144,66,-7,-14,571384,571358,571424,571374,571404,164.325,30,-2989.0,26,40,4658.0,False,False,bp,-4.1891891891891895
11522,617.0636700672452,50,12,-32,571433,571424,571474,571427,571454,138.7619047619048,27,-267.0,9,41,3030.0,False,False,bp,-4.1891891891891895
11523,929.3632703820327,49,-1,1,571499,571474,571523,571493,571512,146.65384615384616,19,227.0,25,24,1957.0,True,True,bp,-4.1891891891891895
11524,467.368865819748,64,-21,-12,571549,571523,571587,571530,571572,45.38443935926773,42,-466.0,26,38,780.0,False,False,bp,-4.1891891891891895
11525,628.9913840667543,55,-1,-29,571600,571587,571642,571593,571626,107.5,33,-1905.0,13,42,2601.0,False,False,bp,-4.1891891891891895
11526,413.65925580033615,50,1,-12,571661,571642,571692,571658,571676,215.2,18,-1010.0,19,31,1790.0,True,True,bp,-4.1891891891891895
11527,516.8111341739964,36,21,-22,571699,571692,571728,571695,571713,147.41071428571428,18,-830.0,7,29,1988.0,True,False,bp,-4.1891891891891895
11528,215.725428743213,63,-15,35,571777,571728,571791,571752,571784,54.46285714285714,32,-1667.0,49,14,1229.0,False,False,bp,-4.1891891891891895
11529,405.8785159345521,50,-14,-6,571813,571791,571841,571801,571829,58.30208333333334,28,-2450.0,22,28,1661.0,True,True,bp,-4.1891891891891895
11530,222.6357373796818,37,30,-21,571849,571841,571878,571843,571862,168.38461538461542,19,-2663.0,8,29,1844.0,True,False,bp,-4.1891891891891895
11531,349.7350119458538,62,-15,38,571928,571878,571940,571911,571935,80.26890756302521,24,-3285.0,50,12,1531.0,True,False,bp,-4.1891891891891895
11532,251.41154148725232,53,-10,-1,571966,571940,571993,571944,571979,61.13811188811189,35,-3638.0,26,27,1865.0,True,True,bp,-4.1891891891891895
11533,164.56258989532122,48,12,-4,572015,571993,572041,572004,572018,111.46969696969695,14,-3132.0,22,26,1200.0,True,True,bp,-4.1891891891891895
11534,346.86105676095434,33,-1,-7,572054,572041,572074,572044,572063,68.82222222222222,19,-3534.0,13,20,1699.0,True,False,bp,-4.1891891891891895
11535,195.30144834825654,65,-13,-39,572087,572074,572139,572081,572122,115.37857142857143,41,-4027.0,13,52,2980.0,False,False,bp,-4.1891891891891895
11536,167.68816018992953,36,-10,12,572163,572139,572175,572150,572170,44.50549450549451,20,-2488.0,24,12,1612.0,False,False,bp,-4.1891891891891895
11537,618.5864578525752,55,26,-37,572184,572175,572230,572180,572211,185.8842592592593,31,-2900.0,9,46,2899.0,True,False,bp,-4.1891891891891895
11538,455.65479566568354,78,-4,20,572279,572230,572308,572268,572293,93.47727272727272,25,-1768.0,49,29,2089.0,True,False,bp,-4.1891891891891895
11539,263.06297450249883,32,8,-10,572319,572308,572340,572314,572329,91.3,15,-862.0,11,21,1347.0,False,False,bp,-4.1891891891891895
11540,920.7690402908194,69,9,-17,572366,572340,572409,572352,572382,92.46428571428572,30,-2873.0,26,43,3163.0,False,False,bp,-4.1891891891891895
11541,1893.642992687688,68,1,-8,570370,570340,570408,570360,570389,191.77894736842103,29,-1558.0,30,38,5068.0,True,True,bp,-4.1891891891891895
11542,2459.062225159437,49,22,1,570433,570408,570457,570419,570442,220.968253968254,23,-1776.0,25,24,4355.0,True,True,bp,-4.1891891891891895
11543,2945.943748309774,67,18,17,570499,570457,570524,570487,570507,356.27083333333337,20,-4253.0,42,25,7168.0,True,True,bp,-4.1891891891891895
11544,2754.0042673710686,68,14,-4,570556,570524,570592,570545,570572,222.875,27,-1829.0,32,36,7145.0,True,True,bp,-4.1891891891891895
11545,3686.83134862979,66,14,6,570628,570592,570658,570613,570639,308.60909090909087,26,-4087.0,36,30,7058.0,True,True,bp,-4.1891891891891895
11546,3653.412956945004,66,7,8,570695,570658,570724,570679,570708,275.58173076923083,29,-3896.0,37,29,8210.0,True,False,bp,-4.1891891891891895
11547,480.9543213376051,118,-56,32,570799,570724,570842,570744,570827,55.46493506493506,83,-750.0,75,43,2567.0,True,False,bp,-4.1891891891891895
11548,549.1737987531952,65,-16,-17,570866,570842,570907,570854,570890,136.66666666666669,36,-1482.0,24,41,4156.0,True,False,bp,-4.1891891891891895
11549,421.8642471930248,35,-1,-11,570919,570907,570942,570910,570934,93.32222222222221,24,552.0,12,23,1828.0,True,False,bp,-4.1891891891891895
11550,821.9157759073555,50,3,-2,570966,570942,570992,570957,570978,151.5,21,-705.0,24,26,2927.0,True,True,bp,-4.1891891891891895
11551,577.4108777225789,50,-7,-2,571016,570992,571042,571002,571028,86.95833333333334,26,59.0,24,26,2655.0,True,False,bp,-4.1891891891891895
11552,90.82991127918487,28,2,-12,571050,571042,571070,571047,571062,171.20833333333334,15,1310.0,8,20,1663.0,True,False,bp,-4.1891891891891895
11553,497.6758638607023,55,40,-27,571084,571070,571125,571079,571088,218.95,9,531.0,14,41,1574.0,True,False,bp,-4.1891891891891895
11554,540.232644318823,49,9,-1,571149,571125,571174,571137,571161,165.58333333333331,24,-868.0,24,25,2469.0,True,True,bp,-4.1891891891891895
11555,843.9970250610799,50,-14,2,571200,571174,571224,571194,571218,114.41666666666669,24,-584.0,26,24,1941.0,True,True,bp,-4.1891891891891895
11556,279.78976518892216,37,-8,5,571245,571224,571261,571228,571256,24.433155080213904,28,228.0,21,16,524.0,False,False,bp,-4.1891891891891895
11557,1205.1528343173802,47,21,-3,571283,571261,571308,571276,571290,225.5,14,-1857.0,22,25,3583.0,False,False,bp,-4.1891891891891895
11558,1640.9303829366336,50,-3,0,571333,571308,571358,571325,571350,171.77941176470586,25,-2168.0,25,25,3545.0,True,True,bp,-4.1891891891891895
11559,1029.6543814186823,66,-27,24,571403,571358,571424,571372,571413,112.7516129032258,41,-2331.0,45,21,3703.0,True,False,bp,-4.1891891891891895
11560,717.0392398259793,39,1,3,571445,571424,571463,571427,571451,84.44444444444446,24,-759.0,21,18,1479.0,True,False,bp,-4.1891891891891895
11561,415.18580368465933,30,8,10,571483,571463,571493,571476,571486,141.23809523809524,10,-853.0,20,10,1214.0,True,True,bp,-4.1891891891891895
11562,316.20470143961705,45,-17,9,571520,571493,571538,571504,571533,43.45192307692307,29,-692.0,27,18,1595.0,True,True,bp,-4.1891891891891895
11563,429.69943872198206,37,3,-13,571550,571538,571575,571545,571562,132.83333333333334,17,-1015.0,12,25,1651.0,True,True,bp,-4.1891891891891895
11564,422.51306000174935,49,17,-11,571594,571575,571624,571582,571604,75.89166666666667,22,-1069.0,19,30,1262.0,True,True,bp,-4.1891891891891895
11565,730.2695400051233,50,0,2,571650,571624,571674,571643,571669,79.38345864661653,26,-1148.0,26,24,2422.0,True,True,bp,-4.1891891891891895
11566,723.1895449621204,50,14,4,571701,571674,571724,571695,571713,163.875,18,-1422.0,27,23,1304.0,False,False,bp,-4.1891891891891895
11567,231.00965702860282,62,-3,22,571766,571724,571786,571745,571777,63.62554112554111,32,-2873.0,42,20,1353.0,False,False,bp,-4.1891891891891895
11568,371.04091690013223,55,-11,19,571823,571786,571841,571806,571835,67.11764705882354,29,-4140.0,37,18,1805.0,False,False,bp,-4.1891891891891895
11569,558.1055019612905,45,-9,23,571875,571841,571886,571853,571878,176.83333333333331,25,-6467.0,34,11,1642.0,False,False,bp,-4.1891891891891895
11570,166.99375709743686,24,13,4,571900,571886,571910,571894,571905,189.96666666666664,11,-7224.0,14,10,1474.0,True,False,bp,-4.1891891891891895
11571,155.15006303549697,48,-3,-4,571932,571910,571958,571929,571947,228.76666666666668,18,-7763.0,22,26,1983.0,True,False,bp,-4.1891891891891895
11572,637.6627335584208,33,29,-15,571967,571958,571991,571962,571979,273.7583333333333,17,-9351.0,9,24,3538.0,True,False,bp,-4.1891891891891895
11573,178.49630867820682,84,-18,58,572062,571991,572075,572025,572070,117.56587837837841,45,-8161.0,71,13,3228.0,True,False,bp,-4.1891891891891895
11574,795.3184792652131,83,-9,5,572119,572075,572158,572097,572142,154.1017786561265,45,-8783.0,44,39,6564.0,False,False,bp,-4.1891891891891895
11575,903.707270275865,52,16,-2,572183,572158,572210,572178,572187,353.65,9,-4884.0,25,27,3730.0,False,False,bp,-4.1891891891891895
11576,135.87487873254162,30,0,-6,572222,572210,572240,572212,572232,62.0,20,-2038.0,12,18,1394.0,False,False,bp,-4.1891891891891895
11577,532.0676969495694,49,1,11,572270,572240,572289,572252,572281,103.27272727272728,29,-3715.0,30,19,2681.0,False,False,bp,-4.1891891891891895
11578,565.0383116565989,101,-8,-13,572333,572289,572390,572311,572362,68.76489028213166,51,-4372.0,44,57,1779.0,True,False,bp,-4.1891891891891895
11579,923.5493897455967,49,-2,-21,573672,573658,573707,573664,573694,100.85795454545456,30,-677.0,14,35,2679.0,False,False,bp,-2.2058823529411766
11580,398.2001749351834,67,-13,-15,573733,573707,573774,573722,573756,78.68774703557312,34,-727.0,26,41,1758.0,True,True,bp,-2.2058823529411766
11581,218.22459774042431,72,-6,-22,573799,573774,573846,573777,573819,33.97954545454545,42,-442.0,25,47,2468.0,True,True,bp,-2.2058823529411766
11582,1295.1030208766133,62,14,-30,573862,573846,573908,573855,573878,185.33482142857144,23,-1054.0,16,46,3909.0,True,True,bp,-2.2058823529411766
11583,877.0906160545319,45,6,3,573932,573908,573953,573915,573935,202.81372549019608,20,-22.0,24,21,2046.0,True,False,bp,-2.2058823529411766
11584,183.37925884603126,21,8,5,573966,573953,573974,573961,573970,100.25,9,861.0,13,8,924.0,True,False,bp,-2.2058823529411766
11585,441.29640617122317,47,-3,5,574000,573974,574021,573987,574010,91.1,23,466.0,26,21,1735.0,True,False,bp,-2.2058823529411766
11586,612.8139071717379,37,-11,19,574049,574021,574058,574030,574053,126.38815789473685,23,-310.0,28,9,1755.0,True,True,bp,-2.2058823529411766
11587,302.17566626101086,33,-4,15,574082,574058,574091,574065,574086,94.66176470588236,21,-954.0,24,9,991.0,False,False,bp,-2.2058823529411766
11588,517.135067145573,66,-19,-16,574116,574091,574157,574103,574143,91.99287749287748,40,-1681.0,25,41,3383.0,True,False,bp,-2.2058823529411766
11589,443.18595427563713,67,-6,-25,574178,574157,574224,574164,574206,69.30357142857143,42,-765.0,21,46,1903.0,True,True,bp,-2.2058823529411766
11590,173.24037141589184,67,-32,17,574266,574224,574291,574242,574284,45.02777777777778,42,-977.0,42,25,1877.0,True,False,bp,-2.2058823529411766
11591,821.6536258423863,50,11,-34,574299,574291,574341,574294,574320,195.51904761904763,26,-1386.0,8,42,3332.0,True,False,bp,-2.2058823529411766
11592,1391.2055726185324,66,29,-16,574366,574341,574407,574357,574386,158.08611111111108,29,-2113.0,25,41,3482.0,True,True,bp,-2.2058823529411766
11593,1056.686107417117,101,-7,-15,574450,574407,574508,574444,574486,172.625,42,-1854.0,43,58,4602.0,True,True,bp,-2.2058823529411766
11594,2102.5924677794915,79,26,-31,574532,574508,574587,574521,574544,253.4318181818182,23,-2936.0,24,55,5173.0,False,False,bp,-2.2058823529411766
11595,877.1595533912016,72,14,-46,574600,574587,574659,574593,574627,127.66666666666669,34,-312.0,13,59,2792.0,False,False,bp,-2.2058823529411766
11596,1292.2776676664905,48,11,0,574683,574659,574707,574675,574687,230.4375,12,-1490.0,24,24,1860.0,False,False,bp,-2.2058823529411766
11597,763.0580522279208,34,-8,-14,574717,574707,574741,574710,574733,114.1875,23,-1188.0,10,24,3067.0,True,True,bp,-2.2058823529411766
11598,1047.9482553459773,39,1,11,574766,574741,574780,574748,574771,160.51111111111112,23,-1427.0,25,14,2573.0,True,True,bp,-2.2058823529411766
11599,1306.209780517959,45,1,-3,574801,574780,574825,574795,574820,194.73245614035088,25,-2367.0,21,24,3299.0,True,False,bp,-2.2058823529411766
11600,279.8921136016584,63,1,21,574867,574825,574888,574846,574878,69.35497835497836,32,-1411.0,42,21,2520.0,True,True,bp,-2.2058823529411766
11601,386.27342428599883,68,7,20,574932,574888,574956,574911,574936,124.94642857142857,25,-973.0,44,24,1730.0,True,True,bp,-2.2058823529411766
11602,814.1863124821467,51,25,3,574983,574956,575007,574968,574987,173.175,19,-1371.0,27,24,2864.0,True,True,bp,-2.2058823529411766
11603,350.9624838099653,67,-13,17,575049,575007,575074,575031,575061,44.90277777777778,30,-158.0,42,25,1526.0,True,True,bp,-2.2058823529411766
11604,173.5975657070611,29,-1,13,575095,575074,575103,575078,575096,50.32352941176471,18,-85.0,21,8,225.0,False,False,bp,-2.2058823529411766
11605,212.12893663219856,37,0,-11,575116,575103,575140,575113,575128,107.25,15,-804.0,13,24,1557.0,False,False,bp,-2.2058823529411766
11606,312.84608184369387,34,-19,-16,575149,575140,575174,575143,575170,100.38095238095238,27,-948.0,9,25,1774.0,False,False,bp,-2.2058823529411766
11607,59.63833844393042,34,2,-6,575188,575174,575208,575178,575195,49.507142857142846,17,67.0,14,20,859.0,False,False,bp,-2.2058823529411766
11608,77.04580188424141,33,15,-17,575216,575208,575241,575214,575229,129.34615384615384,15,2.0,8,25,959.0,True,False,bp,-2.2058823529411766
11609,254.20914334038017,67,-22,17,575283,575241,575308,575259,575297,39.27380952380953,38,-820.0,42,25,1698.0,True,False,bp,-2.2058823529411766
11610,454.5442421730725,67,-5,-17,575333,575308,575375,575313,575355,56.33181818181818,42,-1130.0,25,42,2747.0,True,True,bp,-2.2058823529411766
11611,820.8493592538188,79,40,-31,575399,575375,575454,575392,575411,201.4583333333333,19,-1178.0,24,55,3006.0,True,True,bp,-2.2058823529411766
11612,1380.6026013325104,54,17,4,575483,575454,575508,575470,575490,181.72527472527474,20,-2176.0,29,25,3212.0,True,True,bp,-2.2058823529411766
11613,867.7815787192983,82,4,-22,575538,575508,575590,575527,575560,131.1590909090909,33,-2074.0,30,52,3638.0,True,True,bp,-2.2058823529411766
11614,980.5131295417797,68,-21,-4,575622,575590,575658,575597,575641,72.31157894736842,44,-1497.0,32,36,1466.0,False,False,bp,-2.2058823529411766
11615,291.24961878377536,33,-8,19,575684,575658,575691,575664,575688,92.925,24,-1896.0,26,7,1072.0,True,False,bp,-2.2058823529411766
11616,500.3644825403726,66,28,-14,575717,575691,575757,575704,575728,123.35314685314684,24,-2851.0,26,40,2918.0,True,False,bp,-2.2058823529411766
11617,530.6346253187824,54,2,32,575800,575757,575811,575780,575803,145.525,23,-1813.0,43,11,1590.0,False,False,bp,-2.2058823529411766
11618,925.7619528015497,42,14,12,575838,575811,575853,575828,575845,146.88571428571427,17,-3900.0,27,15,1623.0,False,False,bp,-2.2058823529411766
11619,267.68033869569274,38,1,30,575887,575853,575891,575876,575889,191.1136363636364,13,-4555.0,34,4,1059.0,False,False,bp,-2.2058823529411766
11620,502.15071806069085,87,12,-37,575916,575891,575978,575903,575944,106.2967032967033,41,-5684.0,25,62,3523.0,False,False,bp,-2.2058823529411766
11621,403.627341419058,73,-3,35,576032,575978,576051,575997,576036,179.62857142857143,39,-4439.0,54,19,2825.0,True,False,bp,-2.2058823529411766
11622,669.9984352183552,56,17,6,576082,576051,576107,576072,576087,185.8,15,-3462.0,31,25,3010.0,True,True,bp,-2.2058823529411766
11623,147.5392380887927,68,7,-16,576133,576107,576175,576119,576154,74.57142857142857,35,-1957.0,26,42,3271.0,False,False,bp,-2.2058823529411766
11624,479.0950844775374,83,-7,-1,576216,576175,576258,576196,576237,66.8892857142857,41,-1317.0,41,42,2330.0,True,True,bp,-2.2058823529411766
11625,427.1255197481231,50,-6,34,576300,576258,576308,576271,576304,97.82758620689656,33,-1720.0,42,8,1233.0,False,False,bp,-2.2058823529411766
11626,304.2493350740149,72,33,-18,576335,576308,576380,576331,576351,136.40625,20,-1788.0,27,45,2245.0,True,False,bp,-2.2058823529411766
11627,3736.999400222071,63,23,1,573662,573630,573693,573647,573674,277.7416666666667,27,-2376.0,32,31,7116.0,True,True,bp,-2.2058823529411766
11628,2917.934711595901,65,2,15,573733,573693,573758,573724,573749,293.5173611111111,25,-2404.0,40,25,6177.0,True,True,bp,-2.2058823529411766
11629,2499.415218567617,66,10,-10,573786,573758,573824,573776,573801,224.1,25,-1559.0,28,38,5218.0,True,True,bp,-2.2058823529411766
11630,1487.197969261578,68,1,-16,573850,573824,573892,573836,573872,109.73376623376623,36,185.0,26,42,4416.0,True,True,bp,-2.2058823529411766
11631,2298.7197060372227,65,12,-15,573917,573892,573957,573909,573939,236.5909090909091,30,-498.0,25,40,4717.0,True,True,bp,-2.2058823529411766
11632,887.9028014361203,66,-3,18,573999,573957,574023,573981,574010,116.26767676767678,29,595.0,42,24,2205.0,True,True,bp,-2.2058823529411766
11633,304.4666579014371,67,23,-13,574050,574023,574090,574036,574062,79.82142857142857,26,968.0,27,40,1876.0,True,True,bp,-2.2058823529411766
11634,247.4099405096036,84,5,2,574133,574090,574174,574111,574156,66.76086956521739,45,-245.0,43,41,2852.0,True,True,bp,-2.2058823529411766
11635,1493.6432365929725,83,23,3,574217,574174,574257,574206,574234,151.16577540106954,28,-1568.0,43,40,3947.0,True,True,bp,-2.2058823529411766
11636,799.1120092480555,101,1,17,574316,574257,574358,574285,574333,82.65370018975331,48,-1912.0,59,42,3212.0,True,True,bp,-2.2058823529411766
11637,1889.958598344306,66,8,16,574399,574358,574424,574382,574410,157.36363636363637,28,-1242.0,41,25,5589.0,False,False,bp,-2.2058823529411766
11638,1576.900325088432,68,-11,16,574466,574424,574492,574446,574483,120.11911764705884,37,-427.0,42,26,4378.0,True,True,bp,-2.2058823529411766
11639,758.9527169694353,87,-19,-7,574532,574492,574579,574509,574569,70.57990599294949,60,-707.0,40,47,2965.0,True,True,bp,-2.2058823529411766
11640,992.8086728656652,80,14,-6,574616,574579,574659,574610,574641,134.89666666666668,31,109.0,37,43,2948.0,True,True,bp,-2.2058823529411766
11641,712.1150433098143,65,-7,17,574700,574659,574724,574686,574710,88.55714285714286,24,-193.0,41,24,2214.0,True,False,bp,-2.2058823529411766
11642,348.9559516255158,51,18,-29,574735,574724,574775,574727,574753,86.6736111111111,26,192.0,11,40,2413.0,True,False,bp,-2.2058823529411766
11643,1394.388954410498,66,7,22,574819,574775,574841,574797,574824,215.35,27,-1061.0,44,22,3535.0,True,False,bp,-2.2058823529411766
11644,1637.8629307578126,65,23,-15,574866,574841,574906,574858,574873,310.9017857142857,15,-2261.0,25,40,4215.0,True,False,bp,-2.2058823529411766
11645,616.9144047494265,35,7,-15,574916,574906,574941,574911,574928,189.3,17,-507.0,10,25,2514.0,True,False,bp,-2.2058823529411766
11646,555.5166074400238,50,11,0,574966,574941,574991,574952,574986,36.36071428571429,34,424.0,25,25,1993.0,True,True,bp,-2.2058823529411766
11647,1368.826119197469,80,1,16,575039,574991,575071,575031,575056,168.77573529411762,25,-1446.0,48,32,3318.0,True,False,bp,-2.2058823529411766
11648,414.9850154351889,36,-11,24,575101,575071,575107,575082,575104,102.22807017543859,22,5.0,30,6,1378.0,True,False,bp,-2.2058823529411766
11649,749.0424727820439,56,-9,16,575143,575107,575163,575115,575154,73.44318181818181,39,-567.0,36,20,2484.0,True,True,bp,-2.2058823529411766
11650,1315.8801572672994,61,4,11,575199,575163,575224,575184,575204,192.3333333333333,20,-1817.0,36,25,2652.0,True,False,bp,-2.2058823529411766
11651,543.7395442340713,34,9,-16,575233,575224,575258,575228,575245,159.2,17,-896.0,9,25,2943.0,True,False,bp,-2.2058823529411766
11652,1704.6060331804895,50,-11,-10,575278,575258,575308,575271,575300,169.21753246753246,29,-958.0,20,30,4738.0,True,True,bp,-2.2058823529411766
11653,2219.173247316704,66,-1,-16,575333,575308,575374,575318,575353,155.08333333333331,35,-1661.0,25,41,5339.0,True,True,bp,-2.2058823529411766
11654,1400.5863142156982,78,-20,8,575417,575374,575452,575387,575436,101.8078947368421,49,-1434.0,43,35,4013.0,True,True,bp,-2.2058823529411766
11655,1905.4505506516266,70,-8,-10,575482,575452,575522,575465,575502,130.60735294117646,37,-2172.0,30,40,4763.0,True,True,bp,-2.2058823529411766
11656,1507.4254719389726,52,23,2,575549,575522,575574,575531,575560,140.5530303030303,29,-1809.0,27,25,2710.0,True,True,bp,-2.2058823529411766
11657,689.5261180480878,84,-18,58,575645,575574,575658,575612,575652,103.3961038961039,40,-4149.0,71,13,2473.0,False,False,bp,-2.2058823529411766
11658,1087.4460679807014,78,6,4,575699,575658,575736,575674,575718,98.06842105263156,44,-5438.0,41,37,4536.0,False,False,bp,-2.2058823529411766
11659,448.0884739805534,72,16,22,575783,575736,575808,575768,575794,80.49393939393941,26,-2824.0,47,25,2056.0,False,False,bp,-2.2058823529411766
11660,692.790191592039,67,-5,15,575849,575808,575875,575836,575863,107.0467032967033,27,-4504.0,41,26,1416.0,False,False,bp,-2.2058823529411766
11661,478.23136443195136,61,18,-11,575900,575875,575936,575885,575906,97.48333333333332,21,-5658.0,25,36,2004.0,True,False,bp,-2.2058823529411766
11662,167.5935380796543,36,17,-10,575949,575936,575972,575945,575952,303.20833333333337,7,-5169.0,13,23,2657.0,True,False,bp,-2.2058823529411766
11663,742.4950622799647,36,17,-14,575983,575972,576008,575976,575993,226.78571428571428,17,-5578.0,11,25,3008.0,True,True,bp,-2.2058823529411766
11664,248.60207835076113,35,9,17,576034,576008,576043,576027,576037,219.69047619047618,10,-4678.0,26,9,2174.0,True,False,bp,-2.2058823529411766
11665,384.3336346967904,87,20,-39,576067,576043,576130,576056,576089,126.29545454545452,33,-5412.0,24,63,3357.0,True,False,bp,-2.2058823529411766
11666,647.1781348445493,62,-21,-22,576150,576130,576192,576142,576183,110.46969696969695,41,-4207.0,20,42,5319.0,False,False,bp,-2.2058823529411766
11667,481.4187873790482,37,-5,17,576219,576192,576229,576203,576223,66.96875,20,-1678.0,27,10,1297.0,False,False,bp,-2.2058823529411766
11668,181.18913868523762,29,-8,15,576251,576229,576258,576238,576255,170.5,17,-3409.0,22,7,2010.0,False,False,bp,-2.2058823529411766
11669,453.57542108485984,37,0,11,576282,576258,576295,576264,576286,158.76388888888889,22,-3513.0,24,13,2231.0,True,False,bp,-2.2058823529411766
11670,636.4724711622384,62,-7,6,576329,576295,576357,576308,576337,78.04761904761905,29,-3569.0,34,28,1578.0,True,False,bp,-2.2058823529411766
11671,1289.460283675282,36,0,-10,578270,578257,578293,578263,578286,167.27678571428572,23,-459.0,13,23,1835.0,True,False,bp,-3.3555555555555556
11672,1013.657153227529,64,30,-20,578315,578293,578357,578309,578330,166.35,21,-1162.0,22,42,3419.0,True,False,bp,-3.3555555555555556
11673,2998.4860853949945,67,9,-3,578389,578357,578424,578381,578402,340.3173076923077,21,-3631.0,32,35,7329.0,True,True,bp,-3.3555555555555556
11674,2076.454833268452,50,10,0,578449,578424,578474,578432,578457,193.60661764705884,25,-428.0,25,25,4207.0,True,True,bp,-3.3555555555555556
11675,1817.4374632263416,68,21,16,578516,578474,578542,578492,578528,173.5,36,-1715.0,42,26,5376.0,True,True,bp,-3.3555555555555556
11676,2445.340496085788,97,6,17,578599,578542,578639,578585,578613,270.14285714285717,28,-4614.0,57,40,6633.0,False,False,bp,-3.3555555555555556
11677,683.7899324178343,35,32,-15,578649,578639,578674,578647,578662,112.69230769230771,15,1573.0,10,25,3108.0,False,False,bp,-3.3555555555555556
11678,2121.52213715706,67,15,21,578718,578674,578741,578709,578729,311.530303030303,20,-2313.0,44,23,4892.0,False,False,bp,-3.3555555555555556
11679,521.9502194994378,47,-10,35,578782,578741,578788,578764,578785,92.05555555555556,21,-705.0,41,6,700.0,False,False,bp,-3.3555555555555556
11680,1158.2097705391584,52,2,-6,578811,578788,578840,578796,578819,125.04583333333332,23,-1874.0,23,29,3552.0,False,False,bp,-3.3555555555555556
11681,572.5587162774748,23,19,-5,578849,578840,578863,578844,578855,202.41666666666669,11,-538.0,9,14,2270.0,True,False,bp,-3.3555555555555556
11682,1085.3368806986286,78,8,-6,578899,578863,578941,578885,578918,97.37781954887218,33,-823.0,36,42,4103.0,True,False,bp,-3.3555555555555556
11683,2372.8253120867466,71,2,13,578983,578941,579012,578959,578993,253.0,34,-2943.0,42,29,7225.0,True,True,bp,-3.3555555555555556
11684,2255.152567594229,62,12,12,579049,579012,579074,579029,579060,159.9590909090909,31,-1221.0,37,25,4127.0,True,True,bp,-3.3555555555555556
11685,1165.7115752369782,100,5,-14,579117,579074,579174,579103,579139,103.93831168831169,36,-580.0,43,57,3885.0,True,False,bp,-3.3555555555555556
11686,2120.628578505325,50,6,-8,579195,579174,579224,579180,579205,192.51666666666665,25,-902.0,21,29,4834.0,True,False,bp,-3.3555555555555556
11687,1026.8673304338588,34,11,14,579248,579224,579258,579236,579252,181.5833333333333,16,6.0,24,10,2040.0,True,False,bp,-3.3555555555555556
11688,1225.364187070297,66,6,16,579299,579258,579324,579279,579304,201.575,25,-1024.0,41,25,3716.0,False,False,bp,-3.3555555555555556
11689,502.6207463436383,36,-3,4,579344,579324,579360,579335,579356,39.486111111111114,21,1364.0,20,16,450.0,False,False,bp,-3.3555555555555556
11690,2575.923968983678,47,8,-5,579381,579360,579407,579374,579389,415.88392857142856,15,-4659.0,21,26,5982.0,False,False,bp,-3.3555555555555556
11691,754.5398707100712,33,-5,-15,579416,579407,579440,579412,579431,194.60833333333332,19,-732.0,9,24,3003.0,False,False,bp,-3.3555555555555556
11692,815.2229198288087,50,-14,2,579466,579440,579490,579445,579477,91.43290043290042,32,363.0,26,24,1876.0,False,False,bp,-3.3555555555555556
11693,2134.871695102428,49,8,-23,579503,579490,579539,579495,579515,255.5833333333333,20,-2463.0,13,36,4745.0,False,False,bp,-3.3555555555555556
11694,1091.8147127855952,69,19,-15,579566,579539,579608,579543,579582,75.17391304347825,39,-994.0,27,42,2517.0,True,True,bp,-3.3555555555555556
11695,947.4018621462436,65,-7,39,579660,579608,579673,579640,579666,129.575,26,-2213.0,52,13,2125.0,True,False,bp,-3.3555555555555556
11696,831.0946725076752,51,6,1,579699,579673,579724,579685,579703,164.66071428571428,18,-3161.0,26,25,2637.0,True,True,bp,-3.3555555555555556
11697,412.9982311772296,83,-11,-65,579733,579724,579807,579727,579778,129.52222222222218,51,-2699.0,9,74,2722.0,True,False,bp,-3.3555555555555556
11698,322.89154147414007,50,-2,2,579833,579807,579857,579818,579844,27.663636363636364,26,-1680.0,26,24,1425.0,True,False,bp,-3.3555555555555556
11699,253.3892265074995,34,0,26,579887,579857,579891,579868,579888,92.18421052631578,20,-3079.0,30,4,520.0,False,False,bp,-3.3555555555555556
11700,285.1552090562727,49,3,3,579917,579891,579940,579908,579927,101.98333333333332,19,-4592.0,26,23,1278.0,False,False,bp,-3.3555555555555556
11701,1194.8082299777186,41,6,-13,579954,579940,579981,579949,579970,147.5625,21,-5036.0,14,27,3886.0,False,False,bp,-3.3555555555555556
11702,1167.4471239504458,43,1,1,580003,579981,580024,579997,580019,139.09375,22,-3764.0,22,21,1992.0,True,True,bp,-3.3555555555555556
11703,486.53452367957686,53,-2,-3,580049,580024,580077,580042,580062,154.6098901098901,20,-4450.0,25,28,1782.0,True,True,bp,-3.3555555555555556
11704,801.1253624528142,47,-6,-13,580094,580077,580124,580080,580111,73.04411764705883,31,-5295.0,17,30,1839.0,True,True,bp,-3.3555555555555556
11705,457.45062286126114,63,4,-15,580148,580124,580187,580136,580167,60.405701754385966,31,-5975.0,24,39,1881.0,True,True,bp,-3.3555555555555556
11706,318.87936554182585,54,-13,4,580216,580187,580241,580202,580228,86.44642857142857,26,-5590.0,29,25,2390.0,False,False,bp,-3.3555555555555556
11707,162.03678579298156,35,-6,-21,580248,580241,580276,580241,580268,34.47142857142857,27,-3390.0,7,28,2117.0,False,False,bp,-3.3555555555555556
11708,338.52564032054767,32,12,14,580299,580276,580308,580289,580304,57.25,15,-2438.0,23,9,759.0,False,False,bp,-3.3555555555555556
11709,700.9541323206668,54,-3,28,580349,580308,580362,580331,580352,138.08333333333334,21,-5089.0,41,13,1493.0,False,False,bp,-3.3555555555555556
11710,520.5421372551937,63,-8,-23,580382,580362,580425,580370,580406,59.04166666666667,36,-4500.0,20,43,4756.0,False,False,bp,-3.3555555555555556
11711,1501.2927414566682,58,23,-10,580449,580425,580483,580434,580454,184.3,20,-3876.0,24,34,2302.0,True,True,bp,-3.3555555555555556
11712,3608.521070110778,66,4,10,578295,578257,578323,578275,578305,264.775,30,-2621.0,38,28,5541.0,True,True,bp,-3.3555555555555556
11713,2430.7216050293364,64,2,-10,578350,578323,578387,578339,578366,215.39204545454544,27,-2205.0,27,37,6572.0,True,True,bp,-3.3555555555555556
11714,3320.9643575662876,53,4,-7,578410,578387,578440,578395,578420,290.6333333333333,25,-1800.0,23,30,7091.0,True,True,bp,-3.3555555555555556
11715,1739.289262515779,61,-11,-7,578467,578440,578501,578449,578485,117.75,36,-197.0,27,34,3050.0,True,True,bp,-3.3555555555555556
11716,2699.3410474610205,56,2,-2,578528,578501,578557,578510,578543,187.19444444444446,33,-2234.0,27,29,6566.0,True,True,bp,-3.3555555555555556
11717,2660.1750714809314,71,5,11,578598,578557,578628,578578,578606,272.4125,28,-3512.0,41,30,5618.0,False,False,bp,-3.3555555555555556
11718,913.3277669368318,63,32,-29,578645,578628,578691,578639,578658,140.46153846153842,19,392.0,17,46,3507.0,False,False,bp,-3.3555555555555556
11719,1563.9470926332838,64,7,-14,578716,578691,578755,578709,578732,182.26339285714286,23,116.0,25,39,3346.0,True,True,bp,-3.3555555555555556
11720,1378.5154313080936,53,-14,1,578782,578755,578808,578762,578794,104.46666666666668,32,-737.0,27,26,2192.0,True,True,bp,-3.3555555555555556
11721,855.8429613222545,66,10,-18,578832,578808,578874,578812,578840,137.725,28,-882.0,24,42,3747.0,True,True,bp,-3.3555555555555556
11722,1542.8037964795956,67,19,-27,578894,578874,578941,578878,578911,118.55698529411764,33,-599.0,20,47,3489.0,True,True,bp,-3.3555555555555556
11723,1472.8854579744254,83,1,1,578983,578941,579024,578963,579002,112.50526315789476,39,-1114.0,42,41,5355.0,True,True,bp,-3.3555555555555556
11724,2190.3703998019173,50,-1,4,579051,579024,579074,579042,579065,225.01190476190484,23,-898.0,27,23,4380.0,True,True,bp,-3.3555555555555556
11725,734.0481916674114,67,-9,17,579116,579074,579141,579087,579121,128.0,34,-1127.0,42,25,2083.0,False,False,bp,-3.3555555555555556
11726,1830.3348794278681,50,-6,0,579166,579141,579191,579146,579174,227.4875,28,-1042.0,25,25,6451.0,False,False,bp,-3.3555555555555556
11727,993.7382155785698,33,5,-13,579201,579191,579224,579196,579217,176.4375,21,2935.0,10,23,2532.0,False,False,bp,-3.3555555555555556
11728,1613.0076008917895,66,5,10,579262,579224,579290,579243,579268,130.33333333333334,25,81.0,38,28,1635.0,False,False,bp,-3.3555555555555556
11729,1504.7313615437354,57,-15,-5,579316,579290,579347,579298,579336,113.59722222222223,38,-2183.0,26,31,4738.0,False,False,bp,-3.3555555555555556
11730,663.9110110866819,56,16,-18,579366,579347,579403,579359,579378,129.4880952380952,19,1024.0,19,37,2369.0,False,False,bp,-3.3555555555555556
11731,1068.3477901904937,54,-12,6,579433,579403,579457,579413,579445,100.975,32,216.0,30,24,2670.0,False,False,bp,-3.3555555555555556
11732,1693.8142257540203,67,0,-15,579483,579457,579524,579465,579501,157.05555555555554,36,-2524.0,26,41,5432.0,False,False,bp,-3.3555555555555556
11733,760.2112813565586,68,-22,-16,579550,579524,579592,579537,579578,82.62774725274727,41,755.0,26,42,2499.0,False,False,bp,-3.3555555555555556
11734,1128.0412477742564,48,-1,2,579617,579592,579640,579597,579621,152.2,24,-382.0,25,23,1880.0,True,False,bp,-3.3555555555555556
11735,288.41787867295375,33,18,-13,579650,579640,579673,579644,579655,153.45,11,-454.0,10,23,1855.0,True,False,bp,-3.3555555555555556
11736,919.3131939079068,67,1,-21,579696,579673,579740,579684,579718,73.04166666666666,34,-1466.0,23,44,2496.0,True,False,bp,-3.3555555555555556
11737,853.7219715755267,51,18,-7,579762,579740,579791,579753,579766,220.94444444444446,13,-1049.0,22,29,2994.0,False,False,bp,-3.3555555555555556
11738,238.04641075678106,19,6,7,579804,579791,579810,579797,579806,94.67857142857143,9,1239.0,13,6,628.0,False,False,bp,-3.3555555555555556
11739,213.7653461698557,30,-10,16,579833,579810,579840,579821,579837,94.04166666666669,16,400.0,23,7,1405.0,False,False,bp,-3.3555555555555556
11740,165.455991853808,35,-7,9,579862,579840,579875,579843,579871,50.84795321637426,28,-174.0,22,13,849.0,False,False,bp,-3.3555555555555556
11741,545.9953745144642,54,-8,16,579910,579875,579929,579892,579916,89.80555555555556,24,-1788.0,35,19,1565.0,False,False,bp,-3.3555555555555556
11742,869.0645971422914,51,-3,-9,579950,579929,579980,579932,579969,71.57602339181288,37,-2362.0,21,30,2881.0,True,False,bp,-3.3555555555555556
11743,938.6298373589475,47,23,27,580017,579980,580027,580003,580022,143.08571428571432,19,-2165.0,37,10,2395.0,True,False,bp,-3.3555555555555556
11744,679.7019568913545,85,9,29,580084,580027,580112,580064,580096,95.29166666666666,32,-2731.0,57,28,1745.0,False,False,bp,-3.3555555555555556
11745,461.37399924305817,85,-18,23,580166,580112,580197,580137,580180,102.30418719211822,43,-4555.0,54,31,2719.0,False,False,bp,-3.3555555555555556
11746,323.5468003236664,61,2,-23,580216,580197,580258,580205,580237,59.222943722943725,32,-3091.0,19,42,3085.0,False,False,bp,-3.3555555555555556
11747,335.77026377248075,66,9,-16,580283,580258,580324,580271,580304,60.83333333333334,33,-1307.0,25,41,2069.0,False,False,bp,-3.3555555555555556
11748,211.9021518168037,44,-3,28,580360,580324,580368,580346,580364,68.78571428571428,18,-1733.0,36,8,449.0,False,False,bp,-3.3555555555555556
11749,670.1781521840343,56,25,-26,580383,580368,580424,580379,580401,140.375,22,-2888.0,15,41,3037.0,False,False,bp,-3.3555555555555556
11750,1538.41380069818,55,8,-7,581832,581808,581863,581823,581844,189.19444444444446,21,439.0,24,31,2589.0,True,True,bp,-2.3333333333333335
11751,717.6610910396446,60,24,-20,581883,581863,581923,581873,581900,73.23529411764707,27,1218.0,20,40,2022.0,False,False,bp,-2.3333333333333335
11752,2807.4251111906624,67,12,13,581963,581923,581990,581951,581974,281.39772727272725,23,-2598.0,40,27,7021.0,False,False,bp,-2.3333333333333335
11753,2384.757720488383,73,6,-19,582017,581990,582063,582009,582037,274.5875,28,-951.0,27,46,7027.0,False,False,bp,-2.3333333333333335
11754,598.5646356273426,28,1,10,582082,582063,582091,582071,582087,157.85454545454547,16,3090.0,19,9,1771.0,False,False,bp,-2.3333333333333335
11755,1367.0459417068914,49,5,-1,582115,582091,582140,582104,582121,174.12878787878788,17,895.0,24,25,2396.0,False,False,bp,-2.3333333333333335
11756,668.1492935515731,34,-10,10,582162,582140,582174,582143,582171,52.39473684210525,28,1906.0,22,12,1133.0,False,False,bp,-2.3333333333333335
11757,1251.0749666526806,50,-2,8,582203,582174,582224,582189,582209,189.51190476190484,20,-2405.0,29,21,2248.0,False,False,bp,-2.3333333333333335
11758,1271.2219345144674,51,8,-35,582232,582224,582275,582227,582256,154.72916666666669,29,-1606.0,8,43,6781.0,False,False,bp,-2.3333333333333335
11759,3701.053506606633,50,32,8,582304,582275,582325,582293,582316,286.8068181818182,23,-1910.0,29,21,5467.0,True,True,bp,-2.3333333333333335
11760,3606.7691182027534,83,13,33,582383,582325,582408,582371,582394,371.6136363636364,23,-5182.0,58,25,8854.0,False,False,bp,-2.3333333333333335
11761,2226.797329785145,66,32,14,582448,582408,582474,582430,582455,178.03174603174602,25,-697.0,40,26,3934.0,False,False,bp,-2.3333333333333335
11762,2970.2584310164093,84,37,24,582528,582474,582558,582512,582543,244.7375,31,-4758.0,54,30,6598.0,False,False,bp,-2.3333333333333335
11763,3181.8974814128887,105,25,19,582620,582558,582663,582611,582639,298.4005847953216,28,-4317.0,62,43,9387.0,True,True,bp,-2.3333333333333335
11764,2597.9314350076856,78,6,18,582711,582663,582741,582692,582723,218.2236842105263,31,-903.0,48,30,6899.0,True,True,bp,-2.3333333333333335
11765,1616.1383680549538,82,11,0,582782,582741,582823,582760,582795,115.50349650349649,35,288.0,41,41,3090.0,False,False,bp,-2.3333333333333335
11766,3843.603523145164,52,21,0,582849,582823,582875,582841,582860,425.6363636363636,19,-3396.0,26,26,9140.0,False,False,bp,-2.3333333333333335
11767,2030.3078686673791,82,8,32,582932,582875,582957,582900,582942,158.690625,42,-2854.0,57,25,3643.0,False,False,bp,-2.3333333333333335
11768,4366.872998848352,69,11,15,582999,582957,583026,582992,583013,471.1071428571429,21,-7008.0,42,27,10739.0,False,False,bp,-2.3333333333333335
11769,958.7858696354324,98,-37,46,583098,583026,583124,583045,583105,182.64690026954182,60,-2428.0,72,26,4367.0,True,True,bp,-2.3333333333333335
11770,934.1101451813557,83,-10,-1,583165,583124,583207,583128,583183,77.58858858858859,55,-684.0,41,42,4689.0,True,True,bp,-2.3333333333333335
11771,1192.6649365603125,95,-7,-9,583250,583207,583302,583228,583278,95.25324675324673,50,405.0,43,52,6045.0,True,True,bp,-2.3333333333333335
11772,3789.7001004206927,62,13,6,583336,583302,583364,583321,583349,287.33333333333337,28,-3379.0,34,28,6896.0,False,False,bp,-2.3333333333333335
11773,570.4528538540351,93,-34,45,583433,583364,583457,583390,583450,55.42270861833105,60,474.0,69,24,2686.0,False,False,bp,-2.3333333333333335
11774,1030.2600693479858,67,1,-7,583487,583457,583524,583476,583505,94.59848484848484,29,457.0,30,37,2461.0,True,True,bp,-2.3333333333333335
11775,1058.129000005622,82,5,-32,583549,583524,583606,583535,583572,98.7080745341615,37,-892.0,25,57,2683.0,True,False,bp,-2.3333333333333335
11776,726.9646148601664,35,-4,9,583628,583606,583641,583614,583635,105.35714285714286,21,367.0,22,13,2425.0,True,False,bp,-2.3333333333333335
11777,707.3605250827005,48,-5,0,583665,583641,583689,583652,583676,75.9090909090909,24,509.0,24,24,1888.0,True,True,bp,-2.3333333333333335
11778,1019.1235151145572,35,-8,-3,583705,583689,583724,583695,583720,114.06666666666666,25,-390.0,16,19,1949.0,True,True,bp,-2.3333333333333335
11779,425.02691374719217,49,-16,-1,583748,583724,583773,583737,583769,49.96969696969697,32,386.0,24,25,1519.0,True,True,bp,-2.3333333333333335
11780,104.20718938092556,34,15,16,583798,583773,583807,583785,583803,66.9,18,857.0,25,9,935.0,False,False,bp,-2.3333333333333335
11781,570.6011999528972,65,2,19,583849,583807,583872,583836,583855,89.1794871794872,19,-369.0,42,23,1821.0,False,False,bp,-2.3333333333333335
11782,382.4680970231138,35,7,-15,583882,583872,583907,583876,583894,121.83333333333334,18,-328.0,10,25,1793.0,True,False,bp,-2.3333333333333335
11783,241.11132688805668,33,-2,17,583932,583907,583940,583919,583934,135.13461538461542,15,-648.0,25,8,992.0,False,False,bp,-2.3333333333333335
11784,413.49434956089056,45,7,-21,583952,583940,583985,583947,583968,99.2625,21,-1062.0,12,33,1533.0,True,False,bp,-2.3333333333333335
11785,232.09974100846162,39,-15,-11,583999,583985,584024,583996,584019,129.03333333333333,23,-658.0,14,25,1754.0,True,True,bp,-2.3333333333333335
11786,580.4867639232634,33,20,15,584048,584024,584057,584027,584050,207.42857142857144,23,-1760.0,24,9,1703.0,True,False,bp,-2.3333333333333335
11787,426.90668053321235,67,-3,19,584100,584057,584124,584093,584111,179.67532467532467,18,-3047.0,43,24,1623.0,True,False,bp,-2.3333333333333335
11788,131.35453150832555,66,-2,-18,584148,584124,584190,584126,584162,29.711038961038962,36,-2631.0,24,42,1471.0,True,False,bp,-2.3333333333333335
11789,490.40381207330574,36,7,-18,584199,584190,584226,584196,584210,199.60606060606065,14,-2877.0,9,27,1989.0,True,False,bp,-2.3333333333333335
11790,413.43675027972364,28,4,-6,584237,584226,584254,584231,584250,92.8846153846154,19,-2003.0,11,17,2285.0,False,False,bp,-2.3333333333333335
11791,643.9687195193368,53,12,3,584282,584254,584307,584273,584285,170.61111111111111,12,-2153.0,28,25,1571.0,True,True,bp,-2.3333333333333335
11792,181.04342908049168,34,0,-16,584316,584307,584341,584309,584328,56.69642857142857,19,-1678.0,9,25,650.0,False,False,bp,-2.3333333333333335
11793,519.1915027982784,50,-18,-8,584362,584341,584391,584347,584384,53.63030303030303,37,-2444.0,21,29,2652.0,False,False,bp,-2.3333333333333335
11794,79.55395239775356,49,-13,1,584416,584391,584440,584403,584434,17.884615384615387,31,-997.0,25,24,1010.0,False,False,bp,-2.3333333333333335
11795,304.06699268167137,68,13,-8,584470,584440,584508,584452,584485,37.805555555555564,33,-1856.0,30,38,1821.0,True,True,bp,-2.3333333333333335
11796,5535.346477191912,67,17,7,581844,581807,581874,581829,581855,389.8787878787878,26,-5153.0,37,30,9784.0,True,True,bp,-2.3333333333333335
11797,3055.3697865664644,79,4,7,581917,581874,581953,581898,581929,224.87280701754383,31,-3810.0,43,36,5192.0,True,False,bp,-2.3333333333333335
11798,1821.313333504989,44,0,14,581982,581953,581997,581964,581987,240.12777777777774,23,-2875.0,29,15,4174.0,True,False,bp,-2.3333333333333335
11799,3607.59905140375,56,18,-10,582020,581997,582053,582010,582034,315.48571428571427,24,-5497.0,23,33,6986.0,True,False,bp,-2.3333333333333335
11800,1329.670340117269,99,21,-39,582083,582053,582152,582076,582108,217.6885714285714,32,-2489.0,30,69,4252.0,False,False,bp,-2.3333333333333335
11801,340.43467297884837,22,18,6,582166,582152,582174,582161,582169,246.83333333333331,8,306.0,14,8,2278.0,False,False,bp,-2.3333333333333335
11802,2191.594264687344,66,22,-4,582205,582174,582240,582195,582218,198.0576923076923,23,-1961.0,31,35,4663.0,True,False,bp,-2.3333333333333335
11803,1788.7093649635424,80,-9,16,582288,582240,582320,582263,582302,117.09714285714287,39,-1194.0,48,32,4520.0,True,True,bp,-2.3333333333333335
11804,2155.2504331524974,71,-1,13,582362,582320,582391,582332,582377,140.85,45,-2182.0,42,29,5937.0,True,True,bp,-2.3333333333333335
11805,2349.665004722332,84,-11,24,582445,582391,582475,582421,582462,177.59926470588238,41,-2836.0,54,30,7495.0,True,True,bp,-2.3333333333333335
11806,1182.735909004165,82,-46,44,582538,582475,582557,582492,582551,102.75083612040136,59,-2440.0,63,19,3584.0,True,False,bp,-2.3333333333333335
11807,860.9921470250557,50,1,2,582583,582557,582607,582564,582595,57.31578947368421,31,-1747.0,26,24,1286.0,False,False,bp,-2.3333333333333335
11808,1112.2075131805198,55,13,-5,582632,582607,582662,582627,582650,142.01666666666662,23,-1959.0,25,30,4606.0,False,False,bp,-2.3333333333333335
11809,1260.7053526419854,79,-13,3,582703,582662,582741,582686,582728,94.40705882352941,42,-940.0,41,38,3954.0,True,True,bp,-2.3333333333333335
11810,2065.3086661982675,66,10,-10,582769,582741,582807,582757,582782,166.8525641025641,25,-1406.0,28,38,3932.0,True,True,bp,-2.3333333333333335
11811,2354.484045643063,65,3,-15,582832,582807,582872,582817,582853,151.0,36,-2436.0,25,40,5200.0,True,True,bp,-2.3333333333333335
11812,1682.5881339271705,85,-4,11,582920,582872,582957,582892,582935,124.275,43,-2734.0,48,37,4605.0,True,True,bp,-2.3333333333333335
11813,3122.7803146315587,66,5,-10,582985,582957,583023,582974,583003,257.0681818181818,29,-3886.0,28,38,7934.0,True,True,bp,-2.3333333333333335
11814,3089.0061580975153,68,-5,-4,583055,583023,583091,583037,583073,196.44444444444446,36,-3182.0,32,36,7240.0,True,True,bp,-2.3333333333333335
11815,1665.6011856509558,66,-5,-18,583115,583091,583157,583104,583136,113.01731601731602,32,-38.0,24,42,1990.0,False,False,bp,-2.3333333333333335
11816,1029.6061560225248,77,-13,-27,583182,583157,583234,583163,583209,87.79532163742691,46,-1152.0,25,52,3482.0,True,True,bp,-2.3333333333333335
11817,3159.781532015552,70,16,-32,583253,583234,583304,583242,583273,237.7340909090909,31,-3468.0,19,51,7352.0,True,True,bp,-2.3333333333333335
11818,2585.8952090013368,55,-5,25,583344,583304,583359,583320,583351,196.75892857142856,31,-2367.0,40,15,4263.0,True,False,bp,-2.3333333333333335
11819,1243.9703749725086,49,11,27,583397,583359,583408,583377,583401,175.5,24,-1923.0,38,11,2173.0,True,False,bp,-2.3333333333333335
11820,513.3908057791181,82,-41,36,583467,583408,583490,583436,583486,49.479626485568765,50,-1574.0,59,23,2158.0,True,False,bp,-2.3333333333333335
11821,469.8443763244198,35,-14,-15,583500,583490,583525,583495,583520,127.8,25,-1301.0,10,25,2631.0,True,False,bp,-2.3333333333333335
11822,1360.0198140967666,53,2,1,583552,583525,583578,583531,583569,80.4607843137255,38,-2340.0,27,26,2642.0,True,True,bp,-2.3333333333333335
11823,911.2397620600417,86,1,-10,583616,583578,583664,583609,583636,156.52857142857144,27,-2494.0,38,48,3320.0,False,False,bp,-2.3333333333333335
11824,237.5447864459357,39,5,-37,583665,583664,583703,583664,583685,40.025,21,791.0,1,38,1818.0,False,False,bp,-2.3333333333333335
11825,930.9196466160961,38,17,-12,583716,583703,583741,583711,583728,230.15833333333333,17,-627.0,13,25,2151.0,False,False,bp,-2.3333333333333335
11826,991.940922387406,60,-21,30,583786,583741,583801,583762,583795,123.18055555555556,33,-4209.0,45,15,2424.0,False,False,bp,-2.3333333333333335
11827,394.11266342490023,39,-1,-13,583814,583801,583840,583807,583827,196.56043956043956,20,-4861.0,13,26,2502.0,False,False,bp,-2.3333333333333335
11828,256.5950785290738,50,-8,-22,583854,583840,583890,583846,583879,26.57,33,-3264.0,14,36,2624.0,False,False,bp,-2.3333333333333335
11829,523.2903517894471,50,0,0,583915,583890,583940,583904,583931,62.92329545454545,27,-2576.0,25,25,1423.0,False,False,bp,-2.3333333333333335
11830,759.433653481959,50,7,8,583969,583940,583990,583958,583972,156.65151515151513,14,-4808.0,29,21,1586.0,False,False,bp,-2.3333333333333335
11831,574.3750568668595,52,-5,-2,584015,583990,584042,583993,584028,57.88111888111888,35,-5928.0,25,27,2732.0,True,True,bp,-2.3333333333333335
11832,579.6723059278912,38,6,8,584065,584042,584080,584058,584067,248.9642857142857,9,-6214.0,23,15,1207.0,False,False,bp,-2.3333333333333335
11833,90.01574122962604,31,-19,-13,584089,584080,584111,584082,584109,-15.732142857142858,27,-5041.0,9,22,805.0,False,False,bp,-2.3333333333333335
11834,104.81056367746784,29,3,3,584127,584111,584140,584117,584134,40.9,17,-5638.0,16,13,929.0,False,False,bp,-2.3333333333333335
11835,321.6515705242829,68,-9,-18,584165,584140,584208,584154,584190,66.49818181818182,36,-6949.0,25,43,4883.0,False,False,bp,-2.3333333333333335
11836,636.7185112141719,50,5,-2,584232,584208,584258,584217,584243,73.16969696969697,26,-4389.0,24,26,2349.0,False,False,bp,-2.3333333333333335
11837,686.3133030060785,46,20,4,584283,584258,584304,584274,584292,94.72222222222223,18,-3718.0,25,21,2465.0,True,False,bp,-2.3333333333333335
11838,523.9858119654043,103,-26,19,584365,584304,584407,584330,584385,65.73214285714286,55,-4225.0,61,42,2809.0,True,False,bp,-2.3333333333333335
11839,819.149234987216,77,1,-25,584433,584407,584484,584414,584452,87.2105263157895,38,-4439.0,26,51,3423.0,True,True,bp,-2.3333333333333335
11840,377.28655257317047,31,14,-11,585700,585690,585721,585694,585705,183.21666666666667,11,894.0,10,21,1559.0,False,False,bp,-2.7083333333333335
11841,1842.4570662594813,53,3,1,585748,585721,585774,585730,585765,120.15849673202615,35,-1163.0,27,26,4544.0,False,False,bp,-2.7083333333333335
11842,1205.1295775700155,99,-25,7,585827,585774,585873,585803,585852,106.72166666666666,49,-2150.0,53,46,5557.0,False,False,bp,-2.7083333333333335
11843,575.3519683993608,33,10,-15,585882,585873,585906,585876,585892,97.3,16,2448.0,9,24,2350.0,False,False,bp,-2.7083333333333335
11844,3861.2607129441376,50,6,0,585931,585906,585956,585918,585938,424.44505494505495,20,-5340.0,25,25,6571.0,False,False,bp,-2.7083333333333335
11845,1337.5481904227988,37,-1,7,585978,585956,585993,585964,585984,173.297619047619,20,-2619.0,22,15,2676.0,False,False,bp,-2.7083333333333335
11846,175.63402587109908,49,-5,-5,586015,585993,586042,586003,586027,31.208333333333336,24,-457.0,22,27,1960.0,False,False,bp,-2.7083333333333335
11847,528.6164823281326,49,20,-35,586049,586042,586091,586046,586070,88.33333333333334,24,860.0,7,42,2354.0,False,False,bp,-2.7083333333333335
11848,1308.0504315000705,62,3,20,586132,586091,586153,586114,586144,102.01388888888887,30,-238.0,41,21,2601.0,True,True,bp,-2.7083333333333335
11849,1532.6198419787474,71,-1,21,586199,586153,586224,586177,586213,112.9512987012987,36,-1407.0,46,25,3839.0,True,True,bp,-2.7083333333333335
11850,2109.817387027339,65,13,17,586265,586224,586289,586248,586273,206.98161764705884,25,-3320.0,41,24,3931.0,False,False,bp,-2.7083333333333335
11851,383.39111194009115,100,-13,-14,586332,586289,586389,586311,586363,31.753456221198157,52,-1224.0,43,57,2441.0,False,False,bp,-2.7083333333333335
11852,666.4000183694443,52,-19,2,586416,586389,586441,586402,586437,66.75,35,-1080.0,27,25,1875.0,True,False,bp,-2.7083333333333335
11853,818.2303605651547,66,-1,-16,586466,586441,586507,586453,586485,86.93319838056681,32,-748.0,25,41,3410.0,False,False,bp,-2.7083333333333335
11854,1727.8561225238036,66,-5,-10,586535,586507,586573,586516,586550,106.8280701754386,34,-2022.0,28,38,3362.0,True,True,bp,-2.7083333333333335
11855,933.6526093785507,67,15,-39,586587,586573,586640,586579,586611,131.95833333333334,32,-1776.0,14,53,3358.0,True,True,bp,-2.7083333333333335
11856,1194.8984483331876,67,43,-19,586664,586640,586707,586658,586672,198.1458333333333,14,-137.0,24,43,4070.0,False,False,bp,-2.7083333333333335
11857,1968.0164544567008,67,1,7,586744,586707,586774,586729,586754,188.06666666666663,25,-1350.0,37,30,3944.0,False,False,bp,-2.7083333333333335
11858,394.4404083880975,32,-2,10,586795,586774,586806,586780,586802,69.92380952380952,22,794.0,21,11,1281.0,False,False,bp,-2.7083333333333335
11859,973.1792391032063,101,33,-51,586831,586806,586907,586822,586852,152.4126984126984,30,-763.0,25,76,4420.0,False,False,bp,-2.7083333333333335
11860,1677.6585970419142,50,34,0,586932,586907,586957,586915,586938,165.0392156862745,23,-121.0,25,25,2846.0,False,False,bp,-2.7083333333333335
11861,4020.7200387353746,83,14,25,587011,586957,587040,586995,587019,432.25,24,-6613.0,54,29,9511.0,False,False,bp,-2.7083333333333335
11862,1191.3756967766924,66,2,-16,587065,587040,587106,587057,587090,112.295,33,151.0,25,41,1697.0,False,False,bp,-2.7083333333333335
11863,839.8825855379686,84,-6,0,587148,587106,587190,587125,587172,93.4393115942029,47,-2099.0,42,42,4888.0,False,False,bp,-2.7083333333333335
11864,1091.172938800845,83,13,1,587232,587190,587273,587213,587242,152.46315789473684,29,-1673.0,42,41,2433.0,False,False,bp,-2.7083333333333335
11865,260.49335913839883,34,3,14,587297,587273,587307,587284,587304,22.37912087912088,20,-101.0,24,10,592.0,False,False,bp,-2.7083333333333335
11866,1191.649011983918,49,-14,13,587338,587307,587356,587327,587349,143.36363636363637,22,-3114.0,31,18,2455.0,False,False,bp,-2.7083333333333335
11867,246.5994653609231,34,-24,4,587375,587356,587390,587357,587387,33.263888888888886,30,-1065.0,19,15,1319.0,False,False,bp,-2.7083333333333335
11868,443.2105191371444,50,8,2,587416,587390,587440,587393,587419,111.44202898550724,26,-1463.0,26,24,1213.0,False,False,bp,-2.7083333333333335
11869,957.2215059189363,49,7,7,587468,587440,587489,587453,587478,125.08333333333331,25,-3456.0,28,21,1832.0,False,False,bp,-2.7083333333333335
11870,286.25429319278686,68,-15,18,587532,587489,587557,587510,587543,101.75,33,-3351.0,43,25,2366.0,False,False,bp,-2.7083333333333335
11871,505.62565381580873,66,-27,-46,587567,587557,587623,587561,587608,72.10365853658539,47,-1989.0,10,56,2720.0,False,False,bp,-2.7083333333333335
11872,868.6806015726581,50,-24,0,587648,587623,587673,587628,587669,60.825,41,-1916.0,25,25,2132.0,True,True,bp,-2.7083333333333335
11873,477.6200029145051,34,7,18,587699,587673,587707,587686,587702,145.05128205128202,16,-2665.0,26,8,1596.0,True,True,bp,-2.7083333333333335
11874,401.2891858885623,34,16,16,587732,587707,587741,587725,587737,169.4,12,-3423.0,25,9,1930.0,True,False,bp,-2.7083333333333335
11875,321.30457625302154,82,-14,2,587783,587741,587823,587765,587804,35.50396825396826,39,-4380.0,42,40,2870.0,True,False,bp,-2.7083333333333335
11876,445.9168270849798,34,47,-12,587834,587823,587857,587829,587836,273.8,7,-3656.0,11,23,1897.0,True,False,bp,-2.7083333333333335
11877,808.0397447479088,67,20,17,587899,587857,587924,587890,587910,84.54545454545455,20,-4306.0,42,25,1430.0,False,False,bp,-2.7083333333333335
11878,697.5662623275831,83,8,-1,587965,587924,588007,587950,587976,156.13636363636363,26,-6295.0,41,42,3066.0,False,False,bp,-2.7083333333333335
11879,268.58558323911075,32,-3,-16,588015,588007,588039,588010,588033,72.15555555555557,23,-4196.0,8,24,2102.0,False,False,bp,-2.7083333333333335
11880,396.2662560041266,51,-18,35,588082,588039,588090,588053,588086,122.89224137931036,33,-4180.0,43,8,2004.0,True,True,bp,-2.7083333333333335
11881,188.83690500140878,49,-9,39,588134,588090,588139,588101,588137,29.62121212121212,36,-5784.0,44,5,128.0,False,False,bp,-2.7083333333333335
11882,405.9747467804532,88,-41,-16,588175,588139,588227,588164,588217,100.93722943722945,53,-8629.0,36,52,4202.0,False,False,bp,-2.7083333333333335
11883,490.28844852594733,61,-18,-19,588248,588227,588288,588229,588268,35.33684210526316,39,-5436.0,21,40,2101.0,False,False,bp,-2.7083333333333335
11884,307.71249890171816,35,-14,-33,588289,588288,588323,588289,588315,,26,-3165.0,1,34,2729.0,False,False,bp,-2.7083333333333335
11885,962.7031573076224,50,1,-10,588343,588323,588373,588327,588355,81.05208333333334,28,-2658.0,20,30,2227.0,True,True,bp,-2.7083333333333335
11886,548.0944340862097,33,-4,11,588395,588373,588406,588384,588400,156.5636363636364,16,-3402.0,22,11,2075.0,True,False,bp,-2.7083333333333335
11887,305.392370122766,40,10,-20,588416,588406,588446,588412,588430,237.4642857142857,18,-3906.0,10,30,3020.0,True,False,bp,-2.7083333333333335
11888,641.5871269130538,45,15,-5,588466,588446,588491,588458,588486,97.3875,28,-2546.0,20,25,3153.0,False,False,bp,-2.7083333333333335
11889,255.7708345497704,71,-8,45,588549,588491,588562,588529,588553,49.8,24,-927.0,58,13,513.0,False,False,bp,-2.7083333333333335
11890,950.2086071020526,50,7,2,585699,585673,585723,585691,585707,175.3125,16,3052.0,26,24,3479.0,True,True,bp,-2.7083333333333335
11891,1532.0814454602512,67,5,-17,585748,585723,585790,585730,585761,129.11324786324786,31,2546.0,25,42,3424.0,True,True,bp,-2.7083333333333335
11892,2172.782637641091,54,-8,-4,585815,585790,585844,585797,585836,144.73809523809524,39,368.0,25,29,4287.0,False,False,bp,-2.7083333333333335
11893,893.6365843967067,96,-20,-18,585883,585844,585940,585867,585923,39.55,56,2681.0,39,57,5486.0,False,False,bp,-2.7083333333333335
11894,794.243085454605,100,-29,-16,585982,585940,586040,585959,586019,76.77908343125735,60,2105.0,42,58,1640.0,False,False,bp,-2.7083333333333335
11895,1012.7006608034328,68,-7,-16,586066,586040,586108,586050,586086,106.95625,36,234.0,26,42,4249.0,False,False,bp,-2.7083333333333335
11896,1110.938550201776,52,1,-12,586128,586108,586160,586115,586144,92.79567307692308,29,1983.0,20,32,2451.0,True,True,bp,-2.7083333333333335
11897,1328.3447199310185,69,-15,-25,586182,586160,586229,586174,586215,185.4431818181818,41,251.0,22,47,4553.0,True,True,bp,-2.7083333333333335
11898,910.8911941870688,31,10,9,586249,586229,586260,586241,586253,138.25,12,1924.0,20,11,678.0,False,False,bp,-2.7083333333333335
11899,1070.13634146394,52,-5,-4,586284,586260,586312,586275,586302,137.61111111111111,27,-566.0,24,28,2463.0,False,False,bp,-2.7083333333333335
11900,758.3345129973794,44,4,-2,586333,586312,586356,586324,586341,147.38194444444446,17,-52.0,21,23,2536.0,False,False,bp,-2.7083333333333335
11901,194.635500821819,31,6,-11,586366,586356,586387,586362,586378,74.75,16,2023.0,10,21,2297.0,False,False,bp,-2.7083333333333335
11902,755.9049781828503,70,-5,-8,586418,586387,586457,586400,586435,39.98366013071896,35,2268.0,31,39,2372.0,False,False,bp,-2.7083333333333335
11903,1957.5493747459823,51,-7,-3,586481,586457,586508,586465,586500,132.02138157894734,35,-365.0,24,27,4285.0,False,False,bp,-2.7083333333333335
11904,1777.4280585366778,66,-8,2,586542,586508,586574,586528,586561,125.09210526315788,33,-753.0,34,32,3395.0,True,True,bp,-2.7083333333333335
11905,1453.66447085245,55,-6,-5,586599,586574,586629,586586,586618,126.21659919028342,32,-1401.0,25,30,4352.0,False,False,bp,-2.7083333333333335
11906,1379.2395630333756,61,14,-23,586648,586629,586690,586644,586666,195.73611111111111,22,1052.0,19,42,5474.0,False,False,bp,-2.7083333333333335
11907,1937.9841679246465,50,23,-2,586714,586690,586740,586702,586721,183.8690476190476,19,2038.0,24,26,3102.0,True,False,bp,-2.7083333333333335
11908,846.4388615107015,101,-27,-17,586782,586740,586841,586763,586824,106.48684210526315,61,-57.0,42,59,4120.0,True,False,bp,-2.7083333333333335
11909,1357.7361104480874,65,30,-17,586865,586841,586906,586858,586874,227.03968253968253,16,1023.0,24,41,4212.0,True,True,bp,-2.7083333333333335
11910,2407.8095616561623,51,6,3,586933,586906,586957,586920,586948,172.13076923076923,28,-446.0,27,24,3749.0,False,False,bp,-2.7083333333333335
11911,2546.345994904247,83,-8,1,586999,586957,587040,586982,587018,212.8885448916409,36,-4866.0,42,41,7212.0,False,False,bp,-2.7083333333333335
11912,1182.2925598860734,78,24,-38,587060,587040,587118,587046,587076,105.35714285714286,30,-11.0,20,58,2692.0,False,False,bp,-2.7083333333333335
11913,1053.100047893389,41,-10,23,587150,587118,587159,587130,587155,150.2,25,-1219.0,32,9,1965.0,True,False,bp,-2.7083333333333335
11914,345.54064842773784,44,5,2,587182,587159,587203,587170,587187,165.63333333333333,17,-577.0,23,21,2691.0,False,False,bp,-2.7083333333333335
11915,941.0918573444397,59,42,-33,587216,587203,587262,587209,587227,186.6688311688312,18,-957.0,13,46,2417.0,True,False,bp,-2.7083333333333335
11916,580.8843471220392,62,5,12,587299,587262,587324,587287,587305,158.66666666666666,18,-1189.0,37,25,2374.0,True,False,bp,-2.7083333333333335
11917,204.3236468621172,49,25,-27,587335,587324,587373,587328,587352,67.63865546218487,24,-211.0,11,38,1103.0,False,False,bp,-2.7083333333333335
11918,673.4558101712773,68,17,18,587416,587373,587441,587401,587429,89.57692307692308,28,-1797.0,43,25,2006.0,False,False,bp,-2.7083333333333335
11919,965.9151270349432,66,20,18,587483,587441,587507,587474,587494,187.20202020202018,20,-2952.0,42,24,3064.0,True,True,bp,-2.7083333333333335
11920,555.7907574972974,83,4,-1,587548,587507,587590,587534,587569,62.92857142857143,35,-1924.0,41,42,2984.0,True,True,bp,-2.7083333333333335
11921,596.0694367825171,84,-30,32,587648,587590,587674,587608,587665,48.121323529411775,57,-1400.0,58,26,2640.0,True,True,bp,-2.7083333333333335
11922,520.3417640261341,66,-34,18,587716,587674,587740,587692,587737,52.62202380952381,45,-2091.0,42,24,1613.0,False,False,bp,-2.7083333333333335
11923,787.1806290002173,50,-9,-2,587764,587740,587790,587748,587779,100.66041666666666,31,-3620.0,24,26,2846.0,True,True,bp,-2.7083333333333335
11924,708.535711746607,50,4,2,587816,587790,587840,587801,587821,120.56666666666666,20,-2732.0,26,24,2661.0,True,True,bp,-2.7083333333333335
11925,467.42122115514593,33,-4,17,587865,587840,587873,587845,587869,90.25,24,-2278.0,25,8,1456.0,False,False,bp,-2.7083333333333335
11926,890.7487002726638,50,-7,4,587900,587873,587923,587889,587911,131.63636363636363,22,-4201.0,27,23,2698.0,False,False,bp,-2.7083333333333335
11927,396.40881141276105,34,-3,-18,587931,587923,587957,587926,587945,154.20714285714286,19,-3253.0,8,26,2711.0,True,True,bp,-2.7083333333333335
11928,1026.071392534597,33,-13,15,587981,587957,587990,587961,587985,194.4,24,-4608.0,24,9,2735.0,True,True,bp,-2.7083333333333335
11929,700.6397599431741,55,-22,-3,588016,587990,588045,587996,588033,68.40735294117647,37,-3984.0,26,29,3269.0,True,True,bp,-2.7083333333333335
11930,703.8186312085513,45,-13,-1,588067,588045,588090,588048,588079,31.37061403508772,31,-2602.0,22,23,1523.0,False,False,bp,-2.7083333333333335
11931,609.7709211750233,56,16,-2,588117,588090,588146,588097,588125,82.3375,28,-4619.0,27,29,1119.0,False,False,bp,-2.7083333333333335
11932,830.7309382595455,114,11,-22,588192,588146,588260,588169,588211,107.6533180778032,42,-6083.0,46,68,4582.0,False,False,bp,-2.7083333333333335
11933,1098.417345078667,62,32,-18,588282,588260,588322,588264,588296,119.71825396825398,32,-4455.0,22,40,3943.0,True,False,bp,-2.7083333333333335
11934,306.2242484732543,87,-13,33,588382,588322,588409,588360,588393,102.04545454545452,33,-3333.0,60,27,2945.0,True,False,bp,-2.7083333333333335
11935,194.71154427177262,32,17,-18,588416,588409,588441,588413,588422,272.8333333333333,9,-2323.0,7,25,2872.0,True,False,bp,-2.7083333333333335
11936,711.2008600012765,63,-19,-25,588460,588441,588504,588448,588488,75.70238095238095,40,-1675.0,19,44,3178.0,True,False,bp,-2.7083333333333335
11937,908.5841618982472,52,-29,4,588532,588504,588556,588509,588549,66.27877237851662,40,-666.0,28,24,3065.0,True,True,bp,-2.7083333333333335
11938,454.94935812519446,30,-5,10,588576,588556,588586,588560,588578,179.21875,18,-330.0,20,10,1326.0,False,False,bp,-2.7083333333333335
11939,1872.1322739626721,50,10,-12,589992,589973,590023,589979,590004,175.2532051282051,25,-80.0,19,31,5056.0,True,True,bp,-5.590909090909091
11940,2288.464160602105,51,19,7,590052,590023,590074,590039,590065,179.88461538461542,26,94.0,29,22,4431.0,True,True,bp,-5.590909090909091
11941,1134.7539512313526,67,-15,43,590129,590074,590141,590110,590136,104.45488721804512,26,1685.0,55,12,1962.0,True,False,bp,-5.590909090909091
11942,614.9217267472043,33,3,3,590159,590141,590174,590147,590169,96.78333333333332,22,2005.0,18,15,2418.0,True,False,bp,-5.590909090909091
11943,1241.1282476196338,49,17,7,590202,590174,590223,590194,590217,128.37083333333334,23,1719.0,28,21,2348.0,True,True,bp,-5.590909090909091
11944,587.0902877785315,61,15,23,590265,590223,590284,590257,590268,221.22916666666669,11,-91.0,42,19,1282.0,False,False,bp,-5.590909090909091
11945,726.9752606387963,72,24,-42,590299,590284,590356,590294,590316,95.46470588235294,22,43.0,15,57,3039.0,False,False,bp,-5.590909090909091
11946,1461.7826507635846,67,25,-39,590370,590356,590423,590362,590387,173.83088235294116,25,-403.0,14,53,4102.0,True,True,bp,-5.590909090909091
11947,1469.6073678652613,54,-6,-4,590448,590423,590477,590437,590467,111.26315789473685,30,1057.0,25,29,3883.0,True,True,bp,-5.590909090909091
11948,1578.9336684872305,62,15,-20,590498,590477,590539,590491,590510,213.35119047619045,19,290.0,21,41,2117.0,False,False,bp,-5.590909090909091
11949,657.6732135888957,50,-26,4,590566,590539,590589,590544,590583,69.73529411764707,39,-36.0,27,23,2987.0,True,False,bp,-5.590909090909091
11950,875.6904859309495,51,3,-21,590604,590589,590640,590596,590621,103.52573529411764,25,1340.0,15,36,2902.0,True,True,bp,-5.590909090909091
11951,1533.7192809534383,67,3,-17,590665,590640,590707,590649,590685,102.0,36,-303.0,25,42,2912.0,False,False,bp,-5.590909090909091
11952,3174.4113112554132,65,19,-13,590733,590707,590772,590724,590750,289.70588235294116,26,-4037.0,26,39,7625.0,False,False,bp,-5.590909090909091
11953,1966.930380864953,101,10,-15,590815,590772,590873,590795,590832,157.90441176470586,37,-2966.0,43,58,5461.0,True,False,bp,-5.590909090909091
11954,2663.988975985593,51,11,-13,590892,590873,590924,590879,590904,241.0480769230769,25,-2681.0,19,32,6027.0,True,False,bp,-5.590909090909091
11955,1176.110328797771,66,14,-18,590948,590924,590990,590940,590968,151.325,28,319.0,24,42,3802.0,True,True,bp,-5.590909090909091
11956,2570.182899264968,66,9,4,591025,590990,591056,591010,591038,186.83846153846156,28,-2347.0,35,31,4266.0,True,True,bp,-5.590909090909091
11957,2218.899375843697,84,20,0,591098,591056,591140,591075,591106,265.9945652173913,31,-4120.0,42,42,6419.0,True,False,bp,-5.590909090909091
11958,1987.6697098580707,50,31,0,591165,591140,591190,591157,591175,256.125,18,-2217.0,25,25,4336.0,True,False,bp,-5.590909090909091
11959,1019.7545398858348,101,12,-17,591232,591190,591291,591224,591257,180.2725,33,-1986.0,42,59,3373.0,False,False,bp,-5.590909090909091
11960,706.0082120113135,49,10,1,591316,591291,591340,591302,591321,91.52857142857141,19,-117.0,25,24,1969.0,False,False,bp,-5.590909090909091
11961,339.88639045717616,49,6,1,591365,591340,591389,591350,591377,62.30833333333334,27,-615.0,25,24,1559.0,True,True,bp,-5.590909090909091
11962,343.51006527380434,51,1,35,591432,591389,591440,591410,591435,134.1742424242424,25,-564.0,43,8,1662.0,True,False,bp,-5.590909090909091
11963,681.1425719421452,66,22,-16,591465,591440,591506,591461,591476,213.6931818181818,15,-1232.0,25,41,2677.0,True,False,bp,-5.590909090909091
11964,475.0994522217591,35,-4,25,591536,591506,591541,591513,591538,48.32608695652174,25,-771.0,30,5,235.0,False,False,bp,-5.590909090909091
11965,154.99804704491976,43,7,7,591566,591541,591584,591559,591573,120.71428571428572,14,-1603.0,25,18,562.0,False,False,bp,-5.590909090909091
11966,657.37057923937,45,5,-19,591597,591584,591629,591594,591614,115.86274509803921,20,-1628.0,13,32,3514.0,False,False,bp,-5.590909090909091
11967,1011.4235030691381,50,23,-12,591648,591629,591679,591639,591662,95.93650793650795,23,-473.0,19,31,1540.0,False,False,bp,-5.590909090909091
11968,789.8752946318951,61,4,43,591731,591679,591740,591708,591735,189.01086956521735,27,-2746.0,52,9,2299.0,False,False,bp,-5.590909090909091
11969,105.74829947752012,111,-34,39,591815,591740,591851,591766,591828,20.04552590266876,62,-2413.0,75,36,1894.0,False,False,bp,-5.590909090909091
11970,439.53067699124375,38,-9,-18,591861,591851,591889,591856,591884,69.18695652173913,28,-1432.0,10,28,2077.0,False,False,bp,-5.590909090909091
11971,426.1629075720855,46,-3,38,591931,591889,591935,591903,591932,134.92857142857144,29,-2810.0,42,4,829.0,False,False,bp,-5.590909090909091
11972,74.13619936792729,37,10,25,591966,591935,591972,591958,591969,150.3125,11,-4506.0,31,6,1109.0,False,False,bp,-5.590909090909091
11973,537.3002974481136,50,-2,2,591998,591972,592022,591990,592009,114.375,19,-5692.0,26,24,2316.0,False,False,bp,-5.590909090909091
11974,283.58499329163516,51,8,-31,592032,592022,592073,592026,592052,85.00833333333333,26,-4785.0,10,41,1440.0,True,False,bp,-5.590909090909091
11975,561.9613013904731,69,-16,15,592115,592073,592142,592086,592126,103.68808777429469,40,-6178.0,42,27,3689.0,True,False,bp,-5.590909090909091
11976,774.8217222810792,60,16,-22,592161,592142,592202,592150,592171,102.63181818181818,21,-4674.0,19,41,2101.0,False,False,bp,-5.590909090909091
11977,277.98157572081607,43,-19,-17,592215,592202,592245,592208,592238,34.1832298136646,30,-3071.0,13,30,1592.0,False,False,bp,-5.590909090909091
11978,925.5881335806233,60,-14,-20,592265,592245,592305,592249,592286,75.35863095238095,37,-4067.0,20,40,3090.0,True,False,bp,-5.590909090909091
11979,588.1343223618812,34,37,-16,592314,592305,592339,592309,592326,119.175,17,-2656.0,9,25,1935.0,False,False,bp,-5.590909090909091
11980,327.55068606266764,95,-40,47,592410,592339,592434,592380,592430,64.65833333333333,50,-5754.0,71,24,1956.0,False,False,bp,-5.590909090909091
11981,227.3778792146109,56,14,-34,592445,592434,592490,592440,592467,178.90454545454548,27,-5736.0,11,45,5625.0,False,False,bp,-5.590909090909091
11982,361.4010997241128,68,28,-20,592514,592490,592558,592508,592528,80.96428571428572,20,-1222.0,24,44,1811.0,False,False,bp,-5.590909090909091
11983,619.1818323698965,50,-16,2,589999,589973,590023,589980,590011,54.20394736842106,31,-303.0,26,24,1814.0,True,False,bp,-5.590909090909091
11984,500.79325899769873,68,0,-50,590032,590023,590091,590026,590067,69.80238095238096,41,478.0,9,59,3295.0,False,False,bp,-5.590909090909091
11985,1710.6381908214942,64,3,-16,590115,590091,590155,590108,590132,194.89915966386556,24,-341.0,24,40,3442.0,True,True,bp,-5.590909090909091
11986,743.1051627016436,35,4,-13,590166,590155,590190,590159,590181,158.31428571428572,22,-156.0,11,24,1283.0,False,False,bp,-5.590909090909091
11987,747.0966829972723,66,24,-14,590216,590190,590256,590207,590229,93.12820512820515,22,-1198.0,26,40,3085.0,True,True,bp,-5.590909090909091
11988,787.0801431874104,67,11,17,590298,590256,590323,590275,590305,143.4068322981366,30,-1229.0,42,25,3267.0,True,True,bp,-5.590909090909091
11989,722.6355066417952,72,-4,6,590362,590323,590395,590346,590378,58.5,32,-143.0,39,33,2594.0,True,True,bp,-5.590909090909091
11990,1085.5379330347148,45,11,-5,590415,590395,590440,590406,590419,250.84722222222226,13,-1503.0,20,25,2485.0,True,True,bp,-5.590909090909091
11991,346.68058833066175,67,11,-51,590448,590440,590507,590443,590475,112.0074074074074,32,-281.0,8,59,2430.0,True,False,bp,-5.590909090909091
11992,442.24204970778396,83,-17,5,590551,590507,590590,590518,590571,50.36818181818182,53,-1147.0,44,39,2586.0,True,True,bp,-5.590909090909091
11993,1528.7136129147962,50,16,-2,590614,590590,590640,590607,590623,199.47619047619045,16,-461.0,24,26,4483.0,False,False,bp,-5.590909090909091
11994,1565.0534936710462,65,2,9,590677,590640,590705,590655,590685,146.0965909090909,30,-1344.0,37,28,2729.0,True,True,bp,-5.590909090909091
11995,680.4494672281313,68,-5,-16,590731,590705,590773,590717,590754,50.59782608695652,37,-1206.0,26,42,3728.0,True,True,bp,-5.590909090909091
11996,801.908284667964,50,-10,2,590799,590773,590823,590786,590818,71.05060728744941,32,235.0,26,24,1732.0,False,False,bp,-5.590909090909091
11997,1125.6998317458153,84,5,0,590865,590823,590907,590840,590882,115.13058823529413,42,-2001.0,42,42,3680.0,False,False,bp,-5.590909090909091
11998,678.0714441599974,82,-29,8,590952,590907,590989,590929,590976,67.1947463768116,47,-1012.0,45,37,2169.0,True,False,bp,-5.590909090909091
11999,407.1504212576661,35,-10,15,591014,590989,591024,590994,591017,121.26666666666668,23,-721.0,25,10,1334.0,True,False,bp,-5.590909090909091
12000,183.92531693150158,32,-8,8,591044,591024,591056,591030,591050,63.16666666666666,20,-854.0,20,12,886.0,True,True,bp,-5.590909090909091
12001,439.55535942182854,46,8,-4,591077,591056,591102,591062,591083,79.03333333333333,21,-1114.0,21,25,1613.0,True,False,bp,-5.590909090909091
12002,433.06172442336083,25,18,1,591115,591102,591127,591112,591119,226.375,7,-712.0,13,12,2400.0,True,False,bp,-5.590909090909091
12003,546.1717752227148,97,-17,11,591181,591127,591224,591144,591201,70.39054054054054,57,-1653.0,54,43,2495.0,True,False,bp,-5.590909090909091
12004,1436.8670982191375,82,34,-32,591249,591224,591306,591241,591260,213.6818181818182,19,-3130.0,25,57,4179.0,True,True,bp,-5.590909090909091
12005,556.335582941668,60,-20,28,591350,591306,591366,591313,591355,145.77837837837842,42,-2181.0,44,16,2760.0,True,False,bp,-5.590909090909091
12006,412.4970289107408,40,15,-10,591381,591366,591406,591377,591390,230.84722222222226,13,-1428.0,15,25,2095.0,True,True,bp,-5.590909090909091
12007,728.7793244637636,55,-24,-3,591432,591406,591461,591418,591453,52.5,35,-885.0,26,29,3259.0,False,False,bp,-5.590909090909091
12008,682.9972785750008,44,13,-10,591478,591461,591505,591464,591486,92.13392857142857,22,196.0,17,27,1633.0,False,False,bp,-5.590909090909091
12009,306.6987886732652,41,22,13,591532,591505,591546,591521,591536,150.61363636363637,15,1440.0,27,14,1783.0,False,False,bp,-5.590909090909091
12010,489.1050246575472,83,-16,47,591611,591546,591629,591573,591617,92.17105263157896,44,-756.0,65,18,1918.0,False,False,bp,-5.590909090909091
12011,850.1520589096741,44,-3,2,591652,591629,591673,591645,591664,107.73214285714286,19,-703.0,23,21,1682.0,False,False,bp,-5.590909090909091
12012,131.89102710135367,37,0,-7,591688,591673,591710,591680,591697,35.02777777777778,17,442.0,15,22,1441.0,False,False,bp,-5.590909090909091
12013,525.8648697467489,30,0,12,591731,591710,591740,591714,591733,173.1470588235294,19,-920.0,21,9,1463.0,True,False,bp,-5.590909090909091
12014,784.6757616718941,52,-10,0,591766,591740,591792,591752,591785,64.93984962406014,33,-1534.0,26,26,2242.0,True,False,bp,-5.590909090909091
12015,639.5743758203117,78,30,-34,591814,591792,591870,591808,591827,192.86538461538458,19,-2242.0,22,56,2483.0,True,False,bp,-5.590909090909091
12016,683.3097268619753,35,20,-11,591882,591870,591905,591876,591888,176.16666666666669,12,-1661.0,12,23,2387.0,True,False,bp,-5.590909090909091
12017,662.7962466199316,36,13,10,591928,591905,591941,591920,591933,163.225,13,-2061.0,23,13,1882.0,True,True,bp,-5.590909090909091
12018,151.57442066615843,52,10,-4,591965,591941,591993,591959,591976,118.07575757575758,17,-2007.0,24,28,847.0,False,False,bp,-5.590909090909091
12019,362.8148271981546,47,-17,29,592031,591993,592040,592003,592035,133.75,32,-3138.0,38,9,1848.0,False,False,bp,-5.590909090909091
12020,461.8332382522911,50,-11,4,592067,592040,592090,592050,592078,73.48663101604278,28,-3297.0,27,23,2230.0,True,True,bp,-5.590909090909091
12021,459.6355663232294,65,-28,-47,592099,592090,592155,592095,592142,168.53488372093022,47,-3450.0,9,56,2188.0,True,False,bp,-5.590909090909091
12022,561.0726051393435,51,4,1,592181,592155,592206,592161,592185,133.05,24,-3842.0,26,25,2134.0,True,False,bp,-5.590909090909091
12023,217.79853533798405,38,24,-18,592216,592206,592244,592213,592221,237.36666666666667,8,-2807.0,10,28,1990.0,True,True,bp,-5.590909090909091
12024,644.8712690709399,45,13,-5,592264,592244,592289,592253,592275,64.5909090909091,22,-2613.0,20,25,2320.0,True,True,bp,-5.590909090909091
12025,763.7742302530731,50,9,8,592318,592289,592339,592310,592334,105.0625,24,-2897.0,29,21,1479.0,False,False,bp,-5.590909090909091
12026,621.0375341771485,53,-4,31,592381,592339,592392,592367,592388,158.71428571428572,21,-5624.0,42,11,2289.0,False,False,bp,-5.590909090909091
12027,645.0603861558723,51,-13,-7,592414,592392,592443,592405,592432,93.77777777777777,27,-5659.0,22,29,2485.0,False,False,bp,-5.590909090909091
12028,118.44866807169336,64,2,-54,592448,592443,592507,592446,592478,224.36666666666667,32,-4194.0,5,59,4730.0,False,False,bp,-5.590909090909091
12029,1093.3679188528806,32,13,-16,592515,592507,592539,592512,592533,278.02777777777777,21,-2362.0,8,24,2582.0,True,False,bp,-5.590909090909091
12030,1859.4627977727866,83,10,1,594165,594123,594206,594156,594184,205.36842105263162,28,-787.0,42,41,4079.0,True,True,bp,-2.2641509433962264
12031,1201.6187857160194,100,26,-40,594236,594206,594306,594222,594257,129.53571428571428,35,-289.0,30,70,3687.0,True,False,bp,-2.2641509433962264
12032,1180.648087284634,51,10,-1,594331,594306,594357,594318,594350,87.9412955465587,32,842.0,25,26,3761.0,True,False,bp,-2.2641509433962264
12033,573.6997193921735,66,-7,48,594414,594357,594423,594392,594420,110.54545454545456,28,1432.0,57,9,1832.0,True,False,bp,-2.2641509433962264
12034,1235.9288613650353,49,-6,3,594449,594423,594472,594441,594463,178.9375,22,-228.0,26,23,3607.0,False,False,bp,-2.2641509433962264
12035,770.6694632450917,50,8,-8,594493,594472,594522,594479,594503,91.3,24,1596.0,21,29,2233.0,False,False,bp,-2.2641509433962264
12036,1075.4744611251326,63,-3,-11,594548,594522,594585,594535,594570,74.08216783216783,35,382.0,26,37,3134.0,True,True,bp,-2.2641509433962264
12037,904.8138537403996,87,0,5,594631,594585,594672,594602,594644,99.69893899204244,42,-148.0,46,41,3270.0,True,True,bp,-2.2641509433962264
12038,1880.8806379380032,83,23,-29,594699,594672,594755,594686,594715,179.80528846153842,29,-1530.0,27,56,6650.0,True,True,bp,-2.2641509433962264
12039,1683.4096899050492,68,-21,-4,594787,594755,594823,594767,594809,118.57045454545455,42,-1252.0,32,36,3526.0,True,True,bp,-2.2641509433962264
12040,1669.8719225398236,50,20,-8,594844,594823,594873,594830,594853,177.68650793650795,23,-1446.0,21,29,4266.0,True,True,bp,-2.2641509433962264
12041,1379.4644911321288,66,33,-2,594905,594873,594939,594896,594921,134.52777777777777,25,-111.0,32,34,3281.0,True,True,bp,-2.2641509433962264
12042,2724.654386489917,85,6,25,594994,594939,595024,594979,595004,227.95,25,-3065.0,55,30,4960.0,True,True,bp,-2.2641509433962264
12043,983.6866138126081,88,-2,-14,595061,595024,595112,595035,595088,66.70655270655271,53,-1383.0,37,51,3912.0,True,True,bp,-2.2641509433962264
12044,2537.0569550502696,83,16,-9,595149,595112,595195,595139,595170,254.87857142857143,31,-4228.0,37,46,6589.0,True,True,bp,-2.2641509433962264
12045,2882.7221231396547,78,30,-6,595231,595195,595273,595217,595239,305.5446428571429,22,-3593.0,36,42,6471.0,True,True,bp,-2.2641509433962264
12046,635.9222471375517,67,-20,17,595315,595273,595340,595291,595329,56.592261904761905,38,-1287.0,42,25,1723.0,False,False,bp,-2.2641509433962264
12047,860.6667166794382,49,14,-11,595359,595340,595389,595347,595371,96.0,24,-1360.0,19,30,2996.0,True,False,bp,-2.2641509433962264
12048,971.8520938829731,84,4,0,595431,595389,595473,595409,595446,84.5318181818182,37,-2268.0,42,42,3288.0,True,False,bp,-2.2641509433962264
12049,352.6750434649058,66,-21,10,595511,595473,595539,595487,595527,21.0625,40,-1011.0,38,28,1059.0,False,False,bp,-2.2641509433962264
12050,926.6887646723213,36,-8,8,595561,595539,595575,595546,595567,164.21666666666667,21,-2727.0,22,14,2725.0,False,False,bp,-2.2641509433962264
12051,415.16310023582133,48,-11,22,595610,595575,595623,595580,595618,47.7,38,-2790.0,35,13,625.0,False,False,bp,-2.2641509433962264
12052,392.16738464519125,48,8,10,595652,595623,595671,595645,595660,200.48214285714286,15,-5140.0,29,19,2302.0,False,False,bp,-2.2641509433962264
12053,428.4461090325385,52,-12,4,595699,595671,595723,595683,595716,56.66360294117647,33,-4032.0,28,24,2546.0,False,False,bp,-2.2641509433962264
12054,540.8734272848008,67,-15,15,595764,595723,595790,595737,595776,55.907407407407405,39,-3379.0,41,26,2541.0,True,True,bp,-2.2641509433962264
12055,472.4508595769062,34,17,16,595815,595790,595824,595800,595817,151.05,17,-3176.0,25,9,1147.0,False,False,bp,-2.2641509433962264
12056,479.199576275745,65,-20,19,595866,595824,595889,595851,595881,76.5,30,-5663.0,42,23,1641.0,False,False,bp,-2.2641509433962264
12057,169.77510218218168,34,-15,-16,595898,595889,595923,595891,595916,66.19841269841271,25,-4655.0,9,25,3193.0,False,False,bp,-2.2641509433962264
12058,389.8942878643119,49,-18,-27,595934,595923,595972,595926,595959,39.89,33,-2041.0,11,38,1678.0,False,False,bp,-2.2641509433962264
12059,180.5997564079955,22,15,4,595985,595972,595994,595974,595990,73.91818181818181,16,-2627.0,13,9,204.0,False,False,bp,-2.2641509433962264
12060,516.3305329459969,79,-13,21,596044,595994,596073,596021,596056,101.57427536231884,35,-5664.0,50,29,3412.0,False,False,bp,-2.2641509433962264
12061,684.7245370606067,66,-6,-46,596083,596073,596139,596078,596117,157.28235294117647,39,-4367.0,10,56,4688.0,False,False,bp,-2.2641509433962264
12062,1139.248385169829,66,10,-16,594148,594123,594189,594132,594163,103.62708333333332,31,-889.0,25,41,2180.0,True,True,bp,-2.2641509433962264
12063,505.8244920265863,54,-16,32,594232,594189,594243,594204,594236,112.07142857142857,32,-781.0,43,11,1861.0,True,False,bp,-2.2641509433962264
12064,208.89815900400976,47,12,-5,594264,594243,594290,594252,594267,121.79166666666666,15,-537.0,21,26,1646.0,True,False,bp,-2.2641509433962264
12065,57.576914194994686,16,8,-4,594296,594290,594306,594294,594302,169.58333333333334,8,267.0,6,10,1483.0,True,False,bp,-2.2641509433962264
12066,849.5686319112508,64,-14,-14,594331,594306,594370,594318,594356,78.72923076923077,38,55.0,25,39,3179.0,True,False,bp,-2.2641509433962264
12067,1200.2658424213844,52,-8,-6,594393,594370,594422,594380,594410,105.68099547511312,30,-148.0,23,29,2445.0,True,True,bp,-2.2641509433962264
12068,260.2179126490774,34,-5,24,594451,594422,594456,594432,594453,63.10526315789475,21,370.0,29,5,797.0,False,False,bp,-2.2641509433962264
12069,386.81711218888915,54,-17,-2,594482,594456,594510,594469,594505,43.903010033444815,36,-337.0,26,28,1817.0,True,True,bp,-2.2641509433962264
12070,468.54356995432096,61,1,-17,594532,594510,594571,594524,594549,23.683823529411764,25,-368.0,22,39,2451.0,True,False,bp,-2.2641509433962264
12071,675.6461247780242,35,7,-15,594581,594571,594606,594575,594589,217.625,14,-538.0,10,25,2537.0,True,False,bp,-2.2641509433962264
12072,76.25612912509817,33,18,-11,594617,594606,594639,594610,594625,159.95535714285714,15,574.0,11,22,1696.0,True,False,bp,-2.2641509433962264
12073,341.96583323299467,84,-4,0,594681,594639,594723,594658,594702,60.650103519668725,44,-587.0,42,42,2731.0,True,False,bp,-2.2641509433962264
12074,850.4188232963037,67,-2,17,594765,594723,594790,594742,594776,89.87747035573122,34,-218.0,42,25,2289.0,True,True,bp,-2.2641509433962264
12075,480.6388694523773,83,16,-31,594816,594790,594873,594808,594835,136.62171052631578,27,-814.0,26,57,2456.0,True,True,bp,-2.2641509433962264
12076,1269.7901792069802,50,-9,-26,594885,594873,594923,594878,594908,171.0,30,-1441.0,12,38,3851.0,True,True,bp,-2.2641509433962264
12077,884.6622907645018,46,-3,4,594948,594923,594969,594929,594954,127.2017543859649,25,-503.0,25,21,2199.0,True,False,bp,-2.2641509433962264
12078,983.10742720747,48,14,-22,594982,594969,595017,594976,594994,157.5,18,-878.0,13,35,2101.0,True,True,bp,-2.2641509433962264
12079,451.54000729940367,32,21,-4,595031,595017,595049,595026,595035,212.675,9,-959.0,14,18,1444.0,True,True,bp,-2.2641509433962264
12080,793.8896347460421,40,24,24,595081,595049,595089,595065,595085,178.6875,20,-1593.0,32,8,2675.0,True,False,bp,-2.2641509433962264
12081,361.8575718031804,106,3,44,595164,595089,595195,595129,595177,86.15384615384615,48,-1806.0,75,31,3075.0,True,False,bp,-2.2641509433962264
12082,714.8581065689126,61,16,15,595233,595195,595256,595228,595243,196.55,15,-1033.0,38,23,2594.0,True,False,bp,-2.2641509433962264
12083,1118.9352194410963,50,-4,2,595282,595256,595306,595274,595300,134.08333333333334,26,-792.0,26,24,3971.0,True,True,bp,-2.2641509433962264
12084,833.518011737806,48,12,2,595331,595306,595354,595322,595334,221.88888888888889,12,115.0,25,23,1719.0,False,False,bp,-2.2641509433962264
12085,256.2130766685584,19,13,-7,595360,595354,595373,595358,595370,89.25,12,1370.0,6,13,1230.0,False,False,bp,-2.2641509433962264
12086,1020.9056481328548,67,-1,15,595414,595373,595440,595395,595422,126.2105263157895,27,-270.0,41,26,2607.0,False,False,bp,-2.2641509433962264
12087,864.7326055998923,34,3,4,595459,595440,595474,595448,595465,148.4090909090909,17,-145.0,19,15,2561.0,True,False,bp,-2.2641509433962264
12088,285.3688535855362,49,8,-1,595498,595474,595523,595485,595509,55.30769230769231,24,1006.0,24,25,1224.0,True,True,bp,-2.2641509433962264
12089,209.5618975969136,63,2,15,595562,595523,595586,595541,595570,58.842261904761905,29,-47.0,39,24,1033.0,False,False,bp,-2.2641509433962264
12090,779.549198715133,37,13,19,595614,595586,595623,595601,595619,199.9076923076923,18,-1812.0,28,9,2886.0,False,False,bp,-2.2641509433962264
12091,315.32918871378683,100,-38,48,595697,595623,595723,595650,595711,65.6854103343465,61,-2807.0,74,26,3451.0,True,False,bp,-2.2641509433962264
12092,696.8915791809696,66,-13,8,595760,595723,595789,595734,595773,54.846153846153854,39,-2348.0,37,29,2186.0,True,True,bp,-2.2641509433962264
12093,228.09335586651574,31,20,7,595808,595789,595820,595799,595812,147.38888888888889,13,-1889.0,19,12,786.0,False,False,bp,-2.2641509433962264
12094,280.8858836870475,53,7,5,595849,595820,595873,595845,595859,261.375,14,-3766.0,29,24,1262.0,False,False,bp,-2.2641509433962264
12095,198.04021701559924,38,4,12,595898,595873,595911,595880,595903,85.33333333333333,23,-3740.0,25,13,1775.0,True,True,bp,-2.2641509433962264
12096,310.59542242130465,47,31,5,595937,595911,595958,595930,595946,96.05555555555556,16,-2893.0,26,21,1888.0,False,False,bp,-2.2641509433962264
12097,782.5276927774568,82,-10,34,596016,595958,596040,595993,596029,105.16722408026756,36,-5103.0,58,24,3500.0,False,False,bp,-2.2641509433962264
12098,762.6972276438155,61,11,7,596074,596040,596101,596055,596077,254.55263157894737,22,-4308.0,34,27,2591.0,False,False,bp,-2.2641509433962264
12099,742.1752690119882,37,3,-9,596115,596101,596138,596110,596124,105.5,14,-2946.0,14,23,3522.0,False,False,bp,-2.2641509433962264
12100,1451.0375664833655,41,-6,-17,597884,597872,597913,597879,597901,179.43529411764706,22,561.0,12,29,2839.0,True,False,bp,-5.109090909090909
12101,434.0953756607061,26,5,-2,597925,597913,597939,597917,597932,118.45535714285714,15,1644.0,12,14,1136.0,True,False,bp,-5.109090909090909
12102,762.3645691433506,50,19,-8,597960,597939,597989,597952,597971,126.125,19,897.0,21,29,2571.0,True,False,bp,-5.109090909090909
12103,830.0589404071602,67,15,9,598027,597989,598056,598009,598036,109.13888888888887,27,1051.0,38,29,2920.0,True,True,bp,-5.109090909090909
12104,523.0981157368083,85,11,-3,598097,598056,598141,598078,598110,91.30364372469634,32,472.0,41,44,1620.0,False,False,bp,-5.109090909090909
12105,932.6059355573793,65,-24,-13,598167,598141,598206,598153,598195,81.14285714285714,42,-197.0,26,39,3038.0,True,True,bp,-5.109090909090909
12106,1167.7282192144378,50,2,0,598231,598206,598256,598213,598236,123.54444444444445,23,-798.0,25,25,1525.0,False,False,bp,-5.109090909090909
12107,418.87529970321,33,7,-15,598265,598256,598289,598261,598274,214.38888888888889,13,-1171.0,9,24,2342.0,True,True,bp,-5.109090909090909
12108,731.5844830961831,34,7,-16,598298,598289,598323,598294,598314,188.71875,20,-873.0,9,25,3113.0,True,False,bp,-5.109090909090909
12109,476.9089448813672,67,-16,17,598365,598323,598390,598341,598380,60.06666666666666,39,-459.0,42,25,2047.0,True,False,bp,-5.109090909090909
12110,490.1065381001834,49,-14,1,598415,598390,598439,598403,598434,40.125,31,492.0,25,24,2356.0,False,False,bp,-5.109090909090909
12111,1192.9997170330812,79,-8,5,598481,598439,598518,598451,598493,102.74166666666667,42,-914.0,42,37,3758.0,True,True,bp,-5.109090909090909
12112,1044.2060648601664,54,-14,4,598547,598518,598572,598527,598564,60.81323529411765,37,424.0,29,25,2487.0,True,True,bp,-5.109090909090909
12113,1190.6254218898562,69,-13,-19,598597,598572,598641,598587,598632,108.58571428571429,45,-61.0,25,44,4465.0,True,True,bp,-5.109090909090909
12114,2623.3139462984227,77,11,1,598680,598641,598718,598664,598698,165.30555555555554,34,-1982.0,39,38,4403.0,True,True,bp,-5.109090909090909
12115,2281.0153681645043,72,21,20,598764,598718,598790,598743,598773,234.77777777777774,30,-3120.0,46,26,5970.0,True,True,bp,-5.109090909090909
12116,2334.113884097107,82,41,6,598834,598790,598872,598824,598848,240.73571428571427,24,-2883.0,44,38,5492.0,True,True,bp,-5.109090909090909
12117,2079.8594343959835,83,5,35,598931,598872,598955,598913,598938,201.28968253968253,25,-2974.0,59,24,3884.0,False,False,bp,-5.109090909090909
12118,369.98542668547964,51,-4,1,598981,598955,599006,598968,598993,52.419871794871796,25,-457.0,26,25,1452.0,False,False,bp,-5.109090909090909
12119,258.446679948348,50,-21,34,599048,599006,599056,599014,599052,99.16176470588236,38,-1391.0,42,8,1487.0,True,False,bp,-5.109090909090909
12120,300.9887729783989,67,0,-17,599081,599056,599123,599069,599104,24.68659420289855,35,-756.0,25,42,2620.0,False,False,bp,-5.109090909090909
12121,1227.0141891906485,83,-4,-33,599148,599123,599206,599139,599177,152.35823754789268,38,-1960.0,25,58,5369.0,True,True,bp,-5.109090909090909
12122,1422.4926376124874,50,15,0,599231,599206,599256,599211,599241,104.925,30,179.0,25,25,2387.0,True,True,bp,-5.109090909090909
12123,2028.084434847697,66,20,20,599299,599256,599322,599286,599311,180.2724358974359,25,-1555.0,43,23,5177.0,True,True,bp,-5.109090909090909
12124,1926.3550712739886,101,12,-17,599364,599322,599423,599356,599392,275.48214285714283,36,-3027.0,42,59,5868.0,True,True,bp,-5.109090909090909
12125,1093.2202033947142,83,3,-33,599448,599423,599506,599440,599483,158.16964285714286,43,-1319.0,25,58,3127.0,True,True,bp,-5.109090909090909
12126,2092.9492132199184,83,20,-11,599542,599506,599589,599529,599558,179.02403846153842,29,-2518.0,36,47,5350.0,True,True,bp,-5.109090909090909
12127,1524.2655574911419,82,8,-24,599618,599589,599671,599607,599642,121.10227272727272,35,-965.0,29,53,3081.0,True,True,bp,-5.109090909090909
12128,872.9775846251551,67,9,17,599713,599671,599738,599685,599718,154.59285714285713,33,-1435.0,42,25,2779.0,True,True,bp,-5.109090909090909
12129,520.9512798477165,100,-22,18,599797,599738,599838,599760,599812,57.30720720720721,52,-1432.0,59,41,1631.0,True,False,bp,-5.109090909090909
12130,332.38586250486753,35,-7,17,599864,599838,599873,599842,599867,96.33333333333331,25,-1397.0,26,9,1229.0,True,False,bp,-5.109090909090909
12131,307.80741250062283,47,-17,1,599897,599873,599920,599885,599914,45.68137254901961,29,-1680.0,24,23,1705.0,True,True,bp,-5.109090909090909
12132,386.78153349927817,37,23,-17,599930,599920,599957,599926,599937,196.03571428571428,11,-1705.0,10,27,2680.0,True,False,bp,-5.109090909090909
12133,418.6801006806529,66,-14,16,599998,599957,600023,599971,600005,68.07671957671958,34,-1693.0,41,25,1111.0,False,False,bp,-5.109090909090909
12134,281.73323002735987,33,3,-17,600031,600023,600056,600025,600042,75.03787878787878,17,-1301.0,8,25,1232.0,True,False,bp,-5.109090909090909
12135,477.111641701963,78,-40,-28,600081,600056,600134,600062,600121,56.188815789473686,59,-2186.0,25,53,3413.0,False,False,bp,-5.109090909090909
12136,264.2447203324658,38,-2,-10,600148,600134,600172,600140,600161,48.47596153846154,21,-263.0,14,24,88.0,False,False,bp,-5.109090909090909
12137,447.05881102845854,50,-11,2,600198,600172,600222,600180,600209,9.174242424242426,29,-2664.0,26,24,887.0,False,False,bp,-5.109090909090909
12138,600.9481850772758,67,7,-41,600235,600222,600289,600227,600258,105.74456521739133,31,-3890.0,13,54,3270.0,False,False,bp,-5.109090909090909
12139,787.9166745115725,33,3,-3,600304,600289,600322,600296,600314,136.0625,18,-2492.0,15,18,2735.0,True,False,bp,-5.109090909090909
12140,1173.5383219153612,47,25,3,600347,600322,600369,600335,600353,168.75,18,-3085.0,25,22,2715.0,False,False,bp,-5.109090909090909
12141,295.3157104431613,71,-5,19,600414,600369,600440,600396,600425,74.27777777777777,29,-1448.0,45,26,1896.0,False,False,bp,-5.109090909090909
12142,75.3032618750729,34,-6,4,600459,600440,600474,600449,600467,22.15,18,-188.0,19,15,809.0,False,False,bp,-5.109090909090909
12143,634.7978400023571,44,-3,-28,600482,600474,600518,600479,600504,112.53787878787878,25,-442.0,8,36,1954.0,True,False,bp,-5.109090909090909
12144,790.6558485945633,38,-7,20,600547,600518,600556,600526,600550,156.54761904761904,24,-1644.0,29,9,1699.0,True,False,bp,-5.109090909090909
12145,203.77027784773892,33,3,15,600580,600556,600589,600567,600583,103.8846153846154,16,-1808.0,24,9,1031.0,True,True,bp,-5.109090909090909
12146,85.40111397902749,50,5,0,600614,600589,600639,600602,600625,73.3030303030303,23,-2126.0,25,25,978.0,True,True,bp,-5.109090909090909
12147,3350.672238057974,80,8,-10,597824,597789,597869,597814,597841,323.2323529411765,27,-3911.0,35,45,7369.0,True,False,bp,-5.109090909090909
12148,2102.2215087787063,40,-7,-2,597888,597869,597909,597876,597902,160.81547619047618,26,-1024.0,19,21,3457.0,True,False,bp,-5.109090909090909
12149,1012.9792737797447,46,17,-8,597928,597909,597955,597921,597934,248.13095238095238,13,-17.0,19,27,3970.0,True,True,bp,-5.109090909090909
12150,794.4080141391258,34,17,16,597980,597955,597989,597964,597983,120.69791666666669,19,964.0,25,9,1601.0,False,False,bp,-5.109090909090909
12151,2300.3263984441833,68,18,16,598031,597989,598057,598019,598037,386.91666666666674,18,-5059.0,42,26,6603.0,False,False,bp,-5.109090909090909
12152,2569.454104737281,66,6,-10,598085,598057,598123,598073,598103,201.16666666666663,30,-3407.0,28,38,6550.0,True,True,bp,-5.109090909090909
12153,2207.303241871121,78,8,-6,598159,598123,598201,598139,598171,165.88333333333333,32,-1672.0,36,42,5586.0,True,True,bp,-5.109090909090909
12154,2762.933667963192,57,7,-9,598225,598201,598258,598211,598239,206.89285714285717,28,-2312.0,24,33,4711.0,True,True,bp,-5.109090909090909
12155,2653.194382362867,64,10,-16,598282,598258,598322,598274,598302,255.7875,28,-3672.0,24,40,5479.0,True,True,bp,-5.109090909090909
12156,2658.8003530909828,68,9,-16,598348,598322,598390,598340,598369,261.57142857142856,29,-3910.0,26,42,6744.0,True,True,bp,-5.109090909090909
12157,1858.7546844464819,49,9,5,598417,598390,598439,598407,598432,175.91666666666663,25,-1826.0,27,22,2604.0,False,False,bp,-5.109090909090909
12158,2942.471909846165,67,16,7,598476,598439,598506,598466,598489,301.41153846153844,23,-5651.0,37,30,7451.0,False,False,bp,-5.109090909090909
12159,1710.1267972201115,66,-4,16,598547,598506,598572,598528,598560,118.31174089068828,32,-1935.0,41,25,4150.0,True,True,bp,-5.109090909090909
12160,1742.0129445167997,52,24,0,598598,598572,598624,598588,598615,168.20294117647057,27,-2039.0,26,26,4329.0,True,True,bp,-5.109090909090909
12161,2895.235660288219,84,14,28,598680,598624,598708,598666,598691,239.6136363636364,25,-2668.0,56,28,6912.0,True,True,bp,-5.109090909090909
12162,4754.905241124774,71,4,9,598748,598708,598779,598730,598760,392.23611111111114,30,-6644.0,40,31,11526.0,True,True,bp,-5.109090909090909
12163,2261.563587667842,50,-6,20,598814,598779,598829,598794,598820,153.05,26,-910.0,35,15,2465.0,False,False,bp,-5.109090909090909
12164,612.1702698874986,44,-1,-6,598848,598829,598873,598840,598868,67.675,28,344.0,19,25,1982.0,False,False,bp,-5.109090909090909
12165,4217.53305362027,66,11,-4,598904,598873,598939,598895,598918,374.7380952380952,23,-4903.0,31,35,9795.0,False,False,bp,-5.109090909090909
12166,2689.5779124079213,45,16,5,598964,598939,598984,598952,598969,314.93333333333334,17,-1595.0,25,20,4117.0,True,True,bp,-5.109090909090909
12167,501.12590775642036,54,-16,30,599026,598984,599038,599002,599035,86.90277777777777,33,-1368.0,42,12,1131.0,False,False,bp,-5.109090909090909
12168,1353.6750970117928,71,-12,5,599076,599038,599109,599052,599091,137.275,39,-3510.0,38,33,6720.0,False,False,bp,-5.109090909090909
12169,1619.7130317859705,51,-16,-13,599128,599109,599160,599118,599151,121.57173913043478,33,-90.0,19,32,3116.0,False,False,bp,-5.109090909090909
12170,1002.3038882179352,47,-11,1,599184,599160,599207,599168,599197,103.76442307692308,29,-406.0,24,23,2670.0,True,True,bp,-5.109090909090909
12171,2449.526681646713,51,7,-3,599231,599207,599258,599215,599245,197.97767857142856,30,-2555.0,24,27,6838.0,True,True,bp,-5.109090909090909
12172,4681.247515218653,65,12,13,599297,599258,599323,599282,599307,393.9333333333333,25,-4837.0,39,26,9989.0,True,True,bp,-5.109090909090909
12173,2073.1041661394966,72,-4,10,599364,599323,599395,599344,599377,153.12884615384615,33,-1382.0,41,31,3232.0,False,False,bp,-5.109090909090909
12174,1143.552337886575,40,-2,6,599418,599395,599435,599406,599425,156.16666666666669,19,-1573.0,23,17,2409.0,False,False,bp,-5.109090909090909
12175,990.2876014704034,38,1,-14,599447,599435,599473,599442,599466,116.9157894736842,24,-356.0,12,26,4198.0,False,False,bp,-5.109090909090909
12176,1360.8130655079253,46,12,4,599498,599473,599519,599491,599503,260.1714285714286,12,-599.0,25,21,2333.0,True,True,bp,-5.109090909090909
12177,1101.0442622580658,69,-3,-13,599547,599519,599588,599527,599563,97.2875,36,-1381.0,28,41,3737.0,True,True,bp,-5.109090909090909
12178,1892.6085865386965,52,5,-8,599610,599588,599640,599596,599619,158.05158730158732,23,-1666.0,22,30,3148.0,True,False,bp,-5.109090909090909
12179,455.405493472006,31,3,5,599658,599640,599671,599647,599665,116.53896103896105,18,-657.0,18,13,1896.0,True,False,bp,-5.109090909090909
12180,713.5419058020681,51,-4,37,599715,599671,599722,599686,599718,193.44252873563218,32,-2209.0,44,7,1917.0,True,True,bp,-5.109090909090909
12181,359.3813633669597,83,-43,43,599785,599722,599805,599746,599799,46.75366300366301,53,-2732.0,63,20,1855.0,True,True,bp,-5.109090909090909
12182,1070.4892131660629,51,-11,1,599831,599805,599856,599809,599841,162.62272727272727,32,-3186.0,26,25,3537.0,True,True,bp,-5.109090909090909
12183,934.276627125334,51,-9,9,599886,599856,599907,599862,599896,81.46666666666667,34,-3225.0,30,21,1774.0,False,False,bp,-5.109090909090909
12184,720.6619081803864,50,3,-12,599926,599907,599957,599921,599943,167.25294117647059,22,-3829.0,19,31,2758.0,True,True,bp,-5.109090909090909
12185,786.3238924754918,49,-17,11,599987,599957,600006,599968,600000,82.67611336032388,32,-3668.0,30,19,2050.0,True,True,bp,-5.109090909090909
12186,259.58283032774744,34,-6,16,600031,600006,600040,600015,600036,80.3875,21,-2885.0,25,9,1672.0,True,True,bp,-5.109090909090909
12187,616.936759510584,52,-11,8,600070,600040,600092,600051,600079,119.93274853801172,28,-3964.0,30,22,2138.0,True,False,bp,-5.109090909090909
12188,235.79724101541981,25,19,-9,600100,600092,600117,600096,600102,339.75,6,-4392.0,8,17,1701.0,False,False,bp,-5.109090909090909
12189,439.9147779393859,38,4,-6,600133,600117,600155,600127,600143,106.38333333333333,16,-3461.0,16,22,2358.0,False,False,bp,-5.109090909090909
12190,815.5027155335159,67,-21,21,600199,600155,600222,600163,600207,117.49305555555556,44,-5011.0,44,23,3033.0,True,True,bp,-5.109090909090909
12191,420.2014320626902,79,-7,-43,600240,600222,600301,600230,600275,63.8,45,-3746.0,18,61,2293.0,False,False,bp,-5.109090909090909
12192,373.9137789222404,70,-22,-10,600331,600301,600371,600313,600358,56.68518518518518,45,-2297.0,30,40,4025.0,False,False,bp,-5.109090909090909
12193,497.0311643048299,34,-4,10,600393,600371,600405,600381,600401,67.6875,20,-636.0,22,12,1558.0,True,False,bp,-5.109090909090909
12194,335.840180769715,35,9,7,600426,600405,600440,600417,600434,108.36805555555556,17,-890.0,21,14,2177.0,True,False,bp,-5.109090909090909
12195,1386.4148085470374,67,8,1,600474,600440,600507,600460,600488,127.82142857142858,28,-1603.0,34,33,4417.0,True,False,bp,-5.109090909090909
12196,469.95278438894996,35,12,13,600531,600507,600542,600524,600536,177.35714285714286,12,-346.0,24,11,1575.0,False,False,bp,-5.109090909090909
12197,561.8759512308184,68,-30,32,600592,600542,600610,600560,600601,99.02430555555556,41,-3394.0,50,18,2441.0,False,False,bp,-5.109090909090909
12198,1233.6578990225544,83,8,-1,602780,602739,602822,602755,602790,158.06,35,-3092.0,41,42,4526.0,False,False,bp,1.7692307692307692
12199,667.9003749578793,67,-14,15,602863,602822,602889,602833,602875,84.86666666666666,42,-1055.0,41,26,1993.0,True,True,bp,1.7692307692307692
12200,498.02482821591286,49,0,1,602914,602889,602938,602903,602924,63.0,21,-81.0,25,24,2065.0,False,False,bp,1.7692307692307692
12201,471.7176798439468,52,-2,-2,602963,602938,602990,602945,602975,74.625,30,74.0,25,27,1859.0,False,False,bp,1.7692307692307692
12202,360.18231017580774,49,18,1,603015,602990,603039,603003,603024,104.72222222222223,21,1211.0,25,24,2332.0,False,False,bp,1.7692307692307692
12203,1373.7073366461552,67,7,15,603080,603039,603106,603063,603088,193.6029411764706,25,-1050.0,41,26,4052.0,True,True,bp,1.7692307692307692
12204,1513.907765771466,67,25,-17,603131,603106,603173,603120,603149,138.71969696969697,29,-1130.0,25,42,3483.0,True,True,bp,1.7692307692307692
12205,1279.6893748984348,84,7,-2,603214,603173,603257,603203,603237,146.33399209486166,34,-2040.0,41,43,4034.0,True,True,bp,1.7692307692307692
12206,685.8171749689301,115,1,-35,603297,603257,603372,603278,603334,67.49075391180655,56,-885.0,40,75,4007.0,True,False,bp,1.7692307692307692
12207,2300.723710756535,67,5,-9,603401,603372,603439,603391,603421,225.75,30,-2476.0,29,38,6019.0,True,False,bp,1.7692307692307692
12208,1189.7760919602588,66,-4,18,603481,603439,603505,603456,603493,83.035,37,314.0,42,24,3259.0,True,True,bp,1.7692307692307692
12209,1081.647896434548,68,17,-12,603533,603505,603573,603526,603547,164.5,21,315.0,28,40,1578.0,False,False,bp,1.7692307692307692
12210,661.3310085333147,82,25,-32,603598,603573,603655,603585,603611,77.65384615384616,26,-488.0,25,57,1823.0,True,True,bp,1.7692307692307692
12211,1835.0661647667441,51,7,-1,603680,603655,603706,603662,603686,217.88888888888889,24,-2293.0,25,26,4455.0,True,True,bp,1.7692307692307692
12212,1220.2274011371314,39,11,9,603730,603706,603745,603717,603736,141.58333333333331,19,-1314.0,24,15,2024.0,True,True,bp,1.7692307692307692
12213,450.9560965847458,46,3,24,603780,603745,603791,603766,603786,65.30952380952381,20,-984.0,35,11,1314.0,True,True,bp,1.7692307692307692
12214,399.3300627590916,65,16,-11,603818,603791,603856,603809,603831,72.8162393162393,22,-1397.0,27,38,1327.0,True,True,bp,1.7692307692307692
12215,619.6587501608993,50,10,0,603881,603856,603906,603869,603889,144.66666666666666,20,-2149.0,25,25,2701.0,True,True,bp,1.7692307692307692
12216,897.5736317108885,49,6,1,603931,603906,603955,603919,603936,147.69166666666666,17,-1908.0,25,24,2220.0,True,True,bp,1.7692307692307692
12217,515.5649905924912,34,25,-16,603964,603955,603989,603959,603969,174.60000000000005,10,-1890.0,9,25,1234.0,True,True,bp,1.7692307692307692
12218,627.7992019138238,50,0,2,604015,603989,604039,604004,604027,90.3219696969697,23,-2482.0,26,24,2130.0,True,True,bp,1.7692307692307692
12219,469.8466277159532,67,-33,17,604081,604039,604106,604050,604096,70.01182795698925,46,-3823.0,42,25,2237.0,True,False,bp,1.7692307692307692
12220,208.0952401781173,33,19,-17,604114,604106,604139,604109,604125,128.1818181818182,16,-3091.0,8,25,1756.0,True,False,bp,1.7692307692307692
12221,203.9347157962613,66,-20,50,604197,604139,604205,604160,604203,69.9954954954955,43,-3090.0,58,8,1365.0,False,False,bp,1.7692307692307692
12222,500.23952501537553,83,-19,35,604264,604205,604288,604226,604270,105.22807017543859,44,-4894.0,59,24,2303.0,False,False,bp,1.7692307692307692
12223,245.0162302567918,33,-4,-15,604297,604288,604321,604295,604316,149.5921052631579,21,-3308.0,9,24,2729.0,False,False,bp,1.7692307692307692
12224,442.56579171676526,69,9,-15,604348,604321,604390,604333,604374,57.7448717948718,41,-2639.0,27,42,2726.0,True,True,bp,1.7692307692307692
12225,599.8388654622564,79,1,3,604431,604390,604469,604424,604454,113.38819875776396,30,-2361.0,41,38,2232.0,True,True,bp,1.7692307692307692
12226,551.7635054862375,86,9,4,604514,604469,604555,604485,604527,55.519893899204256,42,-2397.0,45,41,1807.0,True,True,bp,1.7692307692307692
12227,613.4901345382185,67,3,19,604598,604555,604622,604578,604604,112.6,26,-2360.0,43,24,2456.0,True,True,bp,1.7692307692307692
12228,911.176150231699,65,3,15,602780,602740,602805,602763,602793,91.15384615384615,30,127.0,40,25,3269.0,True,True,bp,1.7692307692307692
12229,567.3116381486988,83,-20,35,602864,602805,602888,602826,602870,128.25,44,333.0,59,24,2834.0,True,False,bp,1.7692307692307692
12230,1544.8713831996154,53,11,-27,602901,602888,602941,602894,602918,191.88655462184875,24,111.0,13,40,4846.0,True,False,bp,1.7692307692307692
12231,1818.1542166571335,64,3,-16,602965,602941,603005,602953,602981,164.04166666666669,28,-195.0,24,40,3575.0,True,False,bp,1.7692307692307692
12232,1090.3955185009675,36,-1,-6,603020,603005,603041,603012,603035,141.28333333333333,23,687.0,15,21,3038.0,True,False,bp,1.7692307692307692
12233,2736.526390841843,48,10,0,603065,603041,603089,603057,603079,288.3571428571429,22,-1855.0,24,24,5927.0,True,True,bp,1.7692307692307692
12234,2320.425036806581,67,7,15,603130,603089,603156,603111,603138,237.32236842105263,27,-1385.0,41,26,5416.0,True,True,bp,1.7692307692307692
12235,1054.5835483182357,63,15,-13,603181,603156,603219,603172,603191,200.27222222222224,19,124.0,25,38,2743.0,True,True,bp,1.7692307692307692
12236,1203.585523420281,53,18,-29,603231,603219,603272,603225,603249,144.25,24,928.0,12,41,4331.0,False,False,bp,1.7692307692307692
12237,2375.878543585886,67,-2,-15,603298,603272,603339,603291,603321,242.79192546583846,30,-11.0,26,41,5455.0,True,True,bp,1.7692307692307692
12238,2213.782410613283,99,41,-47,603365,603339,603438,603349,603384,196.9111842105263,35,-1712.0,26,73,5990.0,True,True,bp,1.7692307692307692
12239,2476.895050496469,66,11,-2,603470,603438,603504,603460,603485,234.9333333333333,25,-1685.0,32,34,5178.0,True,True,bp,1.7692307692307692
12240,1935.3847730737396,55,-1,3,603533,603504,603559,603521,603548,166.2,27,-986.0,29,26,4074.0,True,True,bp,1.7692307692307692
12241,779.9193620991049,81,-22,1,603600,603559,603640,603574,603629,67.06631299734748,55,-966.0,41,40,2889.0,True,True,bp,1.7692307692307692
12242,1740.8237724326145,69,0,3,603676,603640,603709,603662,603692,167.3125,30,-2918.0,36,33,4084.0,True,True,bp,1.7692307692307692
12243,1484.0950327766075,47,23,-3,603731,603709,603756,603722,603737,229.25,15,-3303.0,22,25,3152.0,True,True,bp,1.7692307692307692
12244,1277.9598990701045,48,10,2,603781,603756,603804,603775,603790,309.72222222222223,15,-4153.0,25,23,4081.0,True,True,bp,1.7692307692307692
12245,998.5302060732007,53,-22,9,603835,603804,603857,603815,603850,79.54166666666667,35,-3339.0,31,22,2743.0,True,True,bp,1.7692307692307692
12246,717.0896518435512,48,-5,-8,603877,603857,603905,603863,603892,102.29523809523808,29,-3242.0,20,28,1948.0,True,True,bp,1.7692307692307692
12247,711.7432119978505,39,10,-9,603920,603905,603944,603916,603932,128.16666666666666,16,-2891.0,15,24,1600.0,True,True,bp,1.7692307692307692
12248,808.2991540619449,61,-19,13,603981,603944,604005,603958,603998,57.24296675191815,40,-4102.0,37,24,2142.0,True,True,bp,1.7692307692307692
12249,279.2663415024202,39,5,13,604031,604005,604044,604019,604036,100.225,17,-4286.0,26,13,1216.0,False,False,bp,1.7692307692307692
12250,612.2393079618306,48,2,26,604081,604044,604092,604058,604088,77.6366459627329,30,-5866.0,37,11,1631.0,False,False,bp,1.7692307692307692
12251,541.5583919982054,63,7,19,604133,604092,604155,604120,604137,164.0769230769231,17,-5763.0,41,22,2586.0,True,True,bp,1.7692307692307692
12252,273.76448032834486,67,1,-47,604165,604155,604222,604161,604195,160.85,34,-5131.0,10,57,2395.0,False,False,bp,1.7692307692307692
12253,431.12253821366835,55,-20,-11,604244,604222,604277,604230,604267,45.15527950310559,37,-3722.0,22,33,2555.0,False,False,bp,1.7692307692307692
12254,675.8096924291857,59,33,-19,604297,604277,604336,604284,604304,150.0879120879121,20,-3164.0,20,39,2512.0,True,True,bp,1.7692307692307692
12255,1058.6337773882312,58,5,-2,604364,604336,604394,604357,604375,253.32467532467533,18,-3035.0,28,30,3905.0,False,False,bp,1.7692307692307692
12256,354.93079725109527,29,-12,-1,604408,604394,604423,604398,604419,77.61818181818181,21,-1012.0,14,15,1680.0,False,False,bp,1.7692307692307692
12257,898.3488818808505,50,18,-2,604447,604423,604473,604428,604454,141.37593984962402,26,-1962.0,24,26,3076.0,True,False,bp,1.7692307692307692
12258,388.6293514834449,65,-19,29,604520,604473,604538,604498,604530,11.763636363636365,32,-1926.0,47,18,718.0,False,False,bp,1.7692307692307692
12259,210.38147920931843,32,4,-14,604547,604538,604570,604543,604557,127.5,14,-2812.0,9,23,1377.0,False,False,bp,1.7692307692307692
12260,415.1194596639047,75,-39,-41,604587,604570,604645,604575,604633,66.01449275362319,58,-3401.0,17,58,3138.0,True,False,bp,1.7692307692307692
